2.4595649115865504e-05
9.990267840433376e-05
3.128997209877007e-05
2.641040437898948e-05
1.737769672666816e-05
0.00308547754179196
2.7841523268431372e-05
3.512248014979013e-05
2.568844110403384e-05
0.0
2.7506200214853147e-05
2.3013934035153825e-05
1.9571779079851738e-05
0.00019209563037927489
0.00016296564208077857
0.0
2.1714329523380942e-05
0.00018472565909170103
2.6629744220585046e-05
0.00010117436529311481
2.244561738816143e-05
1.7563849624676943e-05
9.032285631445693e-05
1.9105781322437573e-05
0.0
0.0
9.751793551640987e-05
3.356545752885925e-05
0.0037887321883530753
0.00026079136951939654
5.8626430460991014e-05
0.0
7.629696956447533e-05
0.0
2.3678190922564263e-05
0.0
0.0
6.14146475737248e-05
9.1368195476127e-05
0.0002660763975451136
1.8384823235909718e-05
0.0
2.468039033595682e-05
2.1348210049610358e-05
5.1095534083533995e-05
0.0
0.0
0.0
0.00019645475876503443
2.5377415453077852e-05
0.00010947297369154568
2.4008688479813512e-05
2.280666379244344e-05
3.0060033256836826e-05
0.00018865173951894274
0.00010685712388363607
4.2912645652609426e-05
0.0
1.7007757504799818e-05
1.4519393460804652e-05
0.0
8.156762191697606e-05
6.590220471595223e-05
0.0
0.0
0.0
2.1778513295603742e-05
8.599368462738107e-05
7.551356721330097e-05
2.5472053090617253e-05
9.891236268734828e-05
4.022914491809998e-05
0.0
0.0
2.222586135533686e-05
1.3888285453527059e-05
1.5530438805982827e-05
5.877702318226864e-05
0.0
1.2863355556046145e-05
6.860270172757654e-05
3.3739251713743114e-05
0.0
0.0
2.5408271225092862e-05
5.235851369228479e-05
5.72712744522014e-05
0.0
1.9305253265427208e-05
0.0
0.000123789471393408
3.378874386572648e-05
2.4086596598329125e-05
5.961051149150634e-05
5.542556546464808e-05
0.0
2.18788442531904e-05
0.0
0.0
2.8900978620951796e-05
0.00010210714508446719
0.0
0.0
0.0
0.0
2.0608364961029205e-05
2.2251593083224087e-05
2.507589307381161e-05
6.844422096968077e-05
0.00020550298607040796
0.0
1.894954616362311e-05
4.28873124468982e-05
0.0
0.0
2.006720902217825e-05
2.136264005909862e-05
2.741735723773017e-05
2.7957806653737787e-05
2.022935842017535e-05
2.1334166523836037e-05
2.109227487206732e-05
1.9569580641234463e-05
0.00016220123918378682
7.04712330433617e-05
2.192439217274229e-05
0.0
0.0
2.2472965611573195e-05
7.446582255497494e-05
0.0002693120786920973
3.1311054587448e-05
2.1387397868040956e-05
2.5283266992939024e-05
1.7692965980970573e-05
0.0
3.2935136902699865e-05
2.0176840590529076e-05
2.2549394784301282e-05
0.0
0.00010360798536231979
4.874477232001875e-05
2.815043685582257e-05
0.0
2.8816435154428255e-05
1.7331364733246427e-05
0.0
2.1889474576245347e-05
2.5075350099822494e-05
0.00014923332788227992
8.88845041356139e-05
0.00012129343442735102
2.8082003964729058e-05
0.0
2.1752992305636025e-05
3.103547055686999e-05
0.0
0.0
2.3633894122520417e-05
4.7589899285404845e-05
0.0
0.0
0.0
0.0006170711355114113
0.0
1.924002938110373e-05
2.1363724661871026e-05
2.72635905781401e-05
1.6033583672642482e-05
0.0
2.2778508671259557e-05
2.6573015844005572e-05
2.768172504047125e-05
2.8236538199601576e-05
2.6302009741898867e-05
0.0
9.509007048273265e-05
3.0576667053230055e-05
0.00013672537140577037
2.6467092496782724e-05
0.00019215776202699124
2.6602483581256016e-05
0.0
2.2460632721617245e-05
1.832375112881968e-05
1.966078959056008e-05
1.936643843471434e-05
4.53580033224052e-05
1.5133767157752546e-05
3.911874054854358e-05
0.0
2.7365597790245473e-05
0.0
3.7499582719891045e-05
2.049576253068775e-05
0.00014388724868318688
0.00011598710881679128
0.0
6.03781013389647e-05
0.0
2.019180314697451e-05
3.093048051139637e-05
1.7169083826661556e-05
2.9321260869054764e-05
7.088889531550337e-05
3.440538770468891e-05
2.995363838932625e-05
0.0
2.1024413900707064e-05
0.0
0.0
3.246265280733737e-05
2.815706946880528e-05
0.0
2.4887266283092748e-05
6.275580636872522e-05
0.0
0.0
2.7406769321707916e-05
2.5960854271999493e-05
4.8600246211884176e-05
0.0002952935203637822
0.00017247426662686925
0.00036155767641557127
0.0
2.1540507290511858e-05
9.166158571300437e-05
0.0
2.5358136698821198e-05
2.463309335145511e-05
0.0
1.6049126782016355e-05
1.877446711233817e-05
1.7375850530831412e-05
0.0
2.3939511624542786e-05
2.4886105029252465e-05
0.0
0.0
8.609706792363956e-05
0.0
0.0
6.629756998671067e-05
0.0
2.8288492077496464e-05
0.0
0.0
2.9377388089509324e-05
9.6219908912388e-05
0.0003389381621533749
1.8645092983615425e-05
0.00010512370282773197
7.62307703331444e-05
0.0001961598829557176
0.0
2.6792194930606287e-05
5.8520994063969874e-05
2.332099201334237e-05
2.4737359720841914e-05
2.3202243961015336e-05
2.1513189460408596e-05
2.1307062124450435e-05
2.023753213774149e-05
2.5535911031876944e-05
3.2569243782985124e-05
2.512939019549363e-05
1.4103258350927591e-05
6.259934331683743e-05
0.0
2.5816655590128308e-05
3.026382886229684e-05
0.0001858475617242328
4.387703322208273e-05
0.003856520511324514
3.8826794236710116e-05
0.00012389119173524026
6.635290836584458e-05
9.815025250812467e-05
3.1419903656821435e-05
2.0481908369606438e-05
0.00014997217275985417
5.127935098033954e-05
5.226672491884469e-05
0.0
2.341670222910887e-05
2.6204472034921745e-05
0.0
1.5268992070685246e-05
4.0314229999536087e-05
3.909430597680915e-05
0.0001590895201897404
0.0
0.0
0.0
5.538553970824281e-05
0.0
0.0
1.8873889854822132e-05
0.0
0.0004113044259797792
2.651009904243028e-05
0.0
2.1350384587712358e-05
0.0
0.0
2.5041181901119814e-05
3.238182917040295e-05
0.0
0.0
3.707250972131975e-05
1.924928672016121e-05
2.7459738883119696e-05
3.413783489098183e-05
3.0068707134902744e-05
4.329694441924705e-05
2.626711537171748e-05
0.00010322240238629203
0.0
2.1927684194022966e-05
0.0
3.2184344962748574e-05
2.548905518977178e-05
0.0
0.0
2.980984410418946e-05
2.8648977653982382e-05
2.8062213326801946e-05
2.458381492324381e-05
6.68036825598685e-05
0.0
0.0005348755195508227
1.1824795793898537e-05
0.0
2.0765618286959986e-05
2.2148584477383022e-05
6.608618917230272e-05
2.1160843592739606e-05
1.7585679659700816e-05
0.0002493728085975408
6.634203071461992e-05
1.2658309122344993e-05
2.252691451733301e-05
3.576666955803814e-05
3.0284629077049092e-05
2.111152605127727e-05
2.9394872661860407e-05
0.0
0.0
0.00013906712554288285
2.7279952326099823e-05
1.8433276169131246e-05
9.200006254359388e-05
3.011907038882462e-05
0.0
2.023115885958615e-05
4.151632043051374e-05
6.532088908251805e-05
1.7024363848684033e-05
2.198466355441842e-05
2.7921634813760792e-05
2.1760894329980798e-05
0.0
0.0001183032035982675
0.0
6.127493305270764e-05
1.9452574576122466e-05
2.2248712972510608e-05
0.0
2.5679994736568184e-05
0.0001666813677455379
0.00010381608239413237
2.5538400393884455e-05
9.835886696001097e-05
2.5412625733446303e-05
0.0
0.0
2.208045834897671e-05
0.0
2.252439971450314e-05
0.0
2.40615991188246e-05
0.00015055140626933956
0.0
5.106413310182371e-05
2.512573916552161e-05
0.0
0.0
0.0
3.386452230747077e-05
1.891720404104558e-05
6.667606170184192e-05
1.295692582294108e-05
2.045263833628922e-05
0.0
2.2020162197035082e-05
0.00010378408814180201
0.0003597565545911663
0.00016939284586476013
6.55971394607232e-05
0.0
2.6545314647410795e-05
0.00010164560274848419
5.4498988782282064e-05
0.0
0.00012070059771440272
0.00016316707177172998
9.323066916834846e-05
6.041015344606427e-05
2.002924097716582e-05
1.535401184474589e-05
2.1234743322258943e-05
3.952340139663172e-05
1.648290980681959e-05
0.0
2.54845178641803e-05
2.4151048340245353e-05
2.1243192761420344e-05
0.00016545516551726573
2.9605088599199654e-05
2.404019523603809e-05
2.7297529995811974e-05
4.640408161545561e-05
2.0511977055814538e-05
2.1853894187657335e-05
7.221308100647733e-05
0.0
3.662985700117481e-05
0.0
2.9166712652755583e-05
0.0
2.6908097477334768e-05
2.2072433874311985e-05
6.582466996979631e-05
1.7516906634951155e-05
0.0
2.324873043750518e-05
9.415486255140437e-05
2.7323481813910132e-05
0.0
6.386116098313605e-05
0.0
2.0586558724614276e-05
0.00016188941411622218
0.0
4.474851223116864e-05
1.4509539627738786e-05
0.00013215820985314688
0.0
1.738841307954396e-05
1.8957617653690256e-05
0.00010565738767971185
6.220487147668466e-05
7.431983034048149e-05
0.0
2.5880092678245628e-05
2.233635497854146e-05
5.787597217046576e-05
0.00014961850710222958
0.00016101221548146113
4.954214039594939e-05
0.0
3.309870717329966e-05
0.0
2.8364536589251685e-05
2.544564214475373e-05
0.00010237031846979857
0.0002445873542152164
2.1881491218920706e-05
0.00014054460179660933
1.9550350254587616e-05
0.0
0.0
2.2781444868603202e-05
0.0
2.0161554808184104e-05
3.220781295951472e-05
5.629137277799892e-05
6.454504308582978e-05
0.0
4.4144690444830835e-05
2.157145843205013e-05
0.0
2.413556647100855e-05
3.514995358799066e-05
2.0878759324713575e-05
0.00010572075311103236
9.329634064373849e-05
0.0
2.5541797810446177e-05
2.2760511168839284e-05
7.252558644423568e-05
2.4633062248596156e-05
8.419351437172386e-05
1.7464462986517032e-05
0.00010102771488433517
2.1727131090877354e-05
0.00010683676506469582
0.0
0.00010934892676522891
0.0
0.0001361068490696916
2.2177473116889458e-05
1.4484584603153229e-05
0.0004659945750457021
0.00017882683080370023
2.6748276204067032e-05
0.0
4.4056782090279454e-05
2.5150606290337825e-05
2.5030704686106284e-05
2.3347028851936802e-05
5.6558496357005664e-05
2.043532044371191e-05
0.0001031380449189031
3.404278219607178e-05
2.3668075707598117e-05
2.657784122338199e-05
2.1764114382484997e-05
0.0
2.9035500556216718e-05
0.0
7.881963824314733e-05
8.835276940464978e-05
0.0
2.3467512966304867e-05
2.4370136390964138e-05
2.315696181537686e-05
2.565808907371e-05
0.0
2.3997577847286074e-05
2.4336575579795013e-05
0.0
0.0
0.0
0.0
2.373302572730657e-05
2.234941848527306e-05
2.0986620997173265e-05
2.942392373269487e-05
7.632102443459472e-05
2.602147419449334e-05
0.0
0.0
2.4556043746307202e-05
0.0
2.9730494232411888e-05
0.0
3.457476415660752e-05
1.7319846236837177e-05
6.294261594235099e-05
2.4321112413943642e-05
0.0
1.8613192182901323e-05
0.0
2.965477759027248e-05
2.1202523932787456e-05
0.0
2.7583213928702874e-05
0.0
0.0
6.25594619303424e-05
0.0
4.4627123846012586e-05
2.6312835741892834e-05
3.0375269303766644e-05
0.0
0.00010853129607294346
2.0383420158950158e-05
2.3942283078669323e-05
8.203429435072407e-05
2.6881037312307638e-05
0.0
8.979147950761816e-05
0.0
0.0
4.082034757558352e-05
3.786652673187536e-05
2.1308370298241963e-05
0.0
0.0
2.463367506317053e-05
0.0
2.183491916090586e-05
2.0501837409697435e-05
2.224973733942641e-05
2.129602387955267e-05
2.2443694027408363e-05
2.6454173648237223e-05
2.5645213378546846e-05
2.6102960777933068e-05
0.00012626196472909854
2.2519711150338605e-05
1.9538421949229346e-05
0.00014650348440201546
8.237025302151964e-05
2.183450383867138e-05
2.1660869066780985e-05
2.2092863994052438e-05
2.0930726102042758e-05
0.00014422728456074148
0.0
9.90786255091401e-05
3.076624026513813e-05
0.0
0.0
2.187400958605786e-05
0.0002814085275842363
0.0
0.00012753403210156368
1.824224219186633e-05
2.0137378470382442e-05
0.0
2.3265310351176532e-05
2.2881456579103528e-05
3.233023586917973e-05
3.4358064174424955e-05
2.3446580218774762e-05
1.7635080885212075e-05
0.0
5.189656805934656e-05
1.9574522951682337e-05
0.0
0.0
0.0
1.871248297577399e-05
0.0
0.0
2.35713056578224e-05
0.0
2.7766292874592286e-05
0.00016733683823481557
9.663620092704689e-05
2.236969558869922e-05
2.798666480619065e-05
2.686797531834669e-05
2.504620562199185e-05
9.67612425056072e-06
3.496863286524422e-05
2.456445717476094e-05
0.00012604675707363378
2.0217380052262308e-05
0.0
7.827052248734441e-05
2.409584475295536e-05
0.0
2.6435257308716557e-05
0.0
2.221388295059288e-05
0.00012608123583706323
2.752252155515931e-05
2.4109731455592878e-05
0.0
9.028198997414691e-05
2.1293092769706716e-05
2.681469049355958e-05
2.0220575565779797e-05
0.0
2.534890322168624e-05
2.3815141990664206e-05
1.9559467289211825e-05
1.7336465621150805e-05
0.0
0.003894847077199692
0.0
2.086657799190706e-05
0.0
1.7882405243267805e-05
2.5811198313500628e-05
3.124080768265635e-05
2.3201483765802106e-05
4.0842472709204936e-05
0.00010027548343306466
0.0
0.0
2.3674917650509827e-05
2.922977076537787e-05
0.0
7.991388701706596e-05
0.0
0.0002236417592266256
0.0
0.0
2.6846305115163668e-05
2.6513203723523184e-05
0.00013250732280611595
2.420735732954001e-05
0.0
2.7755775406664524e-05
0.0
0.0
1.214729872575169e-05
7.869567690034127e-05
4.331718769670937e-05
1.9613612671139567e-05
0.0
6.197203159355307e-05
2.8926690069987928e-05
0.0
2.3981752596689016e-05
2.3499713808634237e-05
1.627260939972617e-05
3.180841684967763e-05
0.0
2.8211610105281516e-05
0.0
0.0
2.5521124454430402e-05
0.0
2.897000741383358e-05
3.338737175882872e-05
3.3205699532697615e-05
0.0
0.0
3.218557278035586e-05
2.373997133463718e-05
2.512709882475942e-05
5.6264635188990194e-05
6.306545402550996e-05
0.0
7.962540057250309e-05
3.647448494196078e-05
2.0215086868064237e-05
1.6209392200631692e-05
3.2746641428314734e-05
2.5441838784493318e-05
2.1099810930319896e-05
7.483678757737948e-05
0.0
3.156294871761611e-05
0.0006116842418194654
2.5154108096619157e-05
0.00019893716923807
2.561155453386876e-05
1.7761898760686075e-05
0.0
4.964863745453429e-05
4.9503235734885575e-05
0.0
2.2115415221963797e-05
2.2108766581618563e-05
5.260151682289845e-05
1.857662823587108e-05
0.0
0.0007624104450492429
0.0001383478680519651
2.0329936510786985e-05
0.0001076142554557895
0.0003611725037997828
8.821702326926371e-05
0.0
2.2865019004730036e-05
2.750075079614338e-05
7.986164143991613e-05
0.0
0.000140716712356292
1.710378028566068e-05
2.2466467514154104e-05
0.0
0.0
2.015827234372421e-05
0.00010834091876236455
0.0
2.5349515472772825e-05
0.0
2.40604457342389e-05
1.5011210646947756e-05
0.0
1.7034338403729687e-05
2.48810198778644e-05
2.1782791775014343e-05
8.441872145640412e-05
0.0
0.0001449749664636373
2.1749731968511022e-05
0.0
2.7456669844195495e-05
6.456073480732967e-05
2.8855629474831635e-05
2.1577437298518682e-05
9.49065569397361e-05
0.0005003918086807373
0.0
0.0
2.4846353341057238e-05
1.6324803301114438e-05
0.00016137338189938535
0.0
3.0298310238277627e-05
1.713543871822446e-05
2.161283783109627e-05
0.00016034089278316323
8.912512927890805e-05
0.0001964224813067473
2.2297464959507155e-05
3.788945691718721e-05
1.9459062917701327e-05
0.0
0.00013373119195740407
5.969291393352552e-05
3.182684516613572e-05
9.724702011534834e-05
2.531594805642052e-05
2.664019992484329e-05
0.00017516843808200257
0.0
2.5371473919891335e-05
1.841573089260466e-05
0.0
0.0
0.0
2.6357805417804277e-05
2.1851381871997536e-05
0.0002098788347898025
3.187748950987175e-05
0.0
2.1549272516764546e-05
0.0
7.142175019041914e-05
2.7291421335398117e-05
2.101185085266924e-05
0.00014369011157803818
0.003700876628563865
5.2070497456953764e-05
2.8962131542596533e-05
0.00010190742555100092
0.0
1.4935404804656064e-05
2.5640391806143358e-05
0.0
0.0
7.614315201273415e-05
0.0
5.448873190280357e-05
3.5573379582254754e-05
0.0
0.0
1.4529197287288839e-05
1.5259122438675363e-05
0.00028346817568789386
2.721308838553256e-05
2.537353237498607e-05
0.00019858319338128338
3.355987004230704e-05
2.18438083465888e-05
5.292709536866145e-05
7.908937982079798e-05
4.338764839674152e-05
5.79620577769809e-05
0.0
1.3988240768463283e-05
0.0
0.0
0.0
3.2597167180537554e-05
2.5583648856965982e-05
2.5972223461758525e-05
4.594523995248624e-05
4.369817144071663e-05
2.087934552458803e-05
2.6238337093656677e-05
0.0001559346932168732
0.00040716124991741604
0.0
3.239197371158771e-05
0.0
2.0509040059136038e-05
0.0
0.0002297934657712546
0.00010355885336107198
3.447600522194595e-05
4.751242941906341e-05
1.7158243941962822e-05
7.147850389977668e-05
0.00011849684124626035
2.5004214531021084e-05
7.578154369153064e-05
2.2383664657501494e-05
7.810253237916773e-05
1.9486628731793597e-05
0.000556200026203324
8.355544847932843e-05
2.4856674976050005e-05
1.9878363043489387e-05
0.00013190395730770227
9.39524628383143e-05
2.1445594104364573e-05
0.0
3.276267397408403e-05
1.6454168676809616e-05
0.0
0.0
3.0542367130222104e-05
3.090183453877264e-05
0.0
1.7030935077136277e-05
3.06220169750125e-05
1.938766125559107e-05
0.00018497637674111655
2.1208492735563862e-05
0.0
0.0
3.873587754520204e-05
2.3162451684036903e-05
3.4541135076305874e-05
0.0
2.4832905639718128e-05
0.0
1.8814708094286344e-05
9.759631359395644e-05
2.128434639606932e-05
2.1730685376613018e-05
0.01097850213292995
3.1459184490145733e-05
2.4954519723856096e-05
1.7950935537578276e-05
1.940871914208558e-05
0.0
3.234411910965591e-05
1.8427542155745253e-05
2.437956503019645e-05
2.4290902684597717e-05
2.105513737480171e-05
9.617645768528389e-05
6.126614503008468e-05
3.320812705478347e-05
5.2944108327568277e-05
2.317877611180065e-05
9.291044759983175e-05
7.911060947411131e-05
8.565406292282983e-05
0.00021116279717045813
2.354297300559699e-05
0.0
3.3999397829526196e-05
0.0
2.675979249790593e-05
2.2625639411754305e-05
4.8690386902212745e-05
0.0
0.00016485571236557123
2.4796139563933067e-05
2.2047088042630228e-05
2.4116264688780087e-05
6.597980184060959e-05
0.0
0.00011860414875001004
2.604075531382476e-05
5.352790761941342e-05
2.5206330846466453e-05
0.0
2.1549044210333646e-05
2.7988788643721648e-05
0.0
2.144199161091053e-05
0.0
3.166120452255576e-05
2.2746443807709748e-05
2.7099397343975972e-05
2.3773657101394978e-05
0.0
0.0
0.0001261460448337216
0.0
2.302897014926787e-05
0.0
2.185552323946057e-05
4.4272344270348116e-05
2.136278381526803e-05
1.7431329257262462e-05
0.00013277951960729363
1.1587561503664387e-05
0.0024359761499004335
3.066192908601701e-05
0.0019009424504144148
2.2851847707337728e-05
0.0
2.617753472363229e-05
2.3427969761542737e-05
0.0
2.0910969303479025e-05
0.00020219342979230375
0.0
9.579381362408896e-05
0.0
4.532264823196623e-05
2.6325436001790308e-05
0.0006767671817069045
0.0
0.0
2.2198669342222476e-05
1.6710897706674344e-05
1.5768472260008032e-05
7.310494850973824e-05
3.213799453424602e-05
0.00012096534442827977
2.6170106743480613e-05
2.0261696915276598e-05
0.0
3.716005842207258e-05
2.534381493592428e-05
