3.81128994050882e-05
3.6774067540127365e-05
3.591467579890632e-05
5.829047431750972e-05
3.2600233593201666e-05
0.0
3.571984391091743e-05
2.8987808917342803e-05
0.0
3.589649540117605e-05
3.465166601604796e-05
2.2500506123575136e-05
4.026436474361982e-05
0.0002092668796325993
3.0503851247728796e-05
2.2331374449566362e-05
2.578294540467198e-05
6.550694045376546e-05
0.0
2.5565542946300732e-05
2.1281175073705524e-05
2.640502074736528e-05
0.00014728214957020192
4.783005778973401e-05
3.440888133413515e-05
0.0
3.8091371746316996e-05
2.9130517049881687e-05
0.00014681054043573939
8.256074665173189e-05
0.00012622196280422736
0.0
0.0
4.404684161773579e-05
1.5122254011285687e-05
2.4616789437772466e-05
4.218350461754412e-05
0.0
0.0
0.0
0.0
2.9542345087475274e-05
1.5980379483271456e-05
2.517073986068389e-05
2.32460939258845e-05
0.0003138621242643465
2.1738385107482854e-05
0.00014812712487762467
2.313097413931434e-05
1.8580345335341447e-05
0.0
4.714624982460359e-05
0.0
2.0255740401403902e-05
0.00013479394069497476
3.0697626209118164e-05
2.1663802151368728e-05
2.7804383947098148e-05
2.8028377554816445e-05
0.0
2.4209523664984878e-05
0.0
2.8870934482993563e-05
0.0001200851234993988
4.7804941789915373e-05
1.774420793640951e-05
5.047120790128716e-05
0.0
2.180101310856969e-05
0.0
3.1525587001182986e-05
2.963552184627019e-05
1.6943229590270844e-05
3.13629417052904e-05
0.00012320911399093317
0.0
4.0155437379697934e-05
3.1422696866981334e-05
3.0562755916244153e-05
0.0
0.0
5.208481421673983e-05
4.273901590270416e-05
3.9512613419132584e-05
0.0
2.1224108814104884e-05
0.0001246080697715675
0.0
4.970978470566873e-05
2.093446597915515e-05
2.424264474833526e-05
2.8346289963538765e-05
0.00012248548425858148
3.1062263685383216e-05
0.0
0.0008788556482630704
2.4440190320730905e-05
4.340965994248581e-05
1.8760320378074825e-05
2.7585796485765916e-05
1.676261373156193e-05
2.4254133037001803e-05
0.0003328681487805964
2.3314032529341285e-05
1.5696149742603134e-05
1.8067793617715576e-05
2.6868355326515208e-05
0.0
2.535846326072163e-05
6.299672003680486e-05
0.00013215986468485951
1.685884168733673e-05
0.0
0.0
2.0403708453780264e-05
2.1071864362931733e-05
0.0
4.6234480317478646e-05
9.293611356243134e-05
0.0
2.1001668694900797e-05
1.3907714562780441e-05
2.1512800180194952e-05
1.7285092351444832e-05
4.4715903922694157e-05
3.401759453773626e-05
7.284344931407926e-05
1.7506332643972817e-05
2.5940082937685083e-05
1.2606590080405285e-05
0.0
2.652314485943954e-05
4.784095604255679e-05
9.62509371510715e-05
2.1124623704087505e-05
2.9849741395303086e-05
3.479670209464584e-05
9.21779625280205e-05
2.6256592466744106e-05
2.8504683026436964e-05
4.812856450400856e-05
3.655191210816763e-05
2.78899950096842e-05
3.9851967794031426e-05
0.0
7.779879903431121e-05
2.3601809773355917e-05
6.285564022331977e-05
3.5937024402892865e-05
1.5430538936325017e-05
2.7315424913268022e-05
1.7576467989707377e-05
4.11950068163839e-05
2.598075866634499e-05
2.8612510377322815e-05
3.568178162443991e-05
1.6314356101778643e-05
6.359329940725707e-05
2.0152651588321594e-05
0.0
2.357744881859079e-05
2.5780384151006883e-05
2.044206631564016e-05
2.785606850370157e-05
3.3129333033573376e-05
2.7743605915039244e-05
0.0
0.0
3.071418114994879e-05
0.0
1.992149457957388e-05
2.8091219630493635e-05
4.64702078837977e-05
0.0
2.6052164374838143e-05
3.901743708789023e-05
5.159786754527764e-05
3.0094825096520194e-05
3.929886660152771e-05
4.812022576804775e-05
0.0
9.706607920801684e-05
3.7049374597593074e-05
3.0497099984067385e-05
0.0
3.484992724741859e-05
3.209602011383593e-05
0.0
2.9839330999532945e-05
0.00015561174285208076
0.0
0.0
3.8217409506036296e-05
0.0
3.5501301562549926e-05
2.76222390812266e-05
0.0
0.0
3.2257361492376736e-05
0.0
0.0001534327667819482
0.0
0.0
0.0
0.0
2.1789996248655977e-05
0.0
0.00048035272482984607
2.5763078592401054e-05
0.0001411207317410758
2.6412223964867848e-05
0.000485614196856249
2.010082657621792e-05
0.0001274449709978679
0.0
3.580004719046149e-05
4.218418973629903e-05
2.6677685127416648e-05
3.1126776610076296e-05
6.684024452822966e-05
2.540159625830658e-05
1.5486369882813747e-05
0.0
0.00010512973551935685
2.774796972339302e-05
1.4495053277140784e-05
5.881251448121662e-05
0.0
0.0
2.2935382073177732e-05
1.988165211675906e-05
8.95007311023296e-05
2.4308045347854017e-05
2.216030524470135e-05
2.6863030885617587e-05
2.2077160929750756e-05
1.937414235263316e-05
0.0
9.161422411810539e-05
1.7374663119084745e-05
2.81960138684556e-05
3.4051818233258787e-05
2.0730286323649553e-05
2.4720096093728075e-05
2.0624629876971244e-05
2.3685237828779014e-05
0.0
3.60356874700813e-05
1.8127782529237814e-05
0.0
0.00022138223600299186
0.0
2.7724900248546232e-05
4.557122624020706e-05
3.2106711358355434e-05
0.00012445949769566733
1.5906667110033596e-05
2.1632891392650494e-05
0.0
5.538854950698711e-05
1.741682272336664e-05
2.9255362282628932e-05
2.3621992412085977e-05
3.446136408606555e-05
5.121965636411376e-05
3.2413855953605794e-05
2.0460281008902898e-05
7.61962910201288e-05
2.3973117771996378e-05
0.0
0.00010888987513020023
4.009666154316374e-05
1.2796606150803642e-05
7.560606727052774e-05
0.0
2.908922986252231e-05
3.646181317140884e-05
2.001023626435107e-05
8.712578343389755e-05
3.6939754109904425e-05
3.022643097828071e-05
2.0562249529044485e-05
3.63719719667326e-05
0.0
2.3380210996668725e-05
0.0002275742437191885
3.805202892871845e-05
2.721185271966263e-05
3.877433946546955e-05
2.7817236341141256e-05
4.6211326607966545e-05
0.0024579167420947816
0.00019616646198589104
3.1535667068014496e-05
0.00019425619227187162
3.7420797889876224e-05
0.0
0.0
1.8952894396328915e-05
1.7403260481535656e-05
0.0
0.00011867216494375357
0.0
2.526799659634403e-05
8.765489592392848e-05
0.0
3.0010272815711142e-05
5.792220244696186e-05
2.9257830830034956e-05
5.8732619874805734e-05
5.6219110733944155e-05
0.00014766778140878382
0.0
2.283014198649654e-05
3.9442592754902135e-05
4.7800898072913206e-05
0.0
0.0
2.8441785027892664e-05
1.9469121257929566e-05
5.579960409875276e-05
0.0
3.9751489211003134e-05
0.0003159343886082523
0.0
3.3746339642979464e-05
1.9864563343748062e-05
2.9117374780407486e-05
0.00010352651932368406
0.0
3.576397312666985e-05
7.577642495733664e-05
3.624266929894218e-05
1.8418207223246445e-05
1.9424421372195036e-05
5.658112844288164e-05
0.00015821850951309757
2.718901568949068e-05
2.3061672269631173e-05
0.000123842746309152
1.925059536581265e-05
2.6565330873081585e-05
3.2608028227338907e-05
3.1821908242128145e-05
3.405920271609675e-05
1.6749734660267735e-05
0.0
4.803113730918185e-05
2.936818376105816e-05
0.0
9.723905209457516e-05
0.00012037974301417209
3.5363257468542275e-05
0.0
2.6576334387087658e-05
1.9868548772805095e-05
7.09548357380685e-05
3.042757368263223e-05
3.740586248639165e-05
2.4880881646047583e-05
2.11257466172395e-05
3.4005279298606965e-05
1.9798732944230098e-05
0.007858666514511859
0.0
0.0
7.24797686331516e-05
2.2655878270649416e-05
2.817759454607155e-05
0.0003166281533070732
3.3050297242883326e-05
2.7952321429513004e-05
0.0
8.134444185769717e-05
2.9480708422866358e-05
5.030905058825334e-05
0.0
0.0
0.0004165501747612546
3.800332278087874e-05
3.0548026075370995e-05
4.4864551696463866e-05
2.3136714049688603e-05
0.00013008490084198275
2.589001546075071e-05
2.4249233746699996e-05
0.00011968797618944918
3.926343540718429e-05
8.856264969603842e-05
0.0
2.958719826731103e-05
4.063544607215944e-05
0.00011555662418596737
0.00010303669238378356
3.825136072493267e-05
2.843868015532172e-05
2.963550302770633e-05
0.0
1.7111942882602462e-05
0.0008546312632932188
0.0
2.2913827417410536e-05
1.8136080518005424e-05
0.0
2.6675054481000736e-05
0.0004109830811445941
3.3885374251425516e-05
1.9825350243287393e-05
7.938965949297009e-05
2.4715744627871444e-05
4.211812094350216e-05
3.139684466343903e-05
1.742841906668618e-05
2.2428122381322208e-05
2.4077201140357273e-05
5.198281531546694e-05
2.1747454473656493e-05
0.00018291503231918687
0.0
0.0
2.4268311927752266e-05
2.5817125229029177e-05
3.104881010710078e-05
3.5479451527818583e-05
3.205296597740699e-05
3.113123173394853e-05
2.4602935689386733e-05
2.935728264608483e-05
3.410284703074408e-05
5.3643913228264475e-05
0.0026418289081675214
3.159069435653651e-05
0.0
2.5708324681903798e-05
0.0
0.0
0.0
3.172536815935594e-05
9.302879389774715e-05
2.9379564250872633e-05
9.606191346935982e-05
3.762989005984797e-05
3.0036384463464484e-05
3.0168227908015475e-05
0.0
0.0001309887808574217
6.357558307741963e-05
2.2651415490377886e-05
4.1619358833711825e-05
3.209675363744912e-05
0.00010955446895303961
4.1343943479490295e-05
0.00019045429081654956
3.172009626264489e-05
3.0543683406245117e-05
2.5216469991342157e-05
0.00010649633921735483
4.281938898028919e-05
9.063135584275815e-05
0.0
2.89901750870561e-05
0.00012818685797465258
3.9587584520260325e-05
4.156635448224023e-05
2.4374386880108876e-05
2.6211259892116214e-05
4.285967817373245e-05
0.0
0.0
2.330338670016757e-05
9.425091218374953e-05
4.421440414635406e-05
2.8381767132258983e-05
1.857897801211958e-05
4.994190725760258e-05
2.7004122563663263e-05
2.3870076095443355e-05
0.0
2.6653041844481653e-05
0.00016178285681279226
3.7508565803634936e-05
2.889153076502282e-05
3.1510607879759016e-05
3.169562859028629e-05
0.0
6.293329517254648e-05
1.8115618726787075e-05
0.0
3.823275541632559e-05
2.9123107817819006e-05
6.699121421316601e-05
0.0
0.0001473156741518589
0.0
9.358789298997215e-05
0.00010724782315053985
0.0
4.1908759697283996e-05
2.3793937583114764e-05
0.0001357759519479051
3.3039322899637455e-05
4.750270195142296e-05
0.0
2.1727839195828822e-05
2.7314291561355245e-05
5.870571505671497e-05
2.7560723286237652e-05
3.970357771003681e-05
0.0007922539726953312
3.34342072478434e-05
0.00014076598887297265
2.7025883847850647e-05
1.8833591939726372e-05
0.0006048006301998197
8.548722436708314e-05
0.00010487538857912259
0.0
1.8900703245795546e-05
0.0
1.5299100340031457e-05
2.9842215506831527e-05
0.0003166056057765363
4.766008272040412e-05
3.038815532212773e-05
2.6316002228721348e-05
2.1070853902767295e-05
4.034399150295876e-05
2.5198464203234613e-05
2.8915201404743933e-05
2.846021326699584e-05
4.585460795378409e-05
2.1604810764207753e-05
3.433615361289938e-05
0.0
3.076979999756504e-05
3.179040933583586e-05
9.87762366824979e-05
2.5780122435077166e-05
3.2140023734760584e-05
0.0
2.2925963508355045e-05
3.570349374420124e-05
9.260860512446661e-05
2.5996649367909155e-05
3.833146058983879e-05
5.1870634930715903e-05
3.5227313389961266e-05
9.602955911515745e-05
2.2489797260520014e-05
3.4285428428883896e-05
2.3683627835842858e-05
0.0
3.423751263157148e-05
0.0
2.6593258456723902e-05
0.0
4.502090831695047e-05
7.68661808420198e-05
3.965053364358287e-05
0.0001549785408066698
2.1578765761292957e-05
1.7579601476105022e-05
0.00013386885350503551
4.627403555813842e-05
2.4864345292362958e-05
0.0001277195799452422
0.0006322551520857457
0.00015471730504349618
6.0409878001503327e-05
0.0002850361350108643
4.4569154990926126e-05
2.28887501412995e-05
3.4759708255420915e-05
0.00013028704148691396
2.937097881631351e-05
4.729469612459395e-05
2.8806049580289064e-05
3.152931125892453e-05
0.0
3.9097173436558486e-05
0.0
7.09167680790592e-05
0.00012618748366327804
0.0
2.191049136431685e-05
2.425509773122724e-05
6.475790064070232e-05
2.6382685520292722e-05
3.3937189415491786e-05
3.746221425306616e-05
2.550396799710252e-05
2.342342645767289e-05
0.0
3.519323112460719e-05
3.170631076442119e-05
0.0
1.9344886833489568e-05
3.547783150050894e-05
0.00010787004300570507
1.7638816424985048e-05
3.649710492932568e-05
0.00018076827087186025
1.640638816742367e-05
1.5938078398724516e-05
3.284962842854111e-05
4.773447190962989e-05
0.0
9.935812002456596e-05
2.901738214359352e-05
2.876711784497344e-05
2.931194443148276e-05
3.334236635017135e-05
1.4964639802808868e-05
0.0
4.1864265471270195e-05
3.0206756363687385e-05
0.00013460550530844552
5.825243907712428e-05
2.3984211990591052e-05
4.873217537839581e-05
3.261044995464607e-05
0.0
4.438423312767663e-05
5.533493801637897e-05
1.2467111230425225e-05
0.0
0.0006032526247426362
4.728143159854111e-05
3.774604157372209e-05
3.126254291974099e-05
3.428823453057588e-05
0.00010384942150029768
5.1558102899423056e-05
0.0
3.50480462100317e-05
3.7290445287238015e-05
0.00022617061654802212
0.0003079123872591802
0.0001461858777786127
0.0
0.00018426341333043376
3.3000706284140496e-05
3.664513691711864e-05
3.89389658861562e-05
0.00015159605808110282
3.231097458260325e-05
2.7426370338920447e-05
2.3355001816982467e-05
2.0887507637307158e-05
0.0
0.0001545000974251717
3.806221375393808e-05
2.5135043982076864e-05
1.660784237816306e-05
0.00015537727521868261
4.232839379413511e-05
0.00010385749517363809
0.0
0.0004164808533725285
0.0
4.7487672190124676e-05
3.6327494284628675e-05
0.0
1.5245135383382868e-05
9.147987000913233e-05
0.00010780565436258529
7.169943047621943e-05
0.0
2.34637762870747e-05
1.5547669631309636e-05
0.0
0.0
4.5280617848714255e-05
0.00042006741617303244
2.0221208133812612e-05
1.7975894297581694e-05
0.0
2.4332261365769112e-05
2.6183638764910157e-05
1.550945114804936e-05
4.80407447757021e-05
0.00010373191349813167
0.0
3.055861082257194e-05
2.158645675412088e-05
8.133543383925302e-05
4.5676949935519224e-05
4.761196056229476e-05
3.543578978964375e-05
2.156524387889717e-05
0.0
0.0
0.0002447486876084487
4.270213187774458e-05
0.0001944444906307415
6.818510000392566e-05
0.0
0.0
2.237300352131e-05
0.00018872812801341257
0.0001032615187154017
0.0
2.591167906536805e-05
1.9688046377453607e-05
2.792428719103807e-05
2.7695893148484257e-05
0.0026520636580993602
2.3044335922442472e-05
3.599029986625352e-05
8.958059987615784e-05
5.1569213167429774e-05
0.00010456417221520816
3.998083433925637e-05
1.875033197070797e-05
2.735349865553192e-05
4.176623184043702e-05
2.6080760438750002e-05
5.400091923198672e-05
2.6772642331055275e-05
0.0
3.4158385049042266e-05
0.0
3.697357548747513e-05
8.877765423512892e-05
0.00171880195597153
0.0
0.00012045517826861357
9.222420626510076e-05
2.3566247285573397e-05
9.259013707982742e-05
1.602021634263834e-05
6.37603553506783e-05
0.0
2.2090870524077347e-05
5.111173344744836e-05
0.00029202777966481566
4.8835449642489694e-05
0.00010518448592026503
2.2396132395527837e-05
3.7822147316923645e-05
0.0
7.207436681044203e-05
2.2907682812986175e-05
0.0
0.0
2.7569007869906373e-05
3.531862721301955e-05
2.7299772948111506e-05
2.5129186330459718e-05
0.0009795702255162894
6.353135222481392e-05
3.254949997693694e-05
3.555977730104698e-05
5.579754536949774e-05
2.949613677684728e-05
0.0
9.821966979523078e-05
0.0
0.0
0.0
2.9285870158751987e-05
0.0001298002823697836
0.0
3.2641760948660144e-05
2.617730189349491e-05
2.4929256832344835e-05
0.0002102468796065591
0.00020604193250514603
4.595114200077269e-05
3.434238294015102e-05
0.00046174537383079564
0.0
0.0
3.5233378121131966e-05
0.0006103717563771553
3.170520106977815e-05
2.1437899757692544e-05
3.544622999568024e-05
3.864995438932085e-05
2.6139171241339557e-05
2.779842359443254e-05
5.28068033423796e-05
0.0
0.0001469823897056272
3.38470162418864e-05
0.0
2.2531747952474487e-05
2.9425055979522372e-05
0.0
2.1186510761912806e-05
3.386964598021545e-05
1.9707631232537418e-05
3.2659749150773615e-05
4.464688980034811e-05
6.039289236980982e-05
3.904381285675568e-05
3.0082524291922066e-05
2.9933916304190692e-05
2.10469278417749e-05
0.0
0.0
3.689364678159206e-05
8.90582634107207e-05
0.00016955180881255468
2.882740185645223e-05
6.862848400789477e-05
8.691693946587308e-05
3.597042189514475e-05
0.0
0.00013666032176266467
3.0999734505337194e-05
0.0
2.2750488981721346e-05
0.00016982445070171697
0.00023919940963456748
7.4490481217901e-05
3.499119303892379e-05
0.0
0.0
0.0
0.0
0.0
2.694554388011753e-05
3.4722227695590305e-05
7.202493784501217e-05
0.0
0.00010034397996399141
3.95263971772078e-05
3.5010326550271854e-05
4.407228728229842e-05
3.141013377696534e-05
2.945612419471375e-05
2.7866404296388625e-05
3.2895706198329655e-05
1.4979376219467374e-05
0.0
3.952239975200508e-05
0.0
3.1137388882456006e-05
3.274845316388661e-05
0.0
0.0
2.63363024645608e-05
0.0
9.208594935599178e-05
8.90155287008975e-05
0.0010047743668657762
0.0
2.3405783376908305e-05
3.1040840979370196e-05
0.0
0.0
0.0
2.671560035064751e-05
0.0
2.1474772061345443e-05
2.7864363484422716e-05
8.49115536754929e-05
2.5422762469293298e-05
1.8915257551420574e-05
2.637174055902229e-05
0.0
2.1078986651032712e-05
2.556159504756265e-05
4.049652608542744e-05
0.0
0.0
5.449804613371338e-05
3.457223592726666e-05
6.190358631979495e-05
0.0
4.03601173843957e-05
3.757310140432459e-05
0.0002442069009070123
4.140912736955415e-05
9.256040184325325e-05
3.4302269483778863e-05
3.075517904290511e-05
4.3252862893370315e-05
3.1480213705706773e-05
0.0001156825685948429
2.8880824036726985e-05
6.210216330649286e-05
2.407274931693109e-05
0.0
2.73487146412116e-05
0.0
0.0
6.622894662662979e-05
0.0
5.722360405141361e-05
1.8294840048872503e-05
8.952898778205266e-05
5.948028129698564e-05
2.5699856588321662e-05
2.175051570334639e-05
3.500172203573481e-05
0.0
2.051040148684909e-05
3.984849679371329e-05
3.789008091828283e-05
2.8817250534981994e-05
3.31698252714082e-05
0.0
1.8860416169706497e-05
7.288335982185986e-05
2.989213689919728e-05
0.000352093352171648
2.8816678366264258e-05
0.0
2.0412931176408154e-05
0.0
2.366120907370023e-05
0.0
3.586666190511784e-05
2.2112120059635357e-05
3.480351223522697e-05
2.055502814730198e-05
3.405375539936495e-05
2.47391548812921e-05
2.9688562673471802e-05
5.084157151490039e-05
0.0001262352650007215
3.6570170773319094e-05
4.639187023589507e-05
7.601852218765975e-05
0.0
0.00014566788679911557
0.0
0.0
4.837487667066779e-05
3.536337183601534e-05
4.632500715051949e-05
0.0
8.974262617007096e-05
2.1469817055879328e-05
2.4628840409377617e-05
2.1645883094985572e-05
2.2224765840100652e-05
2.9302393244795517e-05
5.748535314553646e-05
3.034977772944119e-05
0.0
1.4335109575851738e-05
0.0
2.5714390566796262e-05
7.095374429920184e-05
0.0
1.3572267128134057e-05
2.1697946889769365e-05
3.441276438952936e-05
3.437703396512426e-05
0.00015811143580409358
3.596005143468241e-05
3.350095581658455e-05
0.0
3.556923470418641e-05
0.0
0.0002478428265288995
0.0
2.905433845167501e-05
2.0021712450630237e-05
2.708225952760391e-05
0.00013095083287464722
4.4817889267065084e-05
0.0
2.3067416966779346e-05
0.0
9.657402607831541e-05
3.8401515301484975e-05
3.2238263491003144e-05
2.5351057658489042e-05
3.942671901776841e-05
3.20000213442864e-05
5.988874139643165e-05
9.74098947391691e-05
0.0
4.6683196846053895e-05
1.835882660121148e-05
4.7977575083661144e-05
0.00020816980321405377
0.0
1.2631259983152565e-05
2.7697971360863573e-05
7.673304396216076e-05
0.0
0.0001976494434364119
1.3752200281002743e-05
2.8086903254155138e-05
3.727982661934092e-05
0.0
0.0008662470139446249
2.913497957227162e-05
4.020395425377389e-05
2.74699702702036e-05
0.0
5.5073903922205735e-05
0.0
0.0
6.149747084467747e-05
