2.2220951253383176e-05
2.5702694385627505e-05
3.763273177004116e-05
4.461038652639094e-05
0.0
3.072019994979932e-05
0.0
3.099130443923347e-05
0.0001269288137920863
8.57579028111715e-05
2.9675378479553734e-05
5.8279426781957426e-05
5.541331744264191e-05
0.0
3.049132484061651e-05
5.0640400387531706e-05
0.0
4.682181316476434e-05
0.0
0.00024289231450027156
0.0
0.0002770827845158023
0.0
0.0001247159989481153
2.538407431020215e-05
2.120430665153107e-05
2.144009160813226e-05
2.4645505364895163e-05
2.3060984222987242e-05
2.613164354661614e-05
2.295017619474868e-05
9.469321052995435e-05
7.828414830709498e-05
0.0
2.410493844043877e-05
0.0
2.8287780591582422e-05
2.0140176356974004e-05
2.453974472781931e-05
0.00010425754657767411
2.4575187148716528e-05
0.0
0.00017764505388533598
0.0
0.00012105828919504136
5.486710657767849e-05
0.0
0.0
0.0001487967661326856
2.691613926468094e-05
2.093207923845398e-05
2.08435758061815e-05
3.0508172067040012e-05
2.1522657024530385e-05
6.767297225471857e-05
2.5175625420444182e-05
2.3001264249670033e-05
2.0955211634062016e-05
3.174759437777554e-05
3.6383408550764556e-05
0.0
2.8553512562588865e-05
2.5231841271344216e-05
3.5497439016101896e-05
0.00011949682032300657
0.0
2.5005111133450263e-05
2.8171169455086134e-05
0.0
2.3940969693579812e-05
2.532274506887787e-05
2.6949178045915802e-05
8.30406962777628e-05
0.0
2.998770360113554e-05
1.643538685259154e-05
2.7043446163021345e-05
2.303756773332493e-05
2.3151591751006536e-05
3.0920993566242716e-05
2.3403334354658932e-05
2.8218373974666925e-05
1.962296853743451e-05
2.183890500682088e-05
2.6942572585688485e-05
0.0
7.541433365506546e-05
2.7871681269480785e-05
2.0208572889026762e-05
2.4910905335793126e-05
2.1167709317987883e-05
1.9699748749760997e-05
0.0
2.6324363532846533e-05
0.0
8.858095640767374e-05
0.0
2.727819731730102e-05
2.4175260347688518e-05
2.2408281797909117e-05
0.0
2.9945624996183922e-05
0.00010993925488227667
0.0
4.217030807200958e-05
2.2047955020213923e-05
3.365028792055949e-05
5.583114105312337e-05
0.0
3.0189057645028543e-05
2.196643019330856e-05
0.0
2.192392168934207e-05
2.1084623933502252e-05
0.00010537159087926364
3.2538082941400193e-05
1.706431161513739e-05
2.7857597445007594e-05
0.0
0.0
2.5763173424877104e-05
1.757331355744399e-05
0.0
2.3487152161085002e-05
2.5811982200431496e-05
2.5420346177973135e-05
2.8595123283951962e-05
5.1107859024284645e-05
3.6140713095877435e-05
0.000321046754882159
3.301586998630631e-05
0.0
3.275745085111807e-05
0.0
0.0
3.016323795935101e-05
2.0053071222281422e-05
0.0
2.842596450400658e-05
2.8727467165574523e-05
2.4763000975599826e-05
0.00011117747507994619
0.0
1.9798398809710258e-05
2.5999572736739348e-05
3.3522009069431684e-05
0.00024685363711424017
2.138546050533721e-05
2.2498500954683826e-05
8.065654733706011e-05
2.730130575281359e-05
2.6545421310048522e-05
0.0
3.879391458638923e-05
8.047314489640211e-05
3.995823070823152e-05
6.37130126773873e-05
2.1714597218303527e-05
2.636392927139882e-05
0.0001284100510749528
2.1716135363818956e-05
0.00013492830539648247
0.0
4.213308733016503e-05
0.0002886576404243158
0.0
6.446125453933173e-05
3.87942539118802e-05
2.1495217565449858e-05
0.0
2.0984057865749814e-05
2.2404111201563136e-05
1.6870404500390112e-05
2.924278492556125e-05
3.410405988854482e-05
2.2999848634871747e-05
1.599371980337597e-05
4.882789190270246e-05
2.8594435626523638e-05
0.0
0.00010349932135477045
2.8699048539254163e-05
2.2571930303857046e-05
0.0
2.2325047605964086e-05
2.6301030155670998e-05
3.0165329250125414e-05
2.235054442957029e-05
2.6172319025659615e-05
1.88735744718676e-05
7.423196897768039e-05
0.0
0.00011574353430515591
2.1073158804271324e-05
2.8432633067757523e-05
1.9418017868839762e-05
2.8378184066454493e-05
2.5877009678600884e-05
2.173190607956932e-05
0.0
8.722111194672518e-05
1.967561219088706e-05
4.47220593323381e-05
3.925306862287772e-05
2.7637116672223284e-05
0.0
0.0002135365625445517
4.10267766169781e-05
2.4379337490185986e-05
2.0271892583802168e-05
2.0462821381034462e-05
2.3198355572282407e-05
1.901092583447278e-05
0.0
0.00022434145369181082
0.00014817700844955062
0.0
3.8107424634124697e-05
2.384918870706647e-05
2.3430889080078115e-05
6.089798763271238e-05
0.0
0.0
0.0
2.7494699266624772e-05
3.07115020293658e-05
2.387550355946584e-05
3.1154117631590456e-05
2.8497395048230065e-05
2.0115511676812933e-05
6.455556722158224e-05
2.2439243636917942e-05
2.376012738110751e-05
0.0
4.4964682495642844e-05
2.140863360327784e-05
0.0024205710498583824
2.6120370542593984e-05
2.4096982697523027e-05
0.00012121533928989236
1.94931893343267e-05
2.0753441096773517e-05
2.1347461908375346e-05
2.509717142963236e-05
0.0
3.0581838521142763e-05
0.0004680639106381863
1.636839736500815e-05
2.624838197626718e-05
0.0
0.0
0.00010091744412970413
0.00024990142435379393
0.00011359224028035211
2.61252373178822e-05
3.1246777777094396e-05
2.603926881721733e-05
4.17638593300638e-05
3.427780413938105e-05
0.00011659036247303681
0.00010847545166470624
2.7265719442769686e-05
2.0778497334038088e-05
2.4281468785953907e-05
0.0
2.8591859675275612e-05
0.0
2.712148697129936e-05
0.0
0.0
3.218718855013916e-05
2.7097313201441966e-05
0.0
0.0
2.3885473973336937e-05
0.0052521841490906955
2.9038071204098064e-05
3.131114297112785e-05
1.971162302125441e-05
2.692036811715935e-05
3.236790581605893e-05
2.1839753247523876e-05
0.0
1.647119129732616e-05
2.3217140960875352e-05
2.1655013252338885e-05
1.9731875647888886e-05
4.4198241102180524e-05
1.917235838342036e-05
0.00010227944185739587
3.0710137602961024e-05
0.0
0.0
0.0
2.8118103411812056e-05
4.0384824673007574e-05
3.0149750192522105e-05
2.120890758609027e-05
0.0003202056967865339
2.2448347660704105e-05
3.267476059136425e-05
0.00010651590435046414
4.590988999925476e-05
0.0
1.9493061762140698e-05
0.00013068610818828662
2.403655281124778e-05
0.00021594396268531812
0.0
0.00011486324595846712
3.0399709751843186e-05
2.3245282616207738e-05
0.0
0.0
9.101373022087996e-05
1.8374849766653965e-05
3.514491268053074e-05
0.00013746992117727507
0.0
0.0
0.0
0.0
2.7521857525357837e-05
6.928306311430876e-05
2.2438784046292972e-05
3.832526144903189e-05
0.0
2.6323264008317044e-05
2.0527353803150238e-05
2.2756095943921025e-05
0.0
0.0
0.0012494867716776445
5.456294889601906e-05
9.371340257305978e-05
2.1162895977189402e-05
0.0006312896940238869
3.383158918877695e-05
3.379788053002745e-05
1.8007392379572395e-05
2.713161684443627e-05
0.0
3.392730708340373e-05
1.6451729504170964e-05
0.00034549388114573596
0.0
2.0109065523705324e-05
7.547474737197976e-05
3.10526011783133e-05
1.7828028533093866e-05
0.0001967642478080972
0.0
2.7445227307304058e-05
0.00014419029782686418
2.036451367419795e-05
0.0
2.406261446637384e-05
2.861866494417473e-05
1.638640994370664e-05
2.3775915551826317e-05
2.2381774236592215e-05
6.626967313326232e-05
0.0
0.0
0.00016813321472674577
0.0
0.000131993842836417
3.081436283166588e-05
7.195826623204133e-05
0.0
2.07360811401397e-05
2.7637277317833393e-05
2.5473054082811033e-05
2.8636694011952614e-05
0.00010725251929221967
2.6838372232860715e-05
2.9807495047314544e-05
0.00017626832389774924
0.0002862391150246681
2.333531182733241e-05
4.814559460029342e-05
0.00010626563404462517
0.0
2.1478664206163428e-05
2.718631282119398e-05
2.299272462040746e-05
0.0001445580932005816
0.0
3.224996787980586e-05
2.150626089547105e-05
2.1928337417453848e-05
2.802725782294093e-05
2.6723020718220455e-05
6.176961559908702e-05
1.757043190465466e-05
8.303948955819615e-05
0.00010834638130057434
2.5208163666994677e-05
0.0
4.978886252191677e-05
2.3668378282449376e-05
2.8976974393839742e-05
2.026722573874035e-05
8.144608580391103e-05
0.00018939333874252713
7.967758068779336e-05
2.4554877986573004e-05
2.56726926070825e-05
2.406178435343849e-05
0.0
3.365031402044022e-05
4.028880821080662e-05
4.3968462035980855e-05
2.1873130788253497e-05
2.2229191758490665e-05
2.740038766952137e-05
2.2999658120082287e-05
1.8851737378839046e-05
0.0001004951019282835
2.2381644031274618e-05
1.8112271174281742e-05
2.0233508685680998e-05
3.5279511325049026e-05
2.1060276350669014e-05
2.9019278782728196e-05
0.00010288565952877609
3.34016307804737e-05
3.132438674604342e-05
2.9807207430205175e-05
0.0
2.6758951688653075e-05
2.23386134502034e-05
4.621713731074089e-05
3.541177786452033e-05
2.290350352400662e-05
0.00013157456049218763
3.0853342585618996e-05
1.7387086788062093e-05
2.9628278533560438e-05
8.220859620783448e-05
0.0
3.222648736327773e-05
2.2801580134172625e-05
2.6403751754674168e-05
3.1260853184013736e-05
0.0
0.00013279658855109373
0.00011576648341922018
0.0002630384942809383
2.7054824611839924e-05
3.699918973184301e-05
3.4873437263613565e-05
0.0001004260425038081
3.689824834161499e-05
0.0001186197701789814
3.042038883683176e-05
2.5774802286083143e-05
2.0311933573505014e-05
0.00021170394703902022
3.371182667602804e-05
2.5258348211893765e-05
2.0853052820612384e-05
0.0
2.4601481779163897e-05
2.3070205517177987e-05
0.00014209391016786692
2.7392680906062495e-05
0.0001932400324258708
2.0998853474221527e-05
0.0
0.0
4.673963740506731e-05
1.8967641197394466e-05
2.0419872394226217e-05
2.6095771675222887e-05
2.5587730869873642e-05
0.0001741211327751588
0.0
0.0
2.3777002231508868e-05
1.9564863807637203e-05
8.676079545802291e-05
5.516367188173204e-05
9.693218728103775e-05
0.00013044395115359566
2.18699113295227e-05
2.0466149752660044e-05
2.6277580539084313e-05
9.628315419098016e-05
6.966570874394943e-05
5.271791585307892e-05
0.00010287228933313526
2.5084075020899417e-05
2.7811780267023134e-05
3.151198731246468e-05
0.0
3.087736541222718e-05
2.6648235721741195e-05
0.0
0.0001297526748923748
2.867946061734263e-05
2.740069315499457e-05
1.944524388262012e-05
7.685237957195023e-05
0.0
3.998536412604163e-05
2.2053224599563493e-05
0.0
2.8422518449312374e-05
2.3332467898603193e-05
0.0
2.6103847843373424e-05
0.0
0.0
2.4470069544615663e-05
0.0
2.0887798414292798e-05
5.527142017225914e-05
2.7850532801078396e-05
2.8715153832786904e-05
2.556333349872288e-05
0.0
1.7709516022717035e-05
2.475159674833871e-05
2.1558487113379722e-05
2.378531577511538e-05
0.0
2.8010211447136e-05
0.0
0.0
0.0
2.2597824773717778e-05
0.0
0.0001284052402368897
2.4046446682181037e-05
1.97810977447654e-05
3.750365434074452e-05
0.00013973947158543831
0.0
2.6189276061056447e-05
0.0014442088117526696
2.921985823748453e-05
0.00015474980798483172
0.00016050690372751894
3.309905934186776e-05
6.802685710854705e-05
0.0
0.0
0.00010690227429306091
6.5501248324266e-05
2.5941108097262483e-05
2.1238816393252238e-05
3.1875676129711805e-05
2.3115806833196423e-05
0.0
3.2476805288981825e-05
3.1392506685101184e-05
2.4561646842720135e-05
2.256159333927104e-05
2.7428535263839697e-05
2.8005996146662242e-05
1.824231664130898e-05
0.0
2.1096117775941292e-05
2.946157623425389e-05
0.0
0.0
2.800551325140462e-05
2.245338572146245e-05
8.305437869969719e-05
0.0
2.9215713984143893e-05
0.0
0.0
2.6480659105539506e-05
2.6160807339395264e-05
0.0
1.986322818557398e-05
0.00014920102284617556
0.00016319588740842489
1.4284976308421854e-05
4.983618134408792e-05
2.1775812531529104e-05
4.956634757861129e-05
0.0
2.8585133469039184e-05
2.4751919296161016e-05
0.0
0.0
2.5000586226371538e-05
0.0
0.0001263020500647219
0.0
2.6666703916559338e-05
0.0
2.4493425950412197e-05
2.3229257597833856e-05
7.755458815026979e-05
4.5966816383558215e-05
2.557892426605708e-05
0.0
7.047430784044575e-05
2.9484156151113867e-05
3.574414988280639e-05
0.00013491085338236103
2.8246895854286726e-05
0.0
0.0
0.0001011659443967726
2.9209882445903094e-05
2.1373676493249985e-05
3.18544691943631e-05
2.435453402908439e-05
6.198130282564386e-05
1.666992231647472e-05
2.714983201417592e-05
2.624665402401046e-05
0.0
0.0
2.9918542200142955e-05
2.2501392046047837e-05
2.6159909397745562e-05
2.1170450035449643e-05
3.329020392875033e-05
0.0
0.00017096373484508848
6.820549076236556e-05
2.512236286527481e-05
2.80617243786421e-05
0.00022796743148094324
2.865131236735409e-05
0.003328059711674201
2.7155460782977312e-05
0.0
2.2715670638867216e-05
2.4050917266171854e-05
2.4538022126804113e-05
2.434474066625127e-05
2.3544318232811732e-05
0.0
3.1552263795779456e-05
2.6040920745187374e-05
2.3736409991688556e-05
0.0
2.33241634431269e-05
2.503598637580213e-05
2.042448721049918e-05
2.1001403516817976e-05
2.768706487399426e-05
2.426724243492476e-05
2.2573095617637142e-05
0.0
9.465017335302464e-05
2.7193989236620372e-05
2.743588208917935e-05
1.6292929439267113e-05
3.0304138549693734e-05
0.0
0.0
0.0
2.6706555534588585e-05
2.8991462405509046e-05
2.312164566073749e-05
0.0
3.5676502403781075e-05
8.183187145509122e-05
2.531094007220814e-05
2.6215109284996104e-05
1.829779559848815e-05
0.0
0.0
5.3148239983315684e-05
2.412987946687889e-05
2.111536578588925e-05
3.0300603986011363e-05
2.5425319278981615e-05
0.0
0.0
3.0138324539474256e-05
2.6836795057244384e-05
0.0
5.8965484235279115e-05
2.3505196889636786e-05
0.0
2.639428043977467e-05
0.0
3.2801216436521964e-05
0.0
0.0
2.1515743315608856e-05
0.0
0.0
2.4522469480075353e-05
2.2453338802054252e-05
2.4336929968819222e-05
0.0
2.3836898635081993e-05
0.00013979761750564543
3.9071404355626936e-05
2.38026014545027e-05
1.8854812187831044e-05
0.00021459398976872212
7.104665889661748e-05
1.6224975992762092e-05
2.274909271040675e-05
2.256395513059829e-05
2.8431927957060974e-05
2.027036878370056e-05
0.00010171464730336292
0.0
0.0
0.0
5.7108560766347734e-05
0.0
1.870091924071246e-05
2.2804186518085696e-05
2.1324677194525158e-05
2.3116679142759967e-05
0.00021848430701719296
2.1872838456916676e-05
2.5397906390520867e-05
0.0
4.8862279485806827e-05
2.2222609328034682e-05
3.193827126671547e-05
8.292470906573655e-05
0.0
0.0
5.2211732970599965e-05
2.6757982891448263e-05
0.0
0.0
1.735010955699025e-05
2.0672028977239443e-05
1.896287884041604e-05
2.705091775940621e-05
1.838351891958988e-05
2.6500099354064876e-05
7.137046942287906e-05
0.00017526545968103217
2.4963530502580475e-05
0.0
0.0
2.989979844263424e-05
2.6708865655752364e-05
0.00018189895961077897
2.0546493600029085e-05
0.00024434455865296684
2.7331544315810164e-05
2.154880888436142e-05
0.00034163231555236367
0.00018814200129941823
3.7202882068706176e-05
2.0704448656480833e-05
0.000334442288857011
2.561937820526743e-05
2.6456196686482706e-05
0.0
4.699169996389146e-05
2.7390196793653066e-05
2.7218989371113826e-05
2.6911885750982794e-05
2.0962400278165438e-05
7.143060625384321e-05
2.732194406098979e-05
2.3997973498888256e-05
0.00012960282195167134
0.0
0.0
2.338711103151739e-05
5.157829850605078e-05
0.0
2.2351427641350184e-05
1.9349711739447385e-05
0.00010319580087202547
0.0
2.6431401510048175e-05
0.0
7.863043240514036e-05
8.813663032322462e-05
2.2578332527530433e-05
6.067170149409445e-05
3.0229928743254687e-05
0.0004434549380517395
4.874333429658337e-05
2.154314836875861e-05
2.5516041768787818e-05
0.0006447260489692728
4.00103442699455e-05
5.417569719723182e-05
4.811895482849946e-05
2.4041688349552945e-05
3.0470764110344145e-05
4.6183291234575737e-05
2.1727023302456475e-05
9.353784922222665e-05
3.294140670738439e-05
2.836160021500089e-05
2.9921211332074792e-05
0.0
2.1588721466007153e-05
2.9332711844404368e-05
2.8447777930745348e-05
0.0
9.034634208996269e-05
0.0
2.6298545457000935e-05
0.00018471575799250276
0.0
2.6716682437968027e-05
2.295475922309563e-05
2.6375056097392384e-05
0.00029600207561872397
2.3815298962551663e-05
2.6916570317221656e-05
2.1287159275835337e-05
1.8532324613377765e-05
3.075716851571362e-05
2.3321441530943347e-05
2.20608283895289e-05
2.6414545217190444e-05
2.7809483588091776e-05
3.97451783538626e-05
0.0
3.1960097993847e-05
0.0
3.1350604002383966e-05
0.0
0.0
1.7642217092786278e-05
0.0
2.4892089092346857e-05
0.0
2.0327774301330918e-05
9.648036479197997e-05
0.0
2.508586387172845e-05
2.745471332803686e-05
2.863216330494638e-05
1.8886923367166973e-05
0.0
0.0
0.0
4.384378209511394e-05
2.540445808503042e-05
2.6610620892539556e-05
1.910923518340079e-05
2.3633712382494197e-05
2.509672036281793e-05
1.995177129872997e-05
2.65579785218806e-05
0.0
2.3752301248949867e-05
2.1471949543308522e-05
0.0
2.6817353395763266e-05
0.00015796462769440586
1.679158973392704e-05
2.019783100096055e-05
2.2796934849554048e-05
8.749754746871853e-05
2.1494504744519728e-05
3.142390864378089e-05
2.8319395902128434e-05
2.236315391558513e-05
2.329678173373055e-05
2.281888065547304e-05
0.0
1.5175207909267804e-05
2.3266937461504916e-05
2.253887566626853e-05
0.0
1.953961892039979e-05
1.93702479341909e-05
0.00011007108956384515
2.4276719632362827e-05
2.6836369123224308e-05
2.3156814624164474e-05
2.553346027510898e-05
2.4210063753516294e-05
0.0
0.0
7.949558042364149e-05
0.0016563551035880654
0.0
2.6007573584346174e-05
2.3842139604897964e-05
0.00012649716058219982
0.0
2.7706458187023318e-05
2.703844576443462e-05
2.239880710072179e-05
0.0
2.8165398474902735e-05
2.6505461002839233e-05
2.5875440907558295e-05
0.0
3.17739947293616e-05
0.0
1.7684325096357022e-05
0.0
2.5555636083467113e-05
2.144104003436767e-05
0.0
2.1378213937450564e-05
2.5145785770403484e-05
1.7669381587927448e-05
2.0041075203855547e-05
9.414552359258032e-05
1.5302638667595714e-05
3.03611547206523e-05
2.723222056074196e-05
2.2035851403985113e-05
0.0
1.8295265596341673e-05
0.0
0.0
3.394030360161134e-05
2.0703508191993293e-05
2.6224444280761135e-05
2.5683352722485366e-05
0.0010338997123767264
7.903086345720029e-05
0.0
2.371969939566934e-05
3.264776511042779e-05
3.71412758548004e-05
2.2108673801565882e-05
5.3294263420432584e-05
2.0251478950735998e-05
2.2038389866842438e-05
0.0
2.2852439068802042e-05
2.4244393120596857e-05
3.53965955497464e-05
2.3228526223754284e-05
7.520920549442927e-05
2.3674599046685226e-05
0.0
0.0
2.4060411758342713e-05
1.7081088088596755e-05
2.356798889811848e-05
2.2632816587380427e-05
0.0
0.000183205072668127
0.0
0.0004808982684668771
5.942520845321034e-05
3.194729052047675e-05
5.343411195805377e-05
0.0
0.0
1.919395807641539e-05
0.0
6.375976849143937e-05
7.154004764776003e-05
2.7027233163087596e-05
6.72224547580543e-05
1.979896045024132e-05
0.00010218856814512543
2.5126391560278806e-05
2.4478522810335177e-05
0.0
0.00011991782294955634
2.4802892034615076e-05
2.497133542812171e-05
2.5675341670755372e-05
2.1675943628091306e-05
8.180188431202755e-05
4.193181985201213e-05
0.0
0.001078404127530819
3.4516804282866184e-05
0.0
2.1725420293225322e-05
0.0
2.082775150347835e-05
2.1031852373821267e-05
2.1342930821398726e-05
1.7049651091243727e-05
2.146842466491519e-05
5.178678434086659e-05
0.0
3.1977930801098127e-05
4.1435486965265054e-05
8.620696249679125e-05
3.9702204450125456e-05
0.0
0.0
2.546426440555489e-05
0.0
0.0
2.1029454289344476e-05
2.8188753684903365e-05
3.25361124054619e-05
2.6403344697619827e-05
0.0
2.5451879912639795e-05
2.532890426703138e-05
