3.0076364704967728e-05
6.423358391535948e-05
2.609730327781078e-05
2.4088426488436764e-05
3.1160182013329166e-05
2.3891365778234143e-05
3.19695449630785e-05
3.873193141166589e-05
7.289080145486534e-05
0.0
2.2357589162665363e-05
0.0
8.13571543573031e-05
2.933380537595559e-05
2.194374797284955e-05
0.0
3.2709116418151596e-05
3.228854427396398e-05
2.464041627392858e-05
2.0056109648237984e-05
2.9997085870788227e-05
3.522736467753879e-05
0.0004967330510742016
0.00011045402437867648
3.402892310352786e-05
3.0085120603545106e-05
2.3910201643377004e-05
5.062331831909545e-05
4.317719069923737e-05
2.1387764524208634e-05
0.0
2.792855403976367e-05
2.922069225751781e-05
4.269665914093367e-05
2.128406789736779e-05
9.81934196491596e-05
2.159294873999534e-05
2.8359467190204228e-05
2.5853429787744017e-05
3.0031570025028726e-05
2.3013411183416425e-05
2.9225946013125643e-05
7.899447385320695e-05
2.8147901152961517e-05
7.690862327776118e-05
2.0133950187943333e-05
2.032320301101147e-05
0.0
1.4863913141995838e-05
4.4560898100503634e-05
2.161877574243759e-05
0.0016388348603157176
2.6260748494196158e-05
8.899281208983463e-05
3.273827667756745e-05
2.5975510045876964e-05
2.7269802760588596e-05
3.272830035869869e-05
1.9186619458971686e-05
2.849159167962156e-05
2.4287719379197535e-05
3.530594102323571e-05
3.28753427243181e-05
2.6754580361096645e-05
3.8971207120165416e-05
1.978919330828452e-05
1.7665122052525758e-05
5.194048088300922e-05
2.4751825025874533e-05
2.7797626389008064e-05
0.0
2.2649715553234283e-05
3.064806203715953e-05
2.9651330633183688e-05
0.00018179166744399395
2.0753068139453867e-05
9.874837125496759e-05
0.0
0.0
3.82824034173976e-05
2.102574500456692e-05
2.6182738555513683e-05
2.707281003023563e-05
1.8207366333845715e-05
0.0
5.500963577499195e-05
2.377008571595385e-05
6.808189675497494e-05
3.225541639542808e-05
2.223233733652493e-05
2.4920153368990503e-05
0.00011700078882766261
2.5566136800512987e-05
2.371572163196083e-05
2.909793011382854e-05
0.0001110600745757827
2.7271748739357045e-05
3.8979691184741854e-05
2.7313781491809092e-05
3.7018809324546105e-05
2.4470798468003844e-05
2.260970498760557e-05
2.12698899683753e-05
2.6977538958055322e-05
2.8988406298449818e-05
3.2355579179288254e-05
2.955271991870184e-05
1.5875485116891898e-05
2.4784700652381947e-05
4.961531658793452e-05
0.00020071819178395144
2.1262459821218944e-05
0.0
3.3911751357630973e-05
0.0
2.318336866360004e-05
2.5169125274193148e-05
2.115703425836756e-05
2.1580073667012025e-05
0.0
2.31069567610366e-05
2.9615348816949554e-05
2.8002599211029835e-05
1.874243290556132e-05
2.264518269563177e-05
2.1655838304177955e-05
2.497337570706017e-05
2.300172214675438e-05
3.231341384061098e-05
0.00015603479051544858
3.189319390145784e-05
2.2675380051048946e-05
2.731882087753098e-05
1.667541503398526e-05
6.171898885639124e-05
2.4542708169834202e-05
6.301597449703341e-05
2.2806790226855517e-05
2.3289475103968557e-05
8.193998846439817e-05
3.2849671747823657e-05
8.206010524925583e-05
2.481262034629206e-05
7.190921646683402e-05
5.815845803021227e-05
2.860165941770117e-05
2.3051920498532385e-05
2.9546965210806654e-05
2.982454849190798e-05
0.00010713815036333866
2.6417658042824127e-05
2.7806928175358524e-05
2.3016362193856847e-05
0.00012690686468438644
1.923851114107104e-05
8.107777196966636e-05
0.0
8.226769289997996e-05
2.1755733522868013e-05
3.397668394267316e-05
3.240824096892203e-05
5.004254516617971e-05
2.085839369232773e-05
4.859420176164219e-05
2.594801565680223e-05
3.143318612858193e-05
7.32497447208956e-05
2.2464423696571697e-05
0.0
0.0
2.166813039832294e-05
2.2093578432864334e-05
4.322313164134979e-05
0.0
2.4180853097482365e-05
2.8002985257926894e-05
0.0015966924165073087
2.411101753372725e-05
3.869154816499795e-05
1.977165180844735e-05
9.007648948496745e-05
2.2146241860656483e-05
5.931478592617375e-05
4.491721755630985e-05
3.5858420320960906e-05
9.06340668283139e-05
2.373604559998868e-05
2.2015743545442117e-05
2.8051514812304724e-05
2.0702580710828914e-05
6.03521907341039e-05
2.5291099829343602e-05
3.865759356259455e-05
2.766725711312822e-05
5.176832689686462e-05
0.0
2.0391061813850284e-05
4.36169457664373e-05
1.9523875878945005e-05
0.00010072173053817362
4.343051652588388e-05
1.72867979355278e-05
2.4667767617954826e-05
6.502117768845209e-05
3.399938321021377e-05
1.9685189705780045e-05
4.253635632999154e-05
3.3982247774579426e-05
3.166848770888914e-05
3.63724489735483e-05
2.2034059114537405e-05
2.1873332735039366e-05
2.8200652622459022e-05
8.504551515045168e-05
2.5430696943460096e-05
9.058684168008929e-05
0.0
5.516624041552779e-05
2.3631736987653252e-05
3.0177264564175386e-05
7.330556536493632e-05
3.430240500732851e-05
2.3309453399256544e-05
3.5269688228546165e-05
2.376734196325352e-05
2.7019151991420474e-05
2.3832799272717755e-05
3.596510616345214e-05
0.0
2.6658097421692236e-05
4.389505959699488e-05
0.0
3.0950084368913345e-05
2.382713916441431e-05
3.5772523391593584e-05
4.554024731275935e-05
2.7213350187770104e-05
3.230060128823779e-05
1.790138077136918e-05
3.43784727707107e-05
2.526129154366776e-05
3.071518756391769e-05
2.9480450514436048e-05
0.0
2.869259433388361e-05
2.6000813019442468e-05
2.614726713754817e-05
3.9034979864596423e-05
1.9652207069215833e-05
5.055036645092974e-05
2.2727227479443456e-05
2.426710693740049e-05
2.855125653190029e-05
6.296227062624479e-05
4.9388403518653464e-05
1.9676031796746323e-05
4.4863421785684484e-05
5.4817606451880285e-05
2.9161487911788514e-05
4.1919261825996535e-05
2.3067225076415447e-05
2.328129464637797e-05
4.3295205243959765e-05
3.045575457350024e-05
2.276857415397676e-05
2.2851371164727e-05
2.6263150049097028e-05
3.836624800555022e-05
0.0
5.223486515707052e-05
3.705720865659825e-05
3.071323307721333e-05
3.846290104206883e-05
9.205350893631178e-05
0.00022656675221480676
0.0
3.202414447070065e-05
3.302957699544995e-05
4.078310914982231e-05
2.7439594069291118e-05
0.0
2.381393419608083e-05
2.3333991288561935e-05
7.91477335123747e-05
3.330797496029299e-05
0.0
2.6819381166359098e-05
2.8600516244215708e-05
0.00019442006432429982
0.0025732598320797207
6.405744008798782e-05
3.3967917766417884e-05
0.00012649296393708222
4.114879374393123e-05
2.7586547207163753e-05
2.6386602445505803e-05
1.8684176512696437e-05
3.575214275869314e-05
4.9357950421052333e-05
7.052791601502925e-05
1.881662115159627e-05
3.1777675823528546e-05
2.575886003338247e-05
5.759214432537229e-05
1.6378505245165622e-05
1.9146669897522036e-05
5.145110494296769e-05
2.547483597381026e-05
0.0
5.436852338119087e-05
1.9692837381507034e-05
0.0
3.1157137586576253e-05
5.3380859693584056e-05
0.00010928417861077453
1.918644463214527e-05
2.0136477253923815e-05
2.4454841842382683e-05
5.235517721782338e-05
3.251578706070922e-05
0.0
1.7865887870954773e-05
0.0
2.2306318496848584e-05
1.8676887412820774e-05
2.1983586327982327e-05
2.680597997096159e-05
8.035136499324521e-05
2.7386401177511934e-05
3.7444878019593794e-05
0.0010915790266010058
5.902247882151348e-05
2.8912307482110595e-05
2.0641442928243292e-05
2.7884270534920786e-05
6.834586748246518e-05
2.9572165142102342e-05
2.753138328051963e-05
3.0097453119217735e-05
3.761286146254129e-05
2.5201688032606486e-05
6.24031216074581e-05
3.4075637264045056e-05
2.2647647826715735e-05
0.0
2.590436564017789e-05
2.147036438782068e-05
3.651706716375046e-05
4.071048635685276e-05
2.1715385456995838e-05
0.0
1.980110481270674e-05
2.2163446983425446e-05
0.0
2.071521323648129e-05
3.988297035862474e-05
2.6645856086213553e-05
2.177824021425706e-05
2.0916522001316125e-05
2.760835391700914e-05
2.5414106548647354e-05
4.435824737098107e-05
0.0001308829031616627
2.701883444255271e-05
0.0
6.294268802544622e-05
3.123222771477086e-05
2.0793280749944803e-05
1.8233871675922215e-05
2.754001584868393e-05
2.3118574337190055e-05
3.183785442920294e-05
2.5941643444736092e-05
0.00012337799209597474
4.0276598716575536e-05
3.951280193779492e-05
2.4704187855688148e-05
3.5167432972532987e-05
1.8487757042910203e-05
3.4133777689906484e-05
2.6487496343248283e-05
0.0
3.9337570108319236e-05
2.9232037139547667e-05
2.270268636872387e-05
2.4526391312779494e-05
3.38585443234732e-05
4.9442671295819366e-05
2.4079304057459875e-05
5.0225179737651596e-05
2.5477583425502395e-05
5.033737219473145e-05
3.0721496767077174e-05
3.3916360263442354e-05
2.0080816291544312e-05
7.884991770496355e-05
2.8817601433139187e-05
2.204447333538153e-05
1.6811336319683517e-05
4.2212150173848564e-05
2.7138424110957775e-05
0.0
2.7408139489202662e-05
6.784220665585746e-05
2.0782706095335303e-05
4.8154992955605224e-05
0.0014334181016438213
6.010944341674577e-05
2.6129368803486245e-05
0.0
0.0
2.435550404088207e-05
2.7409433125667478e-05
3.7318051284635797e-05
1.602901397343326e-05
0.0
3.5262520722496144e-05
3.684157480617739e-05
4.176967422164017e-05
4.119898933658248e-05
1.8812026494024675e-05
2.770283710193063e-05
4.349327380169434e-05
5.437971369380582e-05
8.709230380749342e-05
5.123178616443539e-05
2.008146458833437e-05
3.7951064406730156e-05
2.3587793861506595e-05
3.116945344450046e-05
1.853953981071293e-05
5.500198467836188e-05
2.156683128013674e-05
2.5119084546992997e-05
2.2263393054900005e-05
2.2982169023757357e-05
2.393372390531255e-05
3.4428978582818304e-05
9.339149002224633e-05
4.901131658232566e-05
0.0
2.901776517938456e-05
4.163185066466239e-05
0.0
7.074925198783546e-05
2.4592804752546195e-05
2.4559056899096305e-05
2.3561550921018586e-05
1.6924184634408564e-05
0.0
2.2703329975751726e-05
2.5311834493145055e-05
2.590014472127206e-05
2.309123360127215e-05
2.1106017649935805e-05
2.8082237208155458e-05
9.386152952026202e-05
2.817530077343888e-05
0.0
0.0001321951890529405
4.4183083914745656e-05
0.00017688882572912705
2.6715795998202317e-05
5.079203104878626e-05
2.782695721292602e-05
5.974691764763382e-05
3.895903683247516e-05
2.1103447438101246e-05
1.8372189803424252e-05
4.138015384036085e-05
2.983423952866116e-05
2.098903420869738e-05
6.896185024622226e-05
5.922799279063187e-05
5.0418274669322894e-05
2.4595792448416665e-05
2.5846729519495058e-05
2.4425413886682397e-05
2.6525579624609412e-05
4.159346229938874e-05
0.0
6.804550944095072e-05
0.0002139331936155413
2.847365379621037e-05
2.9992272566644988e-05
4.405017235038614e-05
2.3844657648423526e-05
2.4893265708208532e-05
2.4690879533854665e-05
2.7591529015761082e-05
4.076302090924908e-05
2.058145788929419e-05
4.647066637672918e-05
2.6109919592247992e-05
1.9526508180482364e-05
2.5737715301992067e-05
2.569836665007964e-05
3.031163854313951e-05
2.2245846338052363e-05
2.519612441964641e-05
3.1237165087309775e-05
2.0263543566412034e-05
4.1501292820608027e-05
2.1520856322558053e-05
2.4271132856189465e-05
0.0
3.246245022807786e-05
2.598943433035694e-05
4.9096423834038245e-05
0.00012242676995420916
1.7860414573210297e-05
2.875991074894371e-05
2.6379497399946612e-05
3.058618735474904e-05
0.00025459090292770565
8.747302365847372e-05
5.4410350599240824e-05
2.5680090420539266e-05
0.0002357336860765199
1.974246721274432e-05
0.0
0.0
3.206841915666879e-05
7.425548192794593e-05
4.5811068861793105e-05
1.774529329940615e-05
6.279440980245314e-05
2.924012469483808e-05
2.0429236467943046e-05
0.0
0.0
2.4320718471995695e-05
1.9317148597636025e-05
2.425355820526549e-05
1.8268803387205477e-05
2.0905366455652177e-05
2.459796843464261e-05
2.2915340414130685e-05
5.7775322036705227e-05
3.5895545174283356e-05
3.0587400724120265e-05
2.259624662830275e-05
0.0
2.7899462766842345e-05
2.321652628422689e-05
2.7639560767249433e-05
0.0
2.7106801365017077e-05
0.0
4.169365472927099e-05
6.079097754088735e-05
2.0052223755929892e-05
4.682270145254671e-05
2.6107528241051933e-05
0.0001306346807600902
2.044665803186921e-05
3.523940206200286e-05
2.430323947754957e-05
4.6402170474346784e-05
2.362706630934773e-05
0.0
2.4029008586399925e-05
1.9945458459545348e-05
3.279818751559261e-05
2.844170786469638e-05
2.801885151627431e-05
2.7824106725984363e-05
3.630048989639288e-05
2.850890137933929e-05
5.0568196851193164e-05
4.742464791646043e-05
0.0007114972722204883
1.8825636399762773e-05
8.767730403234773e-05
0.0
3.370310534009417e-05
4.539187492183422e-05
2.1127735032940827e-05
4.180142984824306e-05
2.729014642359876e-05
2.401303631246478e-05
3.4461053315529056e-05
2.8978594553975845e-05
2.327011349034683e-05
2.055433153624597e-05
3.207398300778781e-05
3.4585552817080715e-05
2.5667590939401406e-05
4.126894441234198e-05
2.9335178868564575e-05
2.2871326082768807e-05
5.825257279513691e-05
2.3538876621527756e-05
2.174357321787208e-05
2.9439843289860932e-05
1.7606452669328386e-05
2.2267563770190307e-05
4.0762173417730636e-05
2.2469971096752976e-05
2.2383689610703942e-05
4.017080375236659e-05
3.181578247794491e-05
0.0
3.240373941737514e-05
3.530715273746046e-05
7.700374542324203e-05
3.0425714482888995e-05
2.4083218328262112e-05
4.511593828862005e-05
2.6493933594964054e-05
2.053065405304237e-05
9.391966107436469e-05
3.433857445329166e-05
3.2990243434574386e-05
4.505952307631868e-05
2.7941245983256034e-05
1.9564776638501747e-05
2.9251356022143537e-05
6.447294731720153e-05
0.00031550346277166297
2.6849371588600984e-05
2.4222250677135997e-05
0.0
2.851627053362015e-05
3.217176022321389e-05
2.7586204042718244e-05
2.8038204049288887e-05
1.8817366138391242e-05
3.045036782921598e-05
1.8616673026596164e-05
0.0
0.00028365098447237204
0.0
2.0412149394105722e-05
4.0140591686614436e-05
0.0003107840745536597
2.0879833696583778e-05
4.274189601900347e-05
6.262318212316225e-05
2.5778914976603286e-05
4.094422729459621e-05
1.7307593041895785e-05
3.1872350215294884e-05
2.9177434998942417e-05
2.893296403378238e-05
3.2916652327885415e-05
2.6319496898696987e-05
4.0629831261274326e-05
5.342433577509896e-05
1.769805837229815e-05
8.911156100545343e-05
4.482289502803265e-05
2.2037355633894975e-05
2.8233604271444035e-05
4.444903616860375e-05
0.0
2.6781380299413878e-05
5.110852115077554e-05
2.470028360162191e-05
1.905154795784671e-05
2.7503209695672994e-05
3.2359548461850426e-05
6.756100034340285e-05
2.4557128573728137e-05
2.4303987510715775e-05
2.6645065018774164e-05
2.2662169235759298e-05
2.9487274140405564e-05
2.0916371824378254e-05
8.389344232668926e-05
3.1142274984342216e-05
4.2562213927896885e-05
3.6477826615078676e-05
2.4753806005814735e-05
2.1272236673583698e-05
3.8398439165294104e-05
4.850964822934585e-05
2.165820220256687e-05
2.8067893609765422e-05
8.763730713465195e-05
2.0562414485146923e-05
4.865518462822913e-05
2.517495818009222e-05
2.2898608659285523e-05
2.8878770851345348e-05
1.9155615146208147e-05
2.5520579497785434e-05
1.8012018406352305e-05
2.3577418660927088e-05
5.823879274327246e-05
0.0004636586167441973
5.3762767395948014e-05
2.2302527018454608e-05
7.145949847335779e-05
2.5090319404494073e-05
4.769278483015207e-05
3.418246224606348e-05
2.3982818192386555e-05
2.1611608235528123e-05
2.366126729941421e-05
2.7149261521056747e-05
4.2285549895446024e-05
2.805861077448502e-05
0.0
2.1576146772248606e-05
4.892037435411754e-05
3.9113807626569764e-05
7.18267019621229e-05
3.609026831996803e-05
2.2886521920012604e-05
2.3477244466805844e-05
0.0
3.689912641293531e-05
2.5254244141747535e-05
2.2675334746033148e-05
2.3018391584641996e-05
3.0133570711089397e-05
2.1919014097037053e-05
1.9741757620110124e-05
3.795528118121214e-05
4.428327309186168e-05
2.6339624589399884e-05
2.685069136902299e-05
5.3923004350035914e-05
0.004029080293795272
2.293856943357796e-05
0.0
2.2987903513461444e-05
4.064308848946206e-05
3.563898844380167e-05
2.420782727466217e-05
4.664941679197358e-05
2.3646410090894382e-05
1.9850844644393227e-05
0.0001377247437482399
3.391755001066856e-05
2.334338212135755e-05
2.1735167918261724e-05
9.859749741850057e-05
3.191520426768288e-05
2.7054783922967426e-05
2.726436227182719e-05
2.027669594039245e-05
5.276126554354952e-05
2.5477106388779886e-05
2.051286899187129e-05
4.2255741167226863e-05
7.308353101747206e-05
3.534676184915717e-05
2.3364042786691408e-05
4.9851200765686195e-05
2.8711531915151184e-05
0.00011524845234766772
5.181442025555975e-05
2.09953534866712e-05
2.6544629114379815e-05
2.1152118317527935e-05
3.833962971350994e-05
3.618917864794171e-05
2.9842509462115246e-05
5.071147976194388e-05
2.15931443670935e-05
2.0461609455835038e-05
4.2719570512771386e-05
2.489677684285383e-05
2.5009003666235532e-05
3.3985434857095625e-05
2.414932741984337e-05
6.542850094816955e-05
3.294302950218923e-05
2.3471562184656025e-05
4.239665180611229e-05
3.053113677079013e-05
2.886514169881104e-05
5.616836653421898e-05
5.0494876390393194e-05
2.9395636574432024e-05
0.0
2.5735639825491678e-05
2.182369655683215e-05
2.3118771546852955e-05
7.303443651477344e-05
2.0886310405754783e-05
3.401984712468048e-05
2.330539788541596e-05
2.1845194836159398e-05
2.390230010585995e-05
3.7525930727822385e-05
2.4831738983845403e-05
4.153446485533078e-05
3.0031214306733324e-05
2.6871761772973332e-05
6.973267749783838e-05
2.1627806750894125e-05
8.792110839775418e-05
1.982459228967782e-05
2.7940488254958474e-05
2.097586059713078e-05
2.43786354612399e-05
7.700237860081244e-05
2.5340331443527017e-05
2.4124501954867355e-05
2.2444352629098787e-05
2.081959293505455e-05
6.727066583545712e-05
6.945802420248877e-05
0.0
2.0840643937725188e-05
3.0494129262081436e-05
3.940144892771094e-05
3.0491668622313853e-05
3.124918967902345e-05
1.3962600793957811e-05
2.318738898804969e-05
2.7234442462266767e-05
1.968487834509092e-05
0.0
0.0
2.6833336736989884e-05
2.4094153270598036e-05
3.2012133035090754e-05
3.941413239302313e-05
3.104047129431336e-05
4.1095051545126036e-05
3.163891374315904e-05
0.0007106736248532193
0.00016126805796258837
1.8815221993759013e-05
5.209717937864774e-05
5.215102837125382e-05
1.8883550470396698e-05
2.43618211588712e-05
2.9682091063669322e-05
3.6535469224543547e-05
4.2682045429055966e-05
2.1735857999510264e-05
0.0
2.9349770815099554e-05
3.536249043669066e-05
0.00019029771823058086
8.61429581585044e-05
2.4861299078537013e-05
0.0
3.1555130267425114e-05
2.389194175327441e-05
3.137510954454687e-05
2.868542341541114e-05
0.0
2.3733836269490534e-05
2.435397343043656e-05
3.879532106583748e-05
2.7992277522488435e-05
0.00020374123625507807
3.341269081464414e-05
1.94176697268481e-05
1.5649177960340548e-05
4.080437717640047e-05
2.7748425645035124e-05
1.7516705394401266e-05
3.408819323858939e-05
2.577411693541607e-05
2.902484806132356e-05
4.313677751920954e-05
3.1049153298980423e-05
1.7474839821837252e-05
4.323869572700839e-05
3.0174104855417615e-05
2.7537155907214677e-05
5.763120977471646e-05
3.03767616713781e-05
0.0
2.071434238927007e-05
2.7711057190771012e-05
6.996246400026718e-05
6.688281542622811e-05
0.0
2.078497790536281e-05
2.185012878435607e-05
2.758970176529454e-05
0.0
2.853390475116915e-05
0.0001212879604902603
2.899805419593595e-05
1.6000906785671456e-05
7.642116616350393e-05
2.2410372776486726e-05
2.7895001229796775e-05
1.8241693294090465e-05
3.0266055492039388e-05
2.2351181738001096e-05
2.8316246632169146e-05
2.7074446788816642e-05
0.0
4.353731639464595e-05
3.259305003061962e-05
0.00046898745489729076
2.0496710306923395e-05
4.8205777791626505e-05
0.0005821215092129028
2.2158836219011055e-05
4.295288847526655e-05
2.6167970598498734e-05
2.08021990260409e-05
2.1649990915383506e-05
2.7519080000134503e-05
2.4225230657153963e-05
3.322260997192158e-05
4.4278267665495066e-05
2.5210442817667897e-05
2.295108101871616e-05
3.008522715854235e-05
0.00010902165630506924
2.1702375435398417e-05
2.9987082512695277e-05
3.8746220087244766e-05
1.9379575142486264e-05
2.077993751723774e-05
0.0003322980673652816
4.4346827678976516e-05
0.0
0.0
3.090796366010614e-05
3.8081783180100196e-05
2.412326011995438e-05
2.5980765048035602e-05
0.0
0.0
2.6915121910487685e-05
4.078098491392348e-05
6.5879914981397e-05
4.6743086783025295e-05
3.6289662190765625e-05
0.0
0.00010101041689847991
2.566812538852521e-05
0.0
2.236262740934711e-05
0.00018790229310522715
2.693474604240606e-05
3.102948575975271e-05
0.0
2.1584250470131752e-05
6.741241697449245e-05
2.902895126812419e-05
2.3548516664192334e-05
0.0
0.0
0.0022146331110900613
2.0034823296905383e-05
4.023274556581293e-05
3.0011330838207552e-05
4.0063837529215617e-05
2.5826655116121683e-05
2.361666393750749e-05
3.483594440194193e-05
0.0
6.358092562533542e-05
4.407813636733551e-05
2.6303718515979257e-05
2.7177049137381427e-05
2.754404075642113e-05
3.40277946503329e-05
3.099830650791822e-05
3.410148426258362e-05
5.239532861105881e-05
6.59524695109443e-05
5.989238614991255e-05
3.219679616065507e-05
7.020184318193691e-05
2.45802870461149e-05
2.501325034272924e-05
3.5499501167337936e-05
2.434248285521478e-05
0.0
2.4690161708117304e-05
2.3408274902877226e-05
2.0723751048680846e-05
3.133580128154063e-05
2.9691721680986324e-05
2.940168649054928e-05
2.4403107109433187e-05
1.796747972581156e-05
9.592614866611291e-05
2.3909344048432075e-05
2.5492522231862412e-05
4.366302963501089e-05
2.7638303015588805e-05
2.3855481057700196e-05
2.4120540934965318e-05
4.582923440480159e-05
4.183522652613398e-05
2.7733766477455294e-05
5.2029177898125375e-05
2.8684114898640825e-05
2.6680997266023615e-05
2.3999815506982034e-05
2.248556033124185e-05
4.593246491342182e-05
1.894080567665775e-05
0.0
