0.0
2.7060983763347814e-05
0.0
1.4809707533056022e-05
1.7993937430449084e-05
0.0
2.045561808592568e-05
3.0159401571356334e-05
0.0
0.0
5.247338732931478e-05
2.2851245984023927e-05
2.822880350662302e-05
0.0
0.0
0.00014940854878438948
0.0
5.229123887238756e-05
4.5613078335805716e-05
0.0001269794175764379
0.00011644770695960898
1.7359695317036743e-05
0.0001583706262068372
0.0
0.0
8.428506793270796e-05
8.680454223527907e-05
0.00013527712715656831
2.2252191697934897e-05
0.0
0.0
2.115480494558957e-05
0.0
2.1376163706261132e-05
2.4074898041195685e-05
7.970863894880737e-05
0.0
7.441416172906426e-05
2.6953607269776217e-05
2.7541347168450362e-05
0.0002386419337658792
2.8322442297826678e-05
3.158152010002552e-05
5.4124119187908755e-05
2.1450382641812888e-05
2.3733320830750125e-05
2.4215010826546935e-05
0.0
2.270807647199129e-05
0.0
2.695622541887153e-05
2.4328023944585628e-05
0.0
8.058477919926379e-05
0.0
5.123454114523011e-05
0.0
0.0
2.2833093194895912e-05
2.759268906928046e-05
0.0
5.241609570292394e-05
2.2806215703042753e-05
2.5547483402011814e-05
0.0
5.2124188845660834e-05
0.0
0.0
0.00010402393095407151
2.0771144034194383e-05
0.0
0.0
2.437794761954029e-05
2.318126923361677e-05
2.4795965124229466e-05
2.2425670228151772e-05
8.186044050907307e-05
0.0
7.17056043868993e-05
2.3604965659320827e-05
2.1999591512774343e-05
5.66159558384767e-05
0.0001315465093322448
0.0
2.3825517277984315e-05
2.521669745164202e-05
0.0
2.3139465054488507e-05
0.0
0.0
2.3204962791841658e-05
4.567818576357457e-05
5.576095218809526e-05
2.6861364860804363e-05
2.981930855158491e-05
2.8535878674347912e-05
2.6597566749730533e-05
0.0
9.024784347095745e-05
1.949596766866823e-05
5.9348965746114096e-05
2.458186058483259e-05
2.4693312368360855e-05
0.00011138260424484245
2.615676244125365e-05
2.391897465762376e-05
2.2602027515897253e-05
0.0
3.25032878222881e-05
3.1094160535367996e-05
3.639485818460627e-05
0.0
3.720647015125463e-05
4.1928919160103806e-05
0.00010795033924657818
2.487673284851871e-05
2.766516056304361e-05
2.408356757984367e-05
2.4168709541904672e-05
6.664093165663641e-05
2.5988835237663127e-05
0.0
2.0853106936388792e-05
0.0
2.255865261862859e-05
3.64587432597549e-05
2.86987384794075e-05
0.0
2.4086322632121465e-05
0.0
2.33458710557199e-05
2.7586945639512564e-05
0.0
3.1043771635030944e-05
3.938261628547686e-05
7.762746057297262e-05
2.4984531161129213e-05
2.2831423117732263e-05
1.4379865142943322e-05
0.0
1.7655430531389043e-05
0.0
3.0475250745058813e-05
2.194763913068986e-05
2.8096188866712454e-05
0.00011647512183296685
2.882707980292076e-05
8.729985667816205e-05
5.59540098537112e-05
3.0177953007374367e-05
0.0
0.0
0.0
0.0
2.287451216636954e-05
2.8366678286813454e-05
3.060503371306598e-05
8.959326568418839e-05
0.0
0.0
1.8602692675331036e-05
0.0
2.7505163748440017e-05
0.0
8.88086967161573e-05
0.00019305721812301003
2.856659226792125e-05
0.0003401245940318956
0.0
5.11813348726408e-05
0.0
2.6847579423607763e-05
0.0
0.0
2.5755999595371614e-05
2.1558670116320075e-05
2.4523192650240516e-05
2.3266102317861015e-05
3.102005290831009e-05
2.378752611792846e-05
2.5091473391532772e-05
2.865520463066572e-05
3.084060184213547e-05
3.395809501930353e-05
2.6433664857751474e-05
3.343704440461956e-05
2.342903318987408e-05
2.5267524097707094e-05
2.1717073924407576e-05
0.0
2.65905438860594e-05
0.00017195909693997356
2.8749244630029326e-05
0.0
4.278387351611676e-05
1.8725538617624132e-05
0.0003762610765370781
0.00015116000971573867
2.4372037392755426e-05
2.95726157426582e-05
2.2343810271477182e-05
6.167784038567109e-05
0.0
2.411513906182367e-05
4.047868658774448e-05
1.953530438486722e-05
0.0
6.179297276793358e-05
0.0
0.00013827983175097945
0.00011846430782604197
2.1657628109567463e-05
0.0
0.00036349734897806726
2.5807404195351067e-05
0.0
4.135043371596145e-05
6.001207887992612e-05
9.343956557351013e-05
4.3060324741075066e-05
0.0
0.00010196311438729608
2.197350041331277e-05
4.420404422617899e-05
2.2220753740319295e-05
7.125121809541732e-05
0.0
2.6397940929997286e-05
2.133738442785129e-05
0.0
5.9151313658906726e-05
3.334653428857217e-05
0.0
4.2597395664828035e-05
2.8358792593071418e-05
6.496372891612766e-05
4.140531294955734e-05
0.00030439879514679785
2.7165621700740186e-05
8.708606599139579e-05
0.0
2.4666597101672865e-05
6.192701988576066e-05
2.151743370726656e-05
0.0018323699998905318
0.000950473534639791
2.2046268593506447e-05
2.7426111645221718e-05
2.0946658307863373e-05
0.00014288404159876382
0.0
9.099660014711985e-05
4.3571767676175e-05
0.0
1.8841659774935062e-05
1.9764096419311248e-05
0.0001285407301750031
2.394027514962822e-05
1.861691977958606e-05
2.9292854804258752e-05
8.364026991480292e-05
2.205246659744311e-05
0.0
0.0
2.2611247544837843e-05
2.568726961744491e-05
3.2165368377110874e-05
0.00012599625669562452
3.001843931291412e-05
0.0
3.2125026850835555e-05
3.123328305096618e-05
2.3395669226743868e-05
2.8132558107441644e-05
4.557579335067002e-05
2.435160140057093e-05
3.561548631367278e-05
2.5957263395024574e-05
3.869543896554279e-05
9.874776182192933e-05
2.2634588442534144e-05
1.9068267358276205e-05
9.813691307837049e-05
9.538924322403652e-05
0.0
1.6193109690595466e-05
5.6881893942674794e-05
3.2909917751011085e-05
0.0
0.0
2.4407907974105406e-05
0.0
2.219749167881432e-05
2.35287987747578e-05
3.791880143074808e-05
2.4244713718909613e-05
0.00016082805370074064
0.0
2.853738071336457e-05
2.637488485083029e-05
0.0
0.00011933394774571096
0.0
2.24496000821952e-05
0.0
2.7964712820977885e-05
0.0
0.0
2.85593234007371e-05
3.489995881918144e-05
0.0
2.32627576066872e-05
2.421549862604919e-05
4.5733618782557715e-05
0.0
0.0
3.11636679444388e-05
0.0
3.088935412873508e-05
0.0
0.00011153107744913501
2.806903736818656e-05
2.4599367418049296e-05
5.9893810180322554e-05
5.411617561502723e-05
2.9448088465631894e-05
4.735882834003891e-05
2.3834566568356035e-05
5.295339417623236e-05
3.073934309315254e-05
9.529683339362394e-05
2.4256121700803253e-05
0.0
0.0
6.555173658052438e-05
2.6191692736737006e-05
6.771817490343535e-05
0.00010438972703738385
1.5870674953518686e-05
2.838285277493214e-05
5.652017087888756e-05
6.872900630696438e-05
0.0
0.0
0.0
0.0
0.0
1.791140119026951e-05
2.4845385603162926e-05
2.4616660300813128e-05
1.5066136048881677e-05
6.71428386219503e-05
3.426537032646615e-05
0.0
0.00012862155225306835
3.9520100040458754e-05
0.0
2.0355595884290262e-05
2.0975918169936554e-05
0.00012200700976198664
3.087147723070678e-05
0.0
2.5730868321659556e-05
0.0
0.0
0.00012893232462736888
3.021325853750603e-05
1.9142134590393427e-05
2.4436091491181074e-05
1.8296625453308054e-05
0.0
2.4546468940944847e-05
0.0
2.8697129384443524e-05
2.3600263241542863e-05
1.9770599575016567e-05
0.0
7.103917242902213e-05
5.756287520552932e-05
0.0
2.479519000464017e-05
2.991911548351254e-05
2.5395251330706067e-05
3.059337194249153e-05
6.581363041147231e-05
0.0
2.4089308654920307e-05
2.352165914988697e-05
0.00019482404388168845
2.013411248209577e-05
3.298216584287888e-05
2.004782865952815e-05
2.6962280721697644e-05
0.0
2.1222286123554355e-05
2.2019318865423862e-05
2.4841948966918282e-05
1.8446735708175997e-05
0.0005306062901201511
2.5353775975388637e-05
3.460868675770999e-05
2.9867919280730176e-05
8.927856192902882e-05
8.054547109803277e-05
2.6072116751353628e-05
5.6883098667232334e-05
0.0
2.066998543727778e-05
0.0
0.00010817479770655078
0.0
0.0
2.5670545592019696e-05
2.3775812850926324e-05
0.0
0.0
4.7744991990732696e-05
2.9370664452573994e-05
0.0
0.0
0.00036274354811861577
2.8004712738125065e-05
2.9686302905930383e-05
0.0001433708698273978
0.0
3.244961709173095e-05
5.074398365800405e-05
0.0
0.0
2.3016405088486817e-05
2.7085159691520538e-05
1.8044427707036846e-05
2.1390808903042937e-05
1.921729706587309e-05
0.0
0.0
2.2130134434239375e-05
0.0
6.202819033518698e-05
2.7610254164654348e-05
4.915945323690407e-05
0.0
7.374129598591019e-05
3.083484118252542e-05
2.4820830774682412e-05
0.0
3.2418694401432616e-05
0.0
2.640093904163248e-05
7.386836346233886e-05
0.0
3.1351810437264477e-05
0.00016543470990148688
0.0
2.11265624744784e-05
3.2085885067060665e-05
0.00011511784519186681
0.0
3.788306101308329e-05
2.6210413712654915e-05
2.6067275641884744e-05
2.9524424352322257e-05
8.520014677448521e-05
0.0
1.8204039336268462e-05
2.655631672712276e-05
0.0
0.0001531198873214165
0.0
0.0008711362215633038
0.0013114035766660208
0.0
0.0
2.596539325871661e-05
8.434890547213899e-05
5.4401669705939755e-05
0.0
2.4320684306059078e-05
5.669511474849597e-05
0.0
1.748313945387952e-05
2.7992468407046405e-05
0.0
2.6461362538028958e-05
2.2646337489216738e-05
6.675663895709873e-05
0.0
0.0
2.1302932665402076e-05
2.1830070186071753e-05
2.029293447051529e-05
0.0
5.9622895793841664e-05
6.1574522166644e-05
2.7819466126433563e-05
2.7460796721416727e-05
3.729983767914466e-05
0.0
3.6505455056057814e-05
0.00011640808990539694
3.027898984248535e-05
5.5032165904630146e-05
0.0
2.9639236767400233e-05
3.1842747889078044e-05
0.0
0.0
0.0001019628338630574
4.123025686925315e-05
2.3797510480683955e-05
2.2174612629051064e-05
5.193596672805665e-05
0.0
0.0
3.231832837307637e-05
4.8726384334973624e-05
0.0
0.0
5.231844285573094e-05
2.7505294485947406e-05
2.7608164538991438e-05
3.1314481417154166e-05
3.4984302449959116e-05
3.259871389030098e-05
0.00045156689744376766
0.0001474131518419983
0.00011134537937739117
3.157082438901973e-05
5.2269918262180965e-05
2.263903337050147e-05
3.3282814910126755e-05
1.946165978904872e-05
2.2365415721193086e-05
0.0
2.4096836836809373e-05
3.15995485323178e-05
4.4689896769926e-05
2.4490941354605764e-05
2.5478741430073223e-05
2.4500098034742856e-05
2.1672311228554367e-05
0.0
0.00017668110127800281
0.0001305343413350695
0.0001199687820516863
6.964927675722732e-05
2.2198361355820165e-05
0.0005673325486858701
0.0
6.867363293530234e-05
8.990049374444504e-05
2.4854553730874283e-05
2.8719103759247316e-05
2.8970062406014145e-05
2.3079222803165397e-05
6.49742809234727e-05
7.284831256553825e-05
2.678650505073223e-05
0.0001648108692895151
0.0
0.0
0.00014160313788363877
0.0
3.289070944628703e-05
0.00013142048262103083
0.0
9.33310129365471e-05
0.0
2.8697568187259452e-05
0.00016338459596972337
2.2630802232473284e-05
2.3710343511214904e-05
0.0
2.9963692523716016e-05
2.545130054886352e-05
2.3599473196119138e-05
0.00010874865024419126
0.0
0.00010847083866644672
0.0
3.4526701359123266e-05
6.58052019437357e-05
1.921015463314589e-05
1.963586383361792e-05
2.618650005879971e-05
2.071226522782132e-05
2.0991396423316102e-05
0.0002612427809879945
8.80203427497319e-05
2.1778331509376642e-05
0.00010102413192715314
5.404869102712227e-05
0.0
0.0
2.0287598940746213e-05
0.0
0.00012227662705612685
2.3848173733269083e-05
3.195489914711033e-05
2.4939632717428448e-05
7.356487240611645e-05
0.0
0.0003541581857855783
0.0
0.00011164729070843466
2.3691531485832975e-05
2.2545406331353596e-05
0.0
9.708782735166214e-05
2.1064712270955626e-05
2.64443378846137e-05
5.7143755649943536e-05
2.2684602277355347e-05
4.028841998921733e-05
1.9335218630141535e-05
2.651739184125622e-05
4.560025709877062e-05
2.1181599714938323e-05
8.046262246624267e-05
0.00010345719305856887
1.7928243292104607e-05
2.7255780882409356e-05
1.8700469268263307e-05
0.00013770828352104868
0.00021168664142654688
2.8749069382259878e-05
3.644027071510271e-05
0.0
2.223442816457e-05
2.627764826995823e-05
2.5195905143532007e-05
2.253746976524603e-05
0.0
2.4438785245531032e-05
0.0
5.420446190737761e-05
2.1281401845010485e-05
0.0
2.2377987805865736e-05
6.64331270913304e-05
3.9087417000394644e-05
7.671281738059617e-05
9.271650416972105e-05
0.0
0.0
1.803633243524438e-05
1.9365062729583255e-05
2.634035563217262e-05
8.202080783474759e-05
3.1482907740602657e-05
2.1154017915353165e-05
2.117149563582062e-05
8.860838562572161e-05
3.082721848150728e-05
0.0
3.866086292361868e-05
1.6195595585912223e-05
2.044044245515464e-05
9.352976133175001e-05
3.7763485464432404e-05
2.2378403393942766e-05
2.7471258957539282e-05
8.136003476793709e-05
0.00015352502278904252
2.9101553536405377e-05
2.4432671490631432e-05
0.0
0.0009976524776350584
0.0
0.00020347243111128974
2.312857666159187e-05
0.0
5.080546562658517e-05
0.0
2.953379737050822e-05
2.8838222530357298e-05
2.336948322620352e-05
3.151938014521792e-05
2.121965880720194e-05
2.6659312861148128e-05
0.0
2.6405733750696154e-05
3.327072269265362e-05
2.890748347669819e-05
0.000252947895839887
0.00024550323248606084
2.7475874264250987e-05
0.0
5.6220176732459044e-05
3.368791914561019e-05
2.9020015944982175e-05
0.0
0.0
4.580696691869734e-05
2.5814257525018966e-05
3.3868608440286796e-05
4.6162184230847045e-05
2.1159723264218883e-05
1.8870878526536208e-05
2.676757963675559e-05
0.0
0.00020569490074251906
3.174479171075807e-05
3.065838267115208e-05
0.0
0.0
2.8340952932355244e-05
3.899587205321251e-05
0.0
0.0
2.2354954875556358e-05
9.386662634289031e-05
2.480239647800875e-05
2.307775334448077e-05
8.419339519485813e-05
2.1561213391101294e-05
0.0
0.00016106364702832436
0.00010059143987191983
3.110985468480026e-05
0.0
3.180087661630419e-05
0.0
8.371898308859768e-05
7.122375784408259e-05
0.0
6.738234551115692e-05
0.0
0.0001951343565715997
3.945098077783455e-05
3.199650040191499e-05
2.5717287000981623e-05
3.615686796979994e-05
2.2059221645358134e-05
0.0
0.0
0.0
0.0
2.0759601668108465e-05
0.0002103766210977729
2.618043811328204e-05
8.20081626837084e-05
2.3734235985492717e-05
2.7006610940605436e-05
0.0
4.9822090435810755e-05
0.0
2.3529360514818368e-05
2.2237424603524308e-05
4.4327410055380145e-05
0.0
0.0001502797400243755
3.3540334663952516e-05
0.0
3.173614053251053e-05
2.1388921572917265e-05
3.7129574405039595e-05
4.90753271794797e-05
8.331942745639953e-05
0.00010449911679395919
2.0259425275659845e-05
0.00024354585287280516
0.0
3.550353278421045e-05
2.5359787232352378e-05
9.804459355644183e-05
0.00010412447544223302
2.212089401151627e-05
8.127886495889572e-05
3.2718724601980354e-05
2.0910225540939557e-05
2.3922555192543458e-05
2.991079869458085e-05
0.0
0.0001008575776720815
0.0
5.011630487315182e-05
2.7727157477558385e-05
0.0
0.0
2.6977820892122834e-05
2.4016717325137317e-05
2.2919306257837438e-05
6.920904548646779e-05
8.364862629666482e-05
2.6944891315875478e-05
2.7809287592576694e-05
4.207050671322743e-05
3.623705212559434e-05
0.0
9.659664140533547e-05
0.0
0.0003065249407974526
2.090420646569201e-05
5.9867525048549046e-05
2.3162383672413162e-05
0.00019778611976253667
8.604037712864958e-05
2.9877838359486405e-05
3.110348025815881e-05
5.839931136847881e-05
9.284905725478185e-05
3.033795415638506e-05
2.044121638228894e-05
0.0
0.0
2.30617409966448e-05
3.0147259467050087e-05
3.0985198503773934e-05
2.2488588392590044e-05
2.4236622721068155e-05
2.1864129220985274e-05
0.0001408159331896703
2.6209698264228972e-05
2.840541850151777e-05
8.702337342665628e-05
2.8122141435921822e-05
2.1326545008191015e-05
2.26814003124537e-05
2.1398480274680158e-05
8.588473678721467e-05
2.411819281732899e-05
5.084111319421001e-05
0.0005067359974403863
2.2442355219822804e-05
2.0295346059164422e-05
0.0
2.3616424868466115e-05
3.337327118663556e-05
2.731986320511954e-05
2.7225675394331673e-05
2.450107847366517e-05
2.9348310412896075e-05
2.9052664947086107e-05
1.903566498601609e-05
0.0001703612857368154
0.00017375686972001018
3.1683214429195315e-05
1.9817261618518458e-05
2.789260847971099e-05
0.0
0.00012135441822136835
0.0
2.5384060436268674e-05
2.8904712636363115e-05
9.345406291513941e-05
2.2288968252134165e-05
3.1452477604490695e-05
5.461595695392446e-05
2.001260987434427e-05
1.8766711423385354e-05
3.0126174306416224e-05
0.00039853206752009043
3.157928541074652e-05
2.4001143256990186e-05
3.175735774225155e-05
2.4825652694339785e-05
0.0
1.6721894985316887e-05
8.415158936087498e-05
2.6736127842728916e-05
3.7494475999945545e-05
2.6538806844282137e-05
2.8705436250772015e-05
0.0
2.5002777837461137e-05
5.0270543839192055e-05
2.5280638667719966e-05
0.0
0.00013225305020045836
0.00022540510695131814
2.6754927894723383e-05
8.066174278728671e-05
2.0605155332343966e-05
2.518642260371854e-05
5.2953673335952674e-05
2.7100133511505445e-05
2.39000164114248e-05
2.2470384043262334e-05
8.589404789307396e-05
0.0
0.0
2.2998976167070465e-05
2.5521164753197218e-05
1.6788133744928824e-05
0.0
0.0
3.2703780769008963e-05
3.429052818591115e-05
2.6295997911334693e-05
2.072648795581572e-05
0.0
0.0
0.0
0.00043957306890584827
5.092412440927095e-05
2.5476399691555167e-05
9.648972368192575e-05
6.0493574704513394e-05
2.5148487017437697e-05
1.7232015086093115e-05
2.051858076247067e-05
2.2512961758485146e-05
2.371221360893099e-05
0.0
0.00023177820395479
1.8880559135817286e-05
3.364225028760525e-05
0.00014867191043605035
0.0
0.0
2.0168701060423852e-05
0.0
2.1624977707631115e-05
0.0
0.0
1.637667171767552e-05
0.0
0.0001671223016198185
0.0001296957902115578
4.677938820602664e-05
7.137576279828205e-05
0.0
0.0
0.0
2.8595299032351286e-05
2.8635913334834815e-05
0.00031512653947288194
3.542664330873806e-05
0.0
3.238366432976988e-05
0.00016197360909996116
2.3197030658371937e-05
9.518480266783499e-05
3.946624992976331e-05
2.2988132896447662e-05
0.0
2.857688276700387e-05
7.243844823429068e-05
6.77417271591342e-05
2.5410559492681496e-05
0.00024992361166824637
1.987797325090078e-05
0.00015988738949183716
0.0006645252228779502
2.0050227094067576e-05
4.0583761508771643e-05
0.0001480873724044588
0.00017373595995883874
0.00017403881430907568
2.090991986496542e-05
2.5999337365993963e-05
4.300095766648007e-05
9.025338110972495e-05
2.0731854567183722e-05
2.9379306472406275e-05
1.8881134721210727e-05
2.610897515149855e-05
3.808479203747762e-05
5.809342953130482e-05
5.978819049604661e-05
2.43616844059899e-05
9.583936342141989e-05
2.4294412802425155e-05
2.9075735103333604e-05
0.00010823899089081542
0.0
0.0
5.64375432155336e-05
2.9148918199110795e-05
2.2523536336904133e-05
0.0
1.7463313330161955e-05
6.58811723502187e-05
2.1325264432370352e-05
2.5908721917998407e-05
2.466456190574102e-05
2.2121641848208365e-05
0.0
0.0
0.0
0.00038093867997539
6.20509176302278e-05
5.729702159224183e-05
2.7263466462497748e-05
0.0006438660879540708
0.00010675242238420832
3.112010988462593e-05
0.0
2.8579951886173947e-05
0.0
1.5107418367526737e-05
0.0
2.619011837866264e-05
0.00010742439885896301
0.0
8.64629986154757e-05
0.0
2.3985338928890197e-05
0.0
