5.398594775592286e-05
3.178204848816253e-05
4.4616496655773136e-05
9.736731942860136e-05
2.9424369162930126e-05
2.8453225902407197e-05
2.6007545324527237e-05
5.767791459289164e-05
0.0
3.067174028344032e-05
2.4569954701928253e-05
0.000153223703977906
1.852108525406641e-05
2.6951229493959433e-05
0.0
0.0
0.0002608193843201886
4.390792544211586e-05
0.0
0.0
0.0
1.873503838579422e-05
2.2010520321068184e-05
0.0
1.5008235295356622e-05
0.0
2.204100156509123e-05
1.7791199995374807e-05
2.3719320663561684e-05
2.4385917580654102e-05
3.2564648947273064e-05
2.7038370939284915e-05
2.1569000347937567e-05
8.36430851920256e-05
9.974253408809925e-05
0.0
3.663902712044434e-05
0.0
0.00015536307531601403
2.5016773086018032e-05
7.82995077092692e-05
1.7183160189098353e-05
2.6521239427300498e-05
0.0
2.2146549378737233e-05
2.4639794189789568e-05
0.0
4.9856787010821135e-05
1.967172080381186e-05
2.049048656989769e-05
0.0
2.3425637419379063e-05
2.023306952570391e-05
3.2657589470796105e-05
0.0
6.846307092439381e-05
1.9884642819866318e-05
7.71398752913214e-05
0.00022958328691216747
0.010540316189954211
0.0
0.0006722322217339568
0.00010197904972515048
0.00011866020159922164
6.864200238171468e-05
0.0
2.5135827099858823e-05
2.1262714148302703e-05
2.4882219599184607e-05
2.5145407227513992e-05
3.541946702702089e-05
2.4335806091056917e-05
0.0
2.3621980867141923e-05
1.6613326717625087e-05
0.0
2.588973326007671e-05
2.304822955190164e-05
0.00012988059502513455
2.4418274645988758e-05
0.00016569800679129386
0.0
3.078582119268316e-05
3.0554343179812326e-05
9.705351037862896e-05
2.817236647481068e-05
4.5463926596744145e-05
6.931148986339955e-05
2.6693902752048517e-05
2.2661858937564648e-05
0.0
1.79480662838799e-05
7.617264291196057e-05
0.0
0.00018060745362844807
2.3007768260229053e-05
2.4112337174474988e-05
2.288148686144598e-05
7.145071128464349e-05
5.020358638534494e-05
7.564366329193717e-05
3.358047831392177e-05
4.9265125242289016e-05
5.61855809470105e-05
0.0
0.0
2.58786691805125e-05
2.418907675076554e-05
7.860152769148497e-05
3.149908553291753e-05
0.0
0.0
9.813624155741645e-05
0.0
1.6939167609747728e-05
0.0
2.5464987172097514e-05
0.000276640591778301
0.0
2.2738152808076923e-05
0.00011106432714652873
0.0
2.171244489242784e-05
0.0005772707083537926
4.619272763302254e-05
1.706744673802346e-05
0.0
4.396897890491797e-05
2.4659299253114987e-05
0.0
0.0
2.4323789230581256e-05
2.5228320618393955e-05
7.499833760784434e-05
0.0
0.00019585995706902334
2.3233472270818538e-05
7.432030372591784e-05
2.210898602288875e-05
2.4072075621157644e-05
0.0
0.0
0.0
1.7045750408527177e-05
1.83105502334776e-05
0.0
3.463553211934401e-05
0.0
1.9172778507866783e-05
3.5819698750204125e-05
0.0
0.0
7.19649838553687e-05
2.7405237694801758e-05
2.503116848973144e-05
2.8408845855684865e-05
1.5323723719051165e-05
0.0
2.4041510435872286e-05
0.0
5.106884634323543e-05
2.332985967323137e-05
1.8327687323089322e-05
0.00012298971903855854
0.00010319202392890942
2.358101396473895e-05
0.0
3.3046680342090785e-05
0.0
0.0
0.0
2.4384027188805575e-05
2.4324720142096207e-05
0.0
0.0
2.33220573477662e-05
0.005012640423236942
2.838026587803667e-05
4.8297478109967485e-05
0.00011549840266073526
7.928089080080655e-05
2.2708309272322877e-05
6.574183692729008e-05
1.9748518557910114e-05
2.1676105773714915e-05
0.0
1.952107315076105e-05
1.811861870379138e-05
3.433876552596937e-05
2.0354735142936714e-05
9.189690245452931e-05
0.0
0.0
0.00015404728513467229
0.00011631980463319301
1.8809161143221653e-05
2.7352024315577504e-05
9.319761444285011e-05
2.1746826814516082e-05
2.346355409712782e-05
2.7920192205902e-05
0.0
8.14614709294142e-05
4.329231089380825e-05
2.4283501211049994e-05
0.0
4.922383193920343e-05
2.3160678048772835e-05
2.2750258999591502e-05
0.00012130587199834589
3.520567194530342e-05
2.828761366521528e-05
0.0
0.0
0.00011280016428860555
2.3129817239894394e-05
0.0
0.0
0.0
0.00014211132791054965
0.0005468806975070198
1.702851635288329e-05
5.4389141147923865e-05
2.5398832841436345e-05
1.768995668778698e-05
2.131110704752308e-05
6.987327976350652e-05
9.534428717140924e-05
2.107641427526746e-05
2.945170633257527e-05
1.7075547968048288e-05
6.284218682970731e-05
0.0
0.0011177526567397785
1.3218101961805865e-05
2.8256778610974372e-05
0.00013286036604456114
2.4323925020431818e-05
4.243438621198135e-05
0.0
0.0
4.926920616486423e-05
0.0001606083533156151
5.382657203671515e-05
3.380419526748841e-05
2.285396591824612e-05
2.8342040572942796e-05
5.1297353818183004e-05
0.00013669396267688318
0.0
1.9638462965773015e-05
2.1271828055047182e-05
2.0818226260745785e-05
2.865225178017557e-05
5.488395997605665e-05
3.79530678734225e-05
3.458779114674665e-05
1.9150444850237855e-05
2.2177718746623648e-05
7.970100235414246e-05
2.6337974319672463e-05
0.00011325094046327922
2.5253140655044473e-05
2.375346326997288e-05
0.002325005398618112
0.007681543297409124
0.0
0.0
1.6601859484640525e-05
6.919714088310986e-05
2.475852639636684e-05
2.825804856123517e-05
5.3267678941042686e-05
1.6642297083278392e-05
5.248674864226806e-05
0.0
2.364330681710746e-05
0.0
0.00010132058475171063
0.0005070966093028664
0.0
4.915614769970116e-05
9.52563024784326e-05
2.7890556670297747e-05
6.388856394613437e-05
1.9331471863106133e-05
0.00013896130945466786
2.8932792882625773e-05
0.0
8.244014520842871e-05
0.0
3.252841085729866e-05
1.7123088297878017e-05
3.78388657835759e-05
3.84612452269829e-05
1.9002003708194164e-05
0.0
1.5988746211958154e-05
3.112017931854928e-05
0.0
0.0
2.811900674515623e-05
1.5930367110454786e-05
0.00013941342978877547
3.718563089806477e-05
3.156851536947286e-05
8.07489782507974e-05
0.0
2.3272366797589887e-05
0.0003571304831115567
8.41812840671145e-05
0.0
5.870669804789888e-05
0.00014474184676009397
3.620219383797786e-05
9.116680623228756e-05
2.4005485106911975e-05
2.6515972024624185e-05
0.0
0.00010381432993796328
1.9832703937525782e-05
0.0
0.00031036185524643605
2.599964521849159e-05
4.843692028897557e-05
0.0
6.374628400823652e-05
0.0
0.0
0.0001251341326450283
3.8078082158239607e-05
2.6547313078886392e-05
0.0
0.0
2.470861373190061e-05
0.0
3.5179334604270896e-05
2.1764802642437168e-05
0.0
0.0
0.001916170099602672
1.9652768822706732e-05
0.00010860217337845556
0.0
9.992643830943927e-05
1.485690734991361e-05
0.00013596258440974287
0.0001650828315973656
8.819320942216425e-05
2.085724660532774e-05
2.3557156848459993e-05
0.0001298127655159018
4.1971338932488576e-05
8.201343059947027e-05
0.0
0.00016878933948500944
2.178977430032233e-05
2.767948880064848e-05
3.0321234929857845e-05
1.589786491649019e-05
0.0
0.0
1.9758572447713163e-05
2.980690046763961e-05
7.681760136466047e-05
3.7070419863248406e-05
2.4399725630281544e-05
0.00013674838324594142
0.00018408880029846831
0.0
2.8046358285901482e-05
0.00030392126171339517
0.00014558570716850726
4.7417103895933066e-05
0.0
0.0
0.0
0.0
0.0
0.0
2.0722797771120654e-05
5.1210256010165716e-05
2.2849933959548643e-05
0.0
9.429434160158906e-05
0.0
0.0
0.0
0.0
2.548109334297001e-05
0.0
0.00012252657220417632
8.679563917008578e-05
0.0
0.0004772546724414235
0.0
2.7540146833350204e-05
0.0
4.4334757736010886e-05
0.00018238543971200503
2.5235555378728525e-05
2.153961757340886e-05
5.958988582401396e-05
1.855418764392608e-05
9.312805353781041e-05
0.0001881127997182145
1.995053884862782e-05
0.0
0.0
7.328932980681364e-05
1.9254113859536605e-05
0.00012501886546867878
0.0
5.892957975971813e-05
0.0
8.237189550055434e-05
0.0
0.00011681406276931807
0.00010007173447736413
0.0
6.273337484228765e-05
0.00012438616444705345
0.00021086029921468186
0.0
2.0678881346405082e-05
2.910786556966207e-05
0.0
6.580315837673727e-05
1.915618719796032e-05
0.00011509332179208887
2.7979441882868367e-05
0.00010209162582818013
2.230233875923523e-05
0.0002219759831037948
1.8815961281196233e-05
2.7869080450652698e-05
3.342909540627816e-05
0.0
8.978004164655546e-05
0.0
7.751494118327275e-05
0.0
0.0
0.0002294285156725833
6.054322804851903e-05
3.3437628723652735e-05
5.39654283696582e-05
0.0
2.1209111343691347e-05
6.0963649069451966e-05
7.225155872056199e-05
0.00012048372816058109
3.8882734409463634e-05
1.5470175363302976e-05
2.338672787388515e-05
3.343833562040459e-05
0.00013332971331489468
2.1372743525783376e-05
0.0
1.6832153780114542e-05
0.0
2.4601761243882977e-05
2.3342065758394333e-05
9.253793234208105e-05
2.5013477740683133e-05
2.459900429064018e-05
0.00012367824887976841
2.8016146547683847e-05
8.612918978262786e-05
6.898945133297975e-05
2.453808110434953e-05
2.349409742722618e-05
5.2758844836509e-05
2.2702626286080305e-05
0.0
7.713204710997345e-05
8.930532041943468e-05
0.0
2.2111859839475826e-05
3.1306059395789436e-05
5.000723015288965e-05
2.39082596586196e-05
2.814702762799752e-05
2.4612009392780205e-05
2.0710759559451736e-05
3.805551451145253e-05
2.3868974247222676e-05
2.3504919933967338e-05
0.0
1.9633657212303682e-05
0.0
3.187855534427714e-05
2.536649369014677e-05
3.075350295722678e-05
0.0
2.4048140878885134e-05
0.00011893904343486032
2.9227536148694048e-05
5.8818562373878854e-05
0.0
0.0
2.9324047847364257e-05
0.0
0.0
0.0
2.66057408986482e-05
4.613050071861422e-05
1.3210719689327377e-05
3.550839566441932e-05
2.01906904230319e-05
0.0
1.9222708415397744e-05
1.896784498419079e-05
2.1906381174125368e-05
0.0
1.903838776427815e-05
0.0
3.401389287304743e-05
0.0001982701213648627
2.5595545747103916e-05
6.286517701317178e-05
6.934653873892539e-05
6.81392792398772e-05
0.00011395219680121088
4.8505194164027186e-05
2.5551576836536768e-05
0.00016300212792987962
2.212123034579693e-05
2.250088601220198e-05
0.0
0.00100671793336877
2.7624925107989263e-05
2.2962043231098834e-05
0.0
0.0
2.3866794863115938e-05
1.6489833271811974e-05
5.088127227407913e-05
2.8969443350473267e-05
5.3363891549002116e-05
0.0
0.0001185230719625051
7.71191481156577e-05
2.4548759721679422e-05
2.1223409879675624e-05
2.5008644092407808e-05
2.07167197368879e-05
0.0
3.424547449717705e-05
2.216596738522254e-05
3.0310029100726555e-05
0.0
1.720923970922464e-05
3.4498233336262835e-05
2.72348289829064e-05
0.0
2.1056489392821484e-05
0.00010766689936885474
7.321667209325143e-05
2.142952322485166e-05
1.812035444449155e-05
2.475933302964064e-05
0.0
0.0
2.8491454023473974e-05
1.7423328400219754e-05
0.0
2.036919086990709e-05
9.718121861403421e-05
1.7778745080031386e-05
2.962089671109507e-05
0.0003077245981158531
1.9705285862018124e-05
3.3917032874363205e-05
3.177378695989296e-05
7.357252567197012e-05
2.6848510669934407e-05
2.990508905800635e-05
6.984574279039127e-05
2.6385824645996365e-05
0.00016386704712151464
2.2523526489565436e-05
0.0001441559155219582
2.50703750829015e-05
0.0
0.0
0.00020123761213887464
2.5142580488504993e-05
0.0
2.4178682563960645e-05
1.906297593542145e-05
0.0
0.0
0.0
2.7351071378662237e-05
0.0
2.1609504419797797e-05
8.423010364691925e-05
1.6157210455343495e-05
0.0002887421651993046
2.3195247490602452e-05
0.0001522010183823549
0.0
2.019292967331755e-05
2.219621496647646e-05
2.5076984038884498e-05
2.2403788392042282e-05
0.00012821186337011933
0.0
2.4221743186473375e-05
0.0
2.507466683679417e-05
0.00024664454839015297
0.0
5.0389064601723014e-05
2.2584201249687175e-05
1.7792765660070127e-05
0.0
7.63732478121366e-05
7.144459899971643e-05
0.00011910444413182578
2.3959601050004806e-05
0.0
4.847129528915813e-05
3.243583422370591e-05
2.6315723805195072e-05
0.0
1.8662608444443346e-05
0.0
0.0002917886053205021
5.52492796715869e-05
1.8867157266391933e-05
0.0
0.00010152152251086802
2.5959637326491613e-05
2.8226110358326055e-05
0.0
2.512081498401978e-05
0.0
2.943024107140453e-05
2.5656550425333648e-05
3.816668639447949e-05
0.0
0.00018971390822931393
2.166792054764549e-05
2.2672781461497382e-05
0.0
0.0
2.6657693891994582e-05
1.8641152329921863e-05
1.9872026797786336e-05
1.6986656720362237e-05
2.0865757490992265e-05
0.0001162393504857212
2.2170062274181318e-05
2.013215737318161e-05
2.2794938321345162e-05
0.0
0.00048346102889969196
2.471679898340864e-05
7.768124421003965e-05
0.0
0.0
1.652016345675856e-05
0.0
2.752745371624595e-05
2.8065525643009073e-05
2.7660281611720335e-05
4.023672087974852e-05
2.0051505058335525e-05
2.9970182756704002e-05
2.5136756491668988e-05
0.0
4.2247194223810094e-05
0.00024577686012123044
1.6493218692542665e-05
0.0
2.3465318863925044e-05
2.771536520330407e-05
1.755440087823117e-05
6.377211374069176e-05
0.0001431507890791262
2.3232731342756395e-05
0.0
2.618009513809407e-05
2.6599401138576e-05
2.0151637851699062e-05
0.0
2.2654150499876508e-05
2.233709857317467e-05
9.700761058939438e-05
0.0
0.0
1.6747073758051645e-05
1.8300888760087912e-05
2.1234307585338598e-05
6.947394018665344e-05
2.742339514549619e-05
0.0
0.0001262341475203134
2.4318522352783887e-05
8.0919225685466e-05
2.0800731965777426e-05
3.588883528893351e-05
2.133069380188964e-05
0.00010979774004481341
0.0
0.00016874484101480784
2.25469503238733e-05
7.595233823638005e-05
2.0554745592654352e-05
9.425986373568557e-05
0.0
0.0
0.0
1.8189130685488213e-05
0.0
2.11077374253644e-05
2.4260425938696434e-05
0.0
1.802325020945633e-05
2.3752649726765467e-05
1.62575343322273e-05
4.805072059366381e-05
0.00042251260334037505
5.715359101221135e-05
2.6823263743104732e-05
4.099247683651573e-05
3.0213899329008935e-05
0.0
1.6737129579634548e-05
2.900201497016537e-05
3.1996229615833925e-05
0.0
1.5385392590656964e-05
2.6873961720244255e-05
2.701929490123906e-05
0.00014391854143286413
2.5259335260065013e-05
1.093862408470999e-05
0.0
5.170819360353771e-05
1.933278332780885e-05
1.3044828373556062e-05
4.437828580954094e-05
0.00016941251219473077
0.00011958178080326259
0.0
1.926966848936729e-05
8.689445284702893e-05
0.00010248470750126458
0.00012235483789886816
1.5941250908411248e-05
2.6036953390358803e-05
3.748011796571159e-05
2.701474739586902e-05
1.8655432545149543e-05
1.846107567907775e-05
0.0
1.669368945361152e-05
0.0
0.0
0.0
7.167941494935534e-05
0.0
0.0
2.749639007572731e-05
0.0
5.875125892790909e-05
2.8942204872093762e-05
8.146743449984879e-05
2.9526710089487517e-05
5.042435414544842e-05
0.0
0.00018288933479552807
5.095141030257131e-05
0.0
0.0
2.220279547133174e-05
0.00016361807049658186
2.4667569068222276e-05
8.171523283571081e-05
2.6028162516418233e-05
2.515591379635451e-05
0.0001203518055450156
0.00011603109056621252
2.9368645031519297e-05
2.388266751681588e-05
2.8829268606518407e-05
2.612293099611779e-05
1.6899138685703606e-05
3.439630910774344e-05
1.9374588809959975e-05
9.605394765883987e-05
2.560990432200532e-05
0.0
7.623413060279381e-05
0.00019557717663157252
2.3185143270656104e-05
3.447012429418653e-05
7.815832994382453e-05
0.0
0.00012835389514568595
0.0001286937865205631
0.0
6.651347428667226e-05
2.0176849899244248e-05
2.9747932136380054e-05
0.00013541204949935954
0.00010502706863760445
3.0266421342074167e-05
1.7639325116437432e-05
0.0002307076039959365
8.779371421564751e-05
0.0
2.0461567622920773e-05
7.474938271906378e-05
3.7523974610603464e-05
1.1137613471667061e-05
5.109142570945095e-05
5.6072816628059846e-05
8.97397607823156e-05
0.00013044462886076938
1.7502025569451412e-05
2.752326589751322e-05
0.0
6.854600427404526e-05
3.978048256811084e-05
0.0
0.0002214137646092937
0.0
2.2799729172809474e-05
7.137063470223451e-05
2.1307211853685183e-05
2.876737582932463e-05
2.8586458325925095e-05
0.00013765344888595402
2.1762143251044506e-05
2.3213791216303436e-05
0.00012568163457227067
3.057197298752299e-05
0.0
0.00018108311121269212
2.3635581264956923e-05
2.494838549834772e-05
2.8869375205471484e-05
2.6056954448724935e-05
2.554435227257735e-05
0.00021217758273193643
7.986080079816585e-05
2.583984012191733e-05
9.058439314793226e-05
2.367235839280136e-05
7.67380116026517e-05
0.0
5.9836851114802755e-05
4.8443275834836434e-05
0.00011862856926618718
2.1620408483513473e-05
3.2050640370413997e-05
0.0
1.9768738487170352e-05
1.961141354982125e-05
2.7010448487660906e-05
0.00032924963498469486
2.461401277257653e-05
0.0
8.312419092910712e-05
6.584947494918427e-05
2.3897369068165577e-05
7.927007928701213e-05
0.0
2.9364643376257562e-05
4.658554251179619e-05
0.00020060692530299146
2.511389469667847e-05
0.00021374455535823195
3.096443416911318e-05
0.0
0.00011165476360135616
7.432323165579056e-05
1.888217007433055e-05
0.0
2.210773060459405e-05
2.396944136340645e-05
2.355544415125283e-05
7.054896562887673e-05
2.401593036770657e-05
2.4525777477107847e-05
2.6790692280594127e-05
2.897102490302075e-05
2.125671495536454e-05
4.197602818808338e-05
2.073294638130728e-05
0.00014253033044703438
3.845588616214226e-05
0.00021734035479599247
0.00011606930086669418
3.297277240056061e-05
0.0
0.0
2.864195663276698e-05
4.300624043507618e-05
3.4684734083196935e-05
3.484715871735595e-05
0.00011725984370746752
2.375568066220843e-05
2.5839774033661084e-05
0.0
0.0
4.085665208249082e-05
6.14752201341698e-05
2.399288193827061e-05
2.5304554596802775e-05
2.4413637368801246e-05
0.0
3.692923485142267e-05
1.5543364619256415e-05
2.346091707717551e-05
3.1044208480788666e-05
2.2888633235427393e-05
0.0001155709341751944
2.007220539972277e-05
1.9848448779679783e-05
3.209172535114216e-05
3.7012312754143436e-05
2.4142285526274682e-05
3.37917960629839e-05
0.0
3.78848925496369e-05
2.615390232880442e-05
2.436682820897133e-05
0.0
2.870829922223655e-05
1.3487396383493286e-05
7.173998867382167e-05
0.0
0.0
0.0
0.0
2.781542533024612e-05
0.0
0.0
6.326334613054767e-05
0.0
0.0
0.0011384662433025336
2.3628755162624675e-05
0.0
1.9944471636552103e-05
0.0001036414195110166
0.0
2.0339910377055567e-05
7.376200173272473e-05
0.0
0.00028781979080980667
3.672326489543346e-05
4.750215352898288e-05
0.00010514846849722447
0.0
0.0
0.0
2.2435094880464702e-05
0.0001795579679036143
0.0
3.071269039861848e-05
9.095458897281259e-05
6.480866749420515e-05
0.0
2.3826199887653693e-05
2.4450366136756765e-05
3.0128900039885815e-05
2.1565145201496075e-05
0.00011858074424364235
0.0
3.3908509711714975e-05
0.0
0.0
0.0
0.00017686957661226208
0.0
0.0
0.0
1.620964200457696e-05
2.1660654391436854e-05
0.0
2.4127758711001538e-05
0.0
0.0
0.0001424838020903718
2.2747530770697e-05
0.0
0.0003925207277164589
3.279054606221464e-05
5.291513416572621e-05
3.1459282908673584e-05
2.643094215842637e-05
0.00014889930965864847
0.00016422003131570065
0.0
