2.9130192981726367e-05
0.00017590626984063904
6.0582641858643144e-05
4.381577797360677e-05
2.3087305251043834e-05
2.791193011770431e-05
2.541696016820621e-05
2.256848072080963e-05
4.4087183083556325e-05
4.4812781922800404e-05
4.050807913144244e-05
2.7999377819628045e-05
7.355133311091411e-05
2.0020050545280697e-05
2.8936566642351824e-05
0.0004893645399610854
2.524096326996468e-05
3.174000570296045e-05
0.0001861985881166334
0.00010614410335140513
5.135806148154372e-05
3.561325899313495e-05
2.7989650032994966e-05
0.0
2.554125771182748e-05
2.8162041811715073e-05
2.6129810234070558e-05
4.091221030578625e-05
3.2775568921245635e-05
3.174938242646278e-05
3.9960790311477425e-05
2.595022829424323e-05
2.1143469370541292e-05
0.0002704857389636128
4.10895410352205e-05
4.583475990945676e-05
2.186088869958847e-05
2.321488003766969e-05
1.7149588335279862e-05
4.856172925339688e-05
0.0001653420266704456
0.0015024734192240258
4.241474945437965e-05
4.0733396402120314e-05
4.13691520267846e-05
4.042458555226356e-05
5.473959998912478e-05
3.994969579673998e-05
2.407207099474301e-05
0.0
3.625992658273716e-05
2.5286555435948345e-05
3.1838017975491486e-05
5.4501489718553746e-05
2.3744395575821575e-05
1.6174045650378908e-05
3.0091627362750268e-05
3.129544848764803e-05
3.688336184516859e-05
3.5998793208596215e-05
2.9121461925231384e-05
3.45283505215883e-05
2.865927513213343e-05
4.6895306402449085e-05
2.9640501341045488e-05
0.0002898969092723492
0.00012884113796402422
8.613548030882201e-05
4.307925680834921e-05
0.00010731821365090935
1.7010038684632796e-05
0.004571835734305706
4.0228160513994344e-05
2.0909636877479373e-05
2.2687876644348505e-05
4.7124005574577304e-05
4.2289067643122875e-05
2.9536376344054166e-05
3.362968254413874e-05
2.486744021891954e-05
2.484727136240749e-05
2.1863566353850005e-05
3.166992832559507e-05
7.858035280281128e-05
9.309987592256341e-05
2.617037674411037e-05
3.526876864852592e-05
2.8571197103907883e-05
4.225733144850355e-05
7.61995640689073e-05
1.8352405217321283e-05
2.94576305437183e-05
4.616005363283789e-05
2.4932117973857555e-05
3.3388037540622215e-05
2.446533802957236e-05
2.8350030799018014e-05
6.902895300282804e-05
7.548686152630044e-05
3.963963507053018e-05
2.012857590667604e-05
5.9858539390381144e-05
2.9621414895035665e-05
6.536484737962423e-05
3.45310876303526e-05
2.893479501243697e-05
3.070412898620836e-05
1.3737790936462547e-05
2.8252967008581743e-05
3.580874427993816e-05
1.6611501376686436e-05
0.0001808786704939002
2.073763670347445e-05
3.110004536578754e-05
4.6054134205208134e-05
2.8053262291669453e-05
2.9875236083997252e-05
3.4412389472285235e-05
9.298782743337663e-05
1.6475422032928577e-05
5.0375580195777894e-05
2.3531677478778883e-05
7.601598799196432e-05
1.0850304920240959e-05
2.92954891271289e-05
7.075649702723996e-05
5.843590320683097e-05
0.00011198775205123946
3.208290300136947e-05
5.902411669091346e-05
2.2218885786442184e-05
0.0
0.00014119399319719258
2.4299233347307862e-05
0.00011246722531186515
3.705453704393746e-05
0.00036938143506476666
0.0007846759973803997
2.363882650182125e-05
2.854580239849521e-05
3.4919217862769406e-05
1.952564778274463e-05
2.0517715898367683e-05
6.362708321756728e-05
3.2368588900443614e-05
2.531703245003474e-05
0.00012435975130333654
3.0161945420699252e-05
2.3276205650283683e-05
2.8240588916866236e-05
0.00010086247298976583
3.66134594413322e-05
3.0743908714751186e-05
2.9185035254452992e-05
2.9970022927913138e-05
0.0011239134419937249
1.3878831279883143e-05
3.3507440086370804e-05
4.706039043718482e-05
9.495328250850672e-05
2.753523890004798e-05
3.1793905190282165e-05
2.074769902072376e-05
3.25686312413079e-05
1.8412185588681968e-05
0.00829866627038277
3.4181371453016265e-05
5.690186788795408e-05
5.024591976397074e-05
4.3687708975294735e-05
3.429324869144923e-05
7.168642300807923e-05
3.3565892140465325e-05
3.474605906330744e-05
3.564700616905625e-05
2.9288609340688314e-05
4.598321854739472e-05
2.7113683958944713e-05
0.0001306064525595531
3.404465099514358e-05
3.3750706494254836e-05
3.0798016138567003e-05
7.30450421698137e-05
3.1720482430653166e-05
3.774855535666585e-05
2.592857076561833e-05
4.0153204066368126e-05
3.3190659998477886e-05
3.316208819807008e-05
2.7452129651171795e-05
2.0356475494218712e-05
2.7985094535402287e-05
3.663129289347483e-05
4.5313064718130795e-05
3.68687439640378e-05
6.32048043086057e-05
8.19945512251466e-05
5.944810136126752e-05
5.566536272843016e-05
3.847798838973194e-05
3.5709451672500785e-05
3.360297159470983e-05
9.133258128503874e-05
0.0001996861336666049
0.0047001855747480555
0.0002292078052167295
4.421807124288436e-05
0.0
0.0019401540877544974
3.393920525339443e-05
4.106454946532666e-05
6.047964299703338e-05
3.4256748162908205e-05
2.1072302511694786e-05
1.679478757720892e-05
3.569162242517684e-05
3.391835964273208e-05
3.8568089486749846e-05
1.649237093248675e-05
4.663088373192717e-05
4.360443526612649e-05
0.0001288224205592219
2.1250702070410876e-05
3.142657040440329e-05
2.4174339593898394e-05
2.1027476488086167e-05
3.513439686647156e-05
1.6247372189598865e-05
3.592505113080472e-05
0.0001006205772994324
4.206434411685959e-05
3.854268466796933e-05
3.12524191103338e-05
2.4395110448565986e-05
2.9190874289700915e-05
7.289287888769211e-05
2.603805229713248e-05
5.1719225638195036e-05
4.158950586564286e-05
2.2554655605607656e-05
2.8785790783132586e-05
9.751516185030902e-05
3.482705690458453e-05
2.791316816452275e-05
3.471045425941608e-05
2.2446965506137627e-05
5.457025707449349e-05
8.817956517746353e-05
2.8291614176303677e-05
3.7914033944652024e-05
4.2483015000528515e-05
2.4695961445297545e-05
8.807747187615447e-05
2.9199996494916287e-05
2.902836983698523e-05
3.1603336665197336e-05
6.357098764969017e-05
0.00014939226734307515
2.190023089017016e-05
4.287764545632588e-05
0.000182919526975089
8.079863883655227e-05
0.0001211819902379554
3.6334218327898784e-05
3.0955158942777265e-05
4.354543254996489e-05
3.628261856144025e-05
2.306791821081962e-05
7.830665912902444e-05
2.4228420408142566e-05
3.659095347054232e-05
2.8565894270009286e-05
0.00011720439737437865
8.098041592886611e-05
6.771371018452562e-05
1.3703017602271809e-05
3.389682566013292e-05
1.861072842285551e-05
8.867576780488015e-05
4.307541946565792e-05
3.141627311135093e-05
2.251562225241876e-05
2.549528394630768e-05
3.1542574391950945e-05
3.1443584700814896e-05
7.517205352542112e-05
4.1150039463694395e-05
4.3840137910426074e-05
4.167834225446373e-05
3.0927198715236124e-05
3.173272251672759e-05
1.4272726348957035e-05
2.0938007246747136e-05
5.043985090837413e-05
5.11224517018224e-05
1.4652568918639654e-05
1.7754832346631444e-05
5.753797913156998e-05
2.3583686011363022e-05
5.081340052182264e-05
0.0002305273764527493
3.100813837947995e-05
1.9584500251044884e-05
3.375055203608138e-05
0.00011893567520259614
0.0001669790131499446
4.4173497331631185e-05
9.387248933774056e-05
3.1296374392866366e-05
3.451152838862425e-05
3.9964537167454566e-05
6.477260825865266e-05
2.6125515313025427e-05
7.832205677778653e-05
3.170522834338899e-05
0.0003240718354597752
0.00017814681708751577
2.643741589287426e-05
1.691162426323492e-05
1.2993133385818049e-05
4.0172275650428137e-05
0.0
3.2944181698206104e-05
2.5932557453994785e-05
1.925469827617269e-05
9.524441462193552e-05
1.6048280793239994e-05
3.1968187104153984e-05
3.7967585714017934e-05
3.269401883553598e-05
2.3917071716473656e-05
3.0965492886327766e-05
3.6216193700312856e-05
2.7674506565806994e-05
4.858619336061786e-05
2.8690834624973197e-05
1.9378310847405375e-05
2.7250891255350922e-05
3.6320876660423424e-05
3.3788055173239704e-05
2.578358630706399e-05
3.103030768322605e-05
3.426837177361843e-05
3.146455294657386e-05
9.380719284838942e-05
2.30725805828125e-05
2.4628684772903913e-05
0.00011954636828534537
2.576246259337898e-05
0.00012348046905799172
2.2136601858443423e-05
4.420102887958337e-05
7.232204881979406e-05
3.459631943811654e-05
3.089437270990761e-05
2.3618453582596714e-05
0.00016906125406231014
2.4054551584296813e-05
5.6420160858476724e-05
7.542923591291743e-05
3.4117669869279674e-05
4.0427144760440517e-05
5.270834827143978e-05
2.9817881371542077e-05
2.697967853279924e-05
2.8011725462279923e-05
4.19005286405201e-05
0.0002053135707704321
2.5265770444667146e-05
2.2479001719018478e-05
2.5482256339981686e-05
3.1248561847368614e-05
2.585932671273454e-05
3.4960926849630354e-05
3.221264820667774e-05
4.548224508331449e-05
4.260932642639254e-05
4.047395618873085e-05
2.577731755850266e-05
5.291016168982451e-05
2.0301628534124613e-05
3.60253678719539e-05
2.4169230896843764e-05
4.010331622757123e-05
2.534079437954577e-05
3.661153493153969e-05
0.00011751427204450201
0.00014563692845549463
2.4932458256621073e-05
4.1067869738564966e-05
3.258507397714156e-05
2.6026350577941695e-05
8.348353492285769e-05
0.00041467055148873506
1.873091018945654e-05
0.00012900657861460174
2.1085170146814778e-05
4.6710921348597485e-05
0.00021580398809977613
0.0001451319423057065
4.592724430927408e-05
2.2118443206216387e-05
4.1191615817713195e-05
2.115772626696458e-05
4.9219070158664805e-05
2.8143631326866996e-05
4.159377568893905e-05
2.734514383298022e-05
2.9615940867271957e-05
3.1993477852874725e-05
6.802655951188145e-05
2.27132978236536e-05
2.9858310896373805e-05
3.728948965849986e-05
3.394500066534708e-05
0.0001633315125863622
0.00010668896141702244
9.198685760302879e-05
3.57110986897164e-05
2.4378458850130125e-05
3.6403469175418063e-05
2.3357489862404235e-05
9.363994609097889e-05
2.128121726874692e-05
2.1649132684087996e-05
3.926057006499915e-05
3.351529046218682e-05
0.00012157822195777167
3.1070253527845065e-05
1.8972344150273052e-05
2.839549906352668e-05
4.421249883537421e-05
0.00022452381390923617
0.00017472249032393302
3.446980039501804e-05
2.707941525641255e-05
7.245038891012436e-05
6.861577452945853e-05
4.72355862339303e-05
3.9317101848619677e-05
1.7086862041231853e-05
4.073045618240884e-05
4.040166804265416e-05
2.858473775981083e-05
0.0001221955312580997
2.3747332896067e-05
2.2819960041948882e-05
4.7763668675725864e-05
4.037110148652181e-05
6.366855001500888e-05
0.00011918399995082679
2.5716640872469936e-05
3.309216518133423e-05
3.847702681244362e-05
1.560309759989357e-05
4.638530544557425e-05
4.05059870308748e-05
4.149826977132432e-05
0.00011050967168799995
2.5196119124567236e-05
0.00014632391925063
5.6296574944023154e-05
0.00014270644729161267
2.4041538188213537e-05
0.00017630123853189822
8.750503514204987e-05
1.998490350589222e-05
3.394986996852523e-05
2.3563683997345347e-05
2.416638374385939e-05
2.7612737378789704e-05
2.157363106968104e-05
8.657275126232199e-05
5.41056585533031e-05
0.00024560698115094293
0.0
4.027385594331177e-05
4.306723557471381e-05
2.8695260214775246e-05
3.631475453685309e-05
7.449759986424922e-05
4.101132679356418e-05
2.433854064852051e-05
4.275646689296348e-05
2.1235772267499115e-05
5.952383194522099e-05
4.322793200012766e-05
5.672427660199058e-05
2.7035692480139014e-05
3.685087174675197e-05
4.463810225258799e-05
5.0300579023742964e-05
4.4057763457936e-05
5.8388267264970955e-05
1.279761102456411e-05
3.7235765284377615e-05
0.002600587154276551
3.111801172924586e-05
0.00023869977416266235
3.5942761349564586e-05
2.6975464626148955e-05
2.848076298522715e-05
3.5742721691850836e-05
2.925252533027831e-05
1.909943749827428e-05
2.4762344261403633e-05
2.0972861725461724e-05
3.3225879198609066e-05
4.2687807049343044e-05
4.2822749953676936e-05
3.4359958952538085e-05
3.506134145747046e-05
2.9262193934152563e-05
3.2931541542516505e-05
4.3233419184286726e-05
0.00010423218096649716
2.531678147340347e-05
3.576317799164908e-05
2.295823565806634e-05
2.909083614535936e-05
2.7993610242312304e-05
2.9229000178991446e-05
2.5747560344203684e-05
3.3142073203791894e-05
1.7654684597132527e-05
4.990517524520912e-05
3.5566027152166296e-05
2.0436382747294977e-05
3.217933186918899e-05
4.1748901285460585e-05
2.894569097487351e-05
3.1806160524309035e-05
3.220586277722733e-05
3.464880336768175e-05
2.5564656785158362e-05
0.00012140030220030544
3.1067572148660724e-05
2.4956042628608108e-05
2.696768980033052e-05
6.673193019236402e-05
2.8981267253779192e-05
3.253469846253934e-05
0.00012722422833870404
2.9704518128634075e-05
3.378617046102262e-05
2.289715002826135e-05
9.576544969131643e-05
2.473720159631344e-05
2.7656480617447263e-05
3.679118057797426e-05
2.9603924592846134e-05
3.6510487805801335e-05
2.221112067352674e-05
3.112827060422792e-05
2.0598562035847917e-05
0.00016415129082296062
0.00016182458477276502
6.111163617392076e-05
0.0
0.00025917977804180455
7.519401049569871e-05
0.00018105358803132557
2.8315199194245082e-05
1.98405408781384e-05
0.00013332707935654337
3.457589371648014e-05
5.719206462919196e-05
3.273747784816949e-05
3.813766788021026e-05
4.87754215931067e-05
0.00019145155928988828
8.874820721598188e-05
4.1490026144574784e-05
0.00013849268360829791
2.9208274983192137e-05
0.00021216357562898577
4.6418780607621086e-05
4.994168816820034e-05
7.2528979184849e-05
3.180951229682563e-05
8.095669683666654e-05
1.9387732396155542e-05
3.111885729406874e-05
4.1442725389278654e-05
2.6618707597421437e-05
4.087425076074478e-05
1.8891243411467214e-05
3.3327884392393155e-05
0.0001585451534412224
2.7583980621749716e-05
1.7317134570502186e-05
3.1903053754581125e-05
0.0001566676657084063
0.000311972504542894
2.4490738946838605e-05
1.9461548703736194e-05
2.7512168501319865e-05
2.7995971654136604e-05
1.4019179627970485e-05
3.1356363922901264e-05
2.806880530846704e-05
3.259242995468278e-05
4.504656994045729e-05
3.6677369680768224e-05
0.0
1.5902921625690096e-05
4.696122033694139e-05
2.8608262944536805e-05
2.3490769242598866e-05
6.216885258263473e-05
3.582426195468953e-05
0.00011825831458569303
0.0
2.862478601740977e-05
4.982836195387976e-05
3.3018504572743445e-05
2.585734987209247e-05
3.2874059685397335e-05
4.2499383915293884e-05
0.00010705878794845562
2.933947195520992e-05
4.439212389263099e-05
2.9138217777558503e-05
5.123920141927383e-05
2.764771686850172e-05
0.00020478436410406277
0.0
3.089963801517033e-05
1.34036170906629e-05
0.00013714297604112835
4.148138415678086e-05
4.774882251263705e-05
0.00012649315353600187
3.0677119376492996e-05
2.1134047064106824e-05
2.9981367075130606e-05
2.829205124541934e-05
4.074876080684184e-05
9.400898691231196e-05
7.775643213125247e-05
3.8727578027725053e-05
2.7435618898251062e-05
4.317362234823212e-05
4.12154401973477e-05
4.2811937586771155e-05
1.8121189420652772e-05
1.9701460988854708e-05
3.38558268844447e-05
5.222314207095384e-05
2.8784170646434352e-05
3.486333411351882e-05
1.3219150761618169e-05
0.0
2.7985424852762567e-05
6.69551437372357e-05
2.948619125837212e-05
2.885882498580232e-05
8.746430571708366e-06
6.56749838239212e-05
0.00018693166244262315
7.72018233578634e-05
7.09812195498498e-05
0.0033537131841618593
6.399588266507887e-05
0.0001803311279929727
3.221287532350634e-05
3.0998658124462686e-05
3.257881084282365e-05
2.949419372113271e-05
3.5761723415832926e-05
0.0002469109550243833
3.3116106389172285e-05
5.209826137391699e-05
3.259304964743837e-05
3.164474124893308e-05
2.4577288057967404e-05
1.744396389505297e-05
3.4085877539738985e-05
7.597609316440523e-05
1.889466726612047e-05
5.2988538673069774e-05
2.7699080678257546e-05
1.1106867603855623e-05
2.2602259747597856e-05
2.7889949399657178e-05
3.171639575786437e-05
3.3339914039852494e-05
2.535068449145555e-05
0.00010313539989431461
4.5445528105876354e-05
0.00012048715969469677
2.779293195829131e-05
2.7038058726480087e-05
4.6185839430501616e-05
0.00011911446157291541
6.434469450239397e-05
5.495163434506859e-05
2.2706373277570433e-05
3.1505251949070985e-05
2.2869942625069357e-05
3.3202039558655124e-05
1.7765974214861936e-05
1.6122461289530597e-05
6.002139745610854e-05
2.339078184267904e-05
6.14978872029441e-05
2.4322931541173106e-05
3.712288633794935e-05
5.86973664044267e-05
0.00010066400512054397
4.4670361832500625e-05
5.161963943052292e-05
3.506703959683902e-05
4.180065052865143e-05
7.853032915822708e-05
3.833504299129556e-05
3.0251872569788832e-05
7.287349023721999e-05
3.710641138013049e-05
4.492075041775833e-05
3.368457516526417e-05
0.0
2.3158243152198514e-05
5.154204889676372e-05
0.00026314335865758445
1.9647669546157385e-05
2.5312061943207543e-05
3.3389066153070416e-05
3.099222985526534e-05
3.283607562509271e-05
2.656103601989888e-05
3.741524137677253e-05
3.0268587932373985e-05
2.368171626664648e-05
2.2452912028323514e-05
9.844487533632397e-05
3.2324213484536856e-05
3.823473238785463e-05
0.0
2.185333213825923e-05
4.591701944009241e-05
1.955396647315122e-05
2.5263341807340825e-05
3.0552951633966624e-05
2.5493458470008493e-05
4.063352709148202e-05
3.007865152986222e-05
3.103863764507196e-05
3.950668242501568e-05
2.9262897152889477e-05
2.994260768550832e-05
2.4962455423491056e-05
4.446893840364409e-05
0.00012315588552529787
2.0756951685762388e-05
3.441616081510325e-05
3.687412587836609e-05
4.860380285268774e-05
2.465045171527615e-05
2.7140979799639047e-05
2.698986536222399e-05
2.2674212308825194e-05
4.6556271202392466e-05
3.294297213855781e-05
3.25236768975817e-05
3.7195829482259794e-05
3.4165559886586396e-05
2.3128146387453652e-05
0.0002075756724488697
3.6885862213432145e-05
3.706547811855792e-05
2.2703196601567175e-05
1.8850188453569018e-05
6.357215679170403e-05
0.0009845735952338152
2.958740827652138e-05
5.348553038521128e-05
3.762390033696902e-05
6.436607371729587e-05
2.2819328334658072e-05
0.000709329996550721
2.7935686288057355e-05
0.00013371425634226474
5.945885411674885e-05
4.478591476555094e-05
9.39853165457615e-05
3.661724234911297e-05
0.00014196150921370142
2.6688378209074054e-05
3.0995239797657755e-05
2.5753497482052995e-05
4.296460449173465e-05
3.7681061522101406e-05
2.6877972352024568e-05
7.400196951179867e-05
0.00012026027453527195
0.0037890725969346294
4.182849085347752e-05
2.8136845188516684e-05
2.0775890292722828e-05
4.38307325860333e-05
3.0137333795177655e-05
3.307093523636556e-05
2.0611127708939662e-05
2.4829051016354453e-05
0.00011565323483191365
0.0001354915735351495
0.00011560575621559529
0.0
1.8607704615098974e-05
5.197510299097473e-05
3.566446741093252e-05
3.0347823499835427e-05
3.461025996768453e-05
1.7234543661862892e-05
4.417806506731379e-05
3.599988655505054e-05
2.1938313321473773e-05
2.0686792458175698e-05
3.7634686498671724e-05
1.4952780046066673e-05
3.986991337689466e-05
3.33095995560529e-05
0.0001741994739105857
4.208862957809922e-05
3.113829706673901e-05
2.5139463134557148e-05
3.989744567092008e-05
5.308781707075782e-05
2.5064194355483658e-05
2.22464095926451e-05
1.8888389590955636e-05
2.5312376451893713e-05
2.5922187058480854e-05
3.1197104272191914e-05
2.2605205416629373e-05
3.970678005230644e-05
0.00010756925862134786
0.0002102547401480092
0.000999961366256401
0.0029816182389024917
4.173007970578596e-05
8.107347130216277e-05
0.00011049233395381547
4.7186967099415956e-05
3.107809487585293e-05
3.206407110512663e-05
2.0415377303618274e-05
2.2899876360554206e-05
2.951983470664004e-05
3.876820364870089e-05
3.6185547991414066e-05
5.103714468682149e-05
1.8219789543382828e-05
3.250180564289132e-05
0.0
1.8383958914725307e-05
2.8844330811009503e-05
0.00010883178943497972
1.4744244214740732e-05
1.741824935705347e-05
1.6380970825690735e-05
9.065930994962112e-05
3.507660627969248e-05
0.00010789192021452508
3.299123372379432e-05
2.887156214237151e-05
0.00012447797091549566
2.2861780376074206e-05
1.6241332021967526e-05
4.295173910177406e-05
4.244104204257461e-05
2.2281443228904763e-05
0.00010322628904290698
2.9131342061808765e-05
3.5859766503836236e-05
2.6420632112793818e-05
4.730257737484394e-05
2.589997551507531e-05
4.6745228391694046e-05
2.2285579394551523e-05
2.790714005688801e-05
3.1980080795993406e-05
2.375003314392615e-05
3.064777715195936e-05
2.0159106675187487e-05
3.124207558694925e-05
2.448002484554383e-05
3.466568706079019e-05
1.9075509021254074e-05
0.00021532474557766192
6.099427088659126e-05
3.141981238432895e-05
3.5074431297402235e-05
2.4747949997705778e-05
2.4573040117895757e-05
3.954186109375164e-05
0.0001484478910542762
2.5684874444967323e-05
2.4785268708962152e-05
3.519153944160361e-05
3.90995650383895e-05
3.8536126014134774e-05
2.4541030402701167e-05
3.456668848773471e-05
0.0012412298398993208
5.298906102159662e-05
3.9690036232904604e-05
0.0
1.7484526633434717e-05
6.376291011837241e-05
3.105239949741357e-05
3.093482192458554e-05
3.131842730567434e-05
5.0471228458150115e-05
2.209687140791941e-05
2.936318552526194e-05
1.9838961368958703e-05
2.300007992621022e-05
1.3136892968722894e-05
2.6609271155798304e-05
2.7831498908984213e-05
1.2704173676612208e-05
3.141427283090471e-05
4.4316229178963934e-05
4.280444330002991e-05
7.219479030482121e-05
0.0005113399607622226
0.000160167162817462
2.234348938109134e-05
0.002021616859259343
9.192753059372544e-05
0.00018386195337378826
5.02960460961339e-05
6.688308264028114e-05
3.059177505383014e-05
5.2347591609493306e-05
6.047185710448733e-05
3.105246015481538e-05
3.2277607480087605e-05
2.7114340780442004e-05
3.715510615686738e-05
2.046522641076682e-05
1.711459298805809e-05
4.415197675699833e-05
3.88098944437354e-05
2.4778805330079616e-05
4.2720350685116435e-05
4.166001647349292e-05
8.738871860907021e-05
6.035054046612988e-05
0.00010742664933140772
3.0012577244423908e-05
2.652983609448e-05
0.0001348852057604268
5.6286547222734875e-05
4.0061289380679726e-05
3.449102480146862e-05
4.476126444767239e-05
2.7869714976757138e-05
5.5554460220310954e-05
3.4458192796581794e-05
1.7540911056708327e-05
0.0001278384511165222
5.263387799411814e-05
2.4803465956310136e-05
2.0162174599712314e-05
3.061560396388937e-05
0.00014488104672291994
2.800602493526586e-05
3.733528419484387e-05
2.6330881742154253e-05
3.102755456895629e-05
2.801237111025701e-05
3.801327347635555e-05
0.00013202788679967644
5.418364834339767e-05
6.647013046409893e-05
2.28412062560458e-05
2.694517813803646e-05
0.00012745796087263963
3.3686172986465486e-05
2.4758122840183232e-05
4.104538262544001e-05
2.5310097638848683e-05
3.2170560717394416e-05
4.305131606675776e-05
0.0
3.463435130860436e-05
2.3107243337684733e-05
2.4344189790028653e-05
3.5255556727419564e-05
4.219113525835425e-05
0.00011533104967530251
0.00011909634453765226
3.5665373427721726e-05
2.8647362574965808e-05
2.452435694902029e-05
2.4272966136716495e-05
2.6791245405796942e-05
