1.6722126815974765e-05
3.144733508030294e-05
6.436266351522531e-05
2.7815033651089985e-05
2.814702522201223e-05
2.7061651612755467e-05
1.955224616412371e-05
0.0
2.788630581159262e-05
2.696626598957478e-05
2.1338788871953968e-05
2.259004233295618e-05
2.107827881013767e-05
0.0
0.0
2.262676482446852e-05
1.8789426635363044e-05
1.8809421974381932e-05
1.9353339976957925e-05
2.178990011382973e-05
2.885250003535187e-05
1.981010828564046e-05
2.3871721349145688e-05
0.0
1.3753531348804889e-05
2.497303549895359e-05
1.9893497783578437e-05
1.961866491496946e-05
2.8835468110895316e-05
2.8786067462371025e-05
2.447636386347012e-05
1.9847561864506176e-05
0.0
2.2121960736217802e-05
2.3875848976984956e-05
2.618546253049103e-05
2.2209415290376246e-05
2.3856906620053557e-05
0.0
2.2461747658311998e-05
1.9959688485464762e-05
2.249482161929654e-05
1.8961229572934593e-05
2.41268336593762e-05
0.0
2.301408958700256e-05
2.9298948789039586e-05
1.077311806859953e-05
2.1915358333107936e-05
2.9105472374465857e-05
0.0
3.1810143378126194e-05
2.640200375223458e-05
2.4759059110148574e-05
2.3666492284151266e-05
0.0
2.723900605864214e-05
0.0
2.253811824686134e-05
2.4558934077535325e-05
0.0
2.0355027990958276e-05
0.0
2.604045698308814e-05
0.0
3.16836932288741e-05
0.0
2.563855032685717e-05
2.8254067838691025e-05
1.93928535546297e-05
2.658632766543792e-05
1.2420586402231226e-05
2.125940515684739e-05
1.937059676276175e-05
3.2565232752455144e-05
2.470300757478675e-05
0.0
2.1059526768987584e-05
3.0116496584992078e-05
1.8035886522778035e-05
2.3167839548398402e-05
3.2473433353084014e-05
3.869384792530217e-05
5.817873342134311e-05
2.9317279635171505e-05
1.914440864458739e-05
1.3871090035421067e-05
2.3773872314710134e-05
1.9897529473544957e-05
2.837826261057032e-05
2.0748214429412728e-05
4.7045298438618525e-05
1.9600151601605312e-05
2.0537863876407898e-05
1.8796259057880054e-05
2.6706510894510516e-05
2.8763196108220658e-05
4.007977161519235e-05
2.055530063350686e-05
0.0
2.9437346892556627e-05
0.0
2.103325218917827e-05
2.3190269134903972e-05
1.6187037676601208e-05
2.368310133812048e-05
2.345449867073839e-05
5.456715233976584e-05
1.7526767599055323e-05
7.325447594468275e-05
2.0849849924173656e-05
1.6858302558610717e-05
1.6779050472440412e-05
2.393867483034642e-05
0.0
1.7075062654381905e-05
2.755386793973933e-05
2.126112034908099e-05
2.1542315029977268e-05
1.9394771887047394e-05
3.1586269661520265e-05
2.8498168293426833e-05
9.401116154863928e-05
2.1137307352775437e-05
2.2013278704766423e-05
2.191015391640962e-05
2.691698426507146e-05
1.8543776279651483e-05
1.938588715555619e-05
2.4679180942629554e-05
0.0
2.815046345040308e-05
1.8677020771691215e-05
2.468459797047074e-05
2.0590856521324848e-05
1.951329616622018e-05
2.246895561489842e-05
2.6763121060345977e-05
1.2309207159442875e-05
2.0848669696528475e-05
1.8342395647590057e-05
3.642652014295114e-05
2.1935554109129497e-05
2.0145425248541812e-05
1.061759706866705e-05
2.3140498396837078e-05
0.0
2.714400551490305e-05
1.8704859458581394e-05
0.0
3.5830292225300355e-05
3.930629227709483e-05
1.3851202763344587e-05
1.2194036994013119e-05
2.430925258067438e-05
2.3474956712912742e-05
1.880006958727529e-05
0.0
2.465584980153913e-05
2.6318589180821814e-05
2.486972817970903e-05
2.578559130866424e-05
2.4602625804538872e-05
2.9668404289067316e-05
2.0915675520445844e-05
2.574333712696908e-05
3.213357822552212e-05
2.6992593325078605e-05
2.808442426408719e-05
2.3164456286501513e-05
2.1267760327463575e-05
2.94955883772447e-05
2.0634089284384373e-05
0.0
3.557197935559775e-05
0.0
1.765122274680496e-05
4.328484717465715e-05
2.5501141844777828e-05
4.143284025914804e-05
3.0295066362743738e-05
2.0367313513174243e-05
2.5339915904904056e-05
2.9753767995315547e-05
0.0
0.0
1.8641782794818454e-05
0.0
1.8129884739703827e-05
2.237584906416333e-05
2.5002216824083202e-05
2.2730691667421516e-05
1.709001244268399e-05
0.0
1.2572968487551415e-05
2.4393925243125753e-05
2.8079231062585684e-05
1.7007968553252915e-05
0.0
1.643420195168885e-05
1.6582044051207148e-05
0.0
0.00030147708595232043
1.8290192788787602e-05
3.3863722108934474e-05
1.7245428696990913e-05
0.0
1.83945423635021e-05
2.3274028203796003e-05
1.8997040700932907e-05
2.2894736530667037e-05
1.9535352308512582e-05
3.5447105824838165e-05
2.147354147668786e-05
2.032036578408413e-05
2.6515083355001893e-05
2.545843525727633e-05
2.4145267223754392e-05
0.0
0.0
1.6050222586500576e-05
0.0
0.0
3.3057079364873735e-05
1.9802008945506863e-05
2.99374702136532e-05
2.295469817129258e-05
2.0440522100439414e-05
2.638094167336053e-05
1.8538370963874766e-05
3.520360293075722e-05
1.7168257534820827e-05
6.0265990913811115e-05
2.5516592900579006e-05
0.0
0.0
2.3397298918930823e-05
2.3832884386833177e-05
1.9705327004952778e-05
0.0
2.0518104831935974e-05
2.3419735009796107e-05
2.2944146917492267e-05
0.0
1.4678932552495412e-05
2.7958713555816806e-05
3.1320335120483506e-05
1.5892823640608458e-05
0.0
2.0424659720133326e-05
1.274162004417364e-05
2.667420751042793e-05
9.617150066398055e-05
2.1547719477852054e-05
1.8571256886013084e-05
2.0079133511446323e-05
2.2857394965412177e-05
2.324561675132737e-05
2.095053585653598e-05
2.48483441912985e-05
3.314243389148123e-05
0.0
2.1868952401769616e-05
1.975392679543966e-05
0.0
2.4384875414415507e-05
2.3354662251228205e-05
1.9254784869515963e-05
2.41273747926331e-05
2.31428260229824e-05
0.0001162457657189713
2.092160043698125e-05
0.0008833801401620147
0.0
0.0
0.0
2.6988153606369062e-05
0.0
2.367585423337702e-05
2.7968745573032505e-05
2.6473571340134853e-05
2.0391151223333323e-05
2.1493501617207883e-05
0.0
2.1979452572248768e-05
2.558459343426208e-05
1.9091026215827158e-05
2.216663841207556e-05
2.6866833693156292e-05
1.4904783519173768e-05
2.0699663392613723e-05
2.420904327636385e-05
1.538956114393088e-05
1.6713170866246367e-05
2.4341650077516943e-05
2.0429113617538917e-05
2.8986904236712613e-05
2.3112101876158356e-05
2.472841517792448e-05
2.5122444720243386e-05
0.0
2.1236322619023474e-05
0.0
1.4538845334247965e-05
2.151621361928129e-05
1.662416501884185e-05
3.71464752496909e-05
3.515886853200166e-05
0.0
0.0005500088556102698
2.5019739118217085e-05
1.97652488530322e-05
2.7622108674832155e-05
0.0
1.6653953483540394e-05
2.985123072798752e-05
0.0
1.2611358148487694e-05
2.8901461982886726e-05
3.136121847895946e-05
1.421087971905185e-05
2.110028760085031e-05
3.344093217072223e-05
2.037086118745098e-05
3.7421124502479845e-05
2.9920088414502243e-05
2.1712869564567695e-05
2.3549097868455284e-05
0.0
2.3155628140704416e-05
0.0
2.9380655431390412e-05
2.0242703052885573e-05
2.323631658770347e-05
2.6058751420487824e-05
2.4511207240895827e-05
1.1728199643839116e-05
2.6048187584696066e-05
2.535516982474174e-05
0.0
3.497813791024891e-05
2.733375778474068e-05
0.0
1.6955213554382765e-05
2.5450761075343354e-05
0.002617104409947915
3.3293505176069746e-05
2.8284611682634125e-05
2.388695831783669e-05
3.658533513588858e-05
2.085564084111707e-05
2.2422277086240762e-05
2.2634577506230846e-05
0.0
2.249296678684302e-05
2.836768513936502e-05
1.135026488797586e-05
2.5803208238272383e-05
2.4298428737398614e-05
2.07580530902977e-05
1.3110180455314138e-05
1.7282579413753137e-05
0.0
1.9925010763246973e-05
2.2133820778953124e-05
0.0
0.0
2.1204417700296174e-05
1.873844336326175e-05
0.0
0.000131341684665867
2.028287587059116e-05
3.437064292687565e-05
2.6920540660168497e-05
1.9095693660887562e-05
0.0
3.642061255768766e-05
2.3542006080008658e-05
0.0
2.048793527111589e-05
2.6708691261285818e-05
0.0
2.0070469228930768e-05
0.0
1.9092200093522117e-05
2.106673546464444e-05
2.547431335233962e-05
2.264279578262819e-05
2.64130880325527e-05
7.443229102924967e-05
2.2743308086404596e-05
2.2584106840822826e-05
3.3776512453115095e-05
1.790354024945925e-05
1.9275320049136838e-05
2.3190734186979444e-05
1.8366175307138665e-05
2.9763384572340627e-05
0.0
2.2470374600797847e-05
2.6995236099881705e-05
2.095377677006843e-05
0.0
0.0
1.785747670139192e-05
1.8810111601074506e-05
2.5259630783608076e-05
2.7022491396731902e-05
0.00033030947925147394
2.626500019113461e-05
1.2006628736801477e-05
8.7783313788078e-05
1.578063074500087e-05
2.2186819567465848e-05
2.5274117968496763e-05
2.813290491545083e-05
2.5639138385110272e-05
2.5579640403417497e-05
0.0
3.852904557590736e-05
6.165654025130496e-05
0.00018364110990190112
0.0
1.882918097049455e-05
0.0
2.384252680111985e-05
2.5881928032162566e-05
2.2381094684636137e-05
2.241219252555032e-05
0.0
2.0121008955765074e-05
0.0003997004873481431
0.0
2.9604701929907353e-05
2.0584635767545615e-05
0.0
0.0
9.782408835763595e-05
2.3165913108069783e-05
2.9325141530582828e-05
0.0
2.239682201165723e-05
0.0
1.9626072168797758e-05
0.0
2.8453145234829825e-05
1.8817793682744587e-05
2.603938888338299e-05
1.5901228107572093e-05
6.061715474447376e-05
2.1270418827682816e-05
0.0
2.4740864959961935e-05
2.597096676837104e-05
2.6654127880587626e-05
2.532662051685017e-05
2.2955245574541103e-05
2.1390831421973403e-05
2.4892085203415383e-05
3.703437909736957e-05
0.0
0.0
2.8780367395070562e-05
2.3989700010493988e-05
2.3075470071649444e-05
0.0
0.0
0.0
2.174895560688148e-05
0.0
0.00044042261183291603
1.997991348268859e-05
2.2590003897212687e-05
2.066451852186177e-05
2.5720043001736575e-05
0.0
3.071429985844828e-05
2.0333832101997603e-05
2.1730055978570067e-05
1.8566987042111457e-05
0.0
6.846598413677445e-05
2.397594059293606e-05
2.864515960578225e-05
2.9420232796752188e-05
2.4391910488194957e-05
1.654247182933255e-05
4.7520201608238756e-05
2.153227052963472e-05
2.7935913332181612e-05
2.0186425480635817e-05
0.0
1.7147558486869778e-05
3.2745005725708535e-05
2.220257439474437e-05
1.7286939674121507e-05
2.1008397529565326e-05
2.5680980153927664e-05
3.3769756570776935e-05
1.3671752677939168e-05
1.9132365673178616e-05
2.1908151476888803e-05
2.7848461668523982e-05
0.0
2.136845244824618e-05
0.0
0.0
2.7520183676109696e-05
2.281325127543724e-05
1.5636375168482442e-05
1.69033428443469e-05
0.0
2.3281558367600237e-05
2.7906437800134694e-05
0.0
1.8731497795122594e-05
3.551168692944651e-05
2.4884577281938843e-05
2.187672184885432e-05
0.0
5.615264347028521e-06
0.0
4.846918487967562e-05
0.0
0.0
2.485007033213504e-05
2.9497344893084424e-05
3.193779401632487e-05
3.61124902823909e-05
2.201978390126872e-05
0.0
1.1150275013170531e-05
1.9445989126191277e-05
0.0
2.565696842269958e-05
0.0
1.5799169798553763e-05
3.786817394745143e-05
1.7811726231053084e-05
2.0184058231034593e-05
0.0
0.0
2.7225182955160215e-05
0.0
2.3874097018026048e-05
3.591348606449557e-05
2.2421768931227685e-05
2.0617730767125932e-05
0.0
2.1196178134331276e-05
2.3941699611048232e-05
2.4303863036508416e-05
1.9011433348366256e-05
0.0
2.491301237776521e-05
0.00044502407593365945
2.2449513263360573e-05
0.0
1.3688157700000302e-05
1.898248278067456e-05
6.815758612045464e-05
1.776072948370839e-05
2.192013344470652e-05
0.0
2.449179813587637e-05
2.135995486258734e-05
2.4447298375620887e-05
2.1605251047099315e-05
2.2782145752468983e-05
1.8351367850567522e-05
2.7100540935264163e-05
1.982311428432177e-05
2.4322226352789565e-05
2.788352494502425e-05
2.3351138757572432e-05
9.73167593287345e-06
2.868942405302623e-05
2.1628349788527618e-05
2.735594200771017e-05
9.189183421056047e-05
2.0587705573214947e-05
2.4811576429693745e-05
1.9077828139913928e-05
2.6982951531541813e-05
1.9235853936238816e-05
2.0564273706899137e-05
1.9069231978343188e-05
0.0
2.214669967270442e-05
2.681086920742538e-05
2.2070554529930167e-05
0.0
1.4747990804606703e-05
2.349837695647852e-05
1.634596074543506e-05
2.494539334290575e-05
0.0
1.8779632085553316e-05
2.2917122441510355e-05
2.9650685553468925e-05
2.3331112604292912e-05
2.1265884097771596e-05
1.9249236528911574e-05
3.172770589494217e-05
3.221232950053735e-05
2.277496488304647e-05
2.5765813554401064e-05
3.0252965138716208e-05
1.4865127130938598e-05
1.748072476893273e-05
2.080822391060002e-05
2.142035004547481e-05
0.0
1.6820902887992603e-05
1.3583338473008883e-05
2.8063250796590322e-05
2.6429029856666277e-05
1.746047966249935e-05
0.0
2.1825798110710244e-05
2.3510119835008822e-05
0.0
2.4736045474537986e-05
1.6253711448464355e-05
2.5214140730383316e-05
2.312435650661856e-05
0.0
0.0
2.044231221293586e-05
0.0
2.0848524001695856e-05
2.5803839086917583e-05
2.6775435765342864e-05
0.0
0.0
2.2440267935100205e-05
2.4489665539569648e-05
1.8423635428923024e-05
2.2934522232735406e-05
2.319306417712542e-05
0.0
2.4802838694510414e-05
2.5338906274320082e-05
8.942349731072008e-05
2.6593057280629354e-05
2.4169803212903763e-05
8.734221890569116e-05
2.8154846363433573e-05
1.876228938290712e-05
2.709571719140215e-05
2.6144676178588367e-05
2.337790639271673e-05
1.9161895848695154e-05
2.23682653090568e-05
1.8616367731088756e-05
2.2476812729761413e-05
2.737120012880919e-05
2.1819385711923144e-05
1.8795516393045057e-05
2.706959011358676e-05
2.8781605935797727e-05
0.0
2.7575432995539427e-05
3.029584489707288e-05
2.1896562792679767e-05
2.286848805570632e-05
2.7115074211811166e-05
2.1286197523865397e-05
2.1444638568532223e-05
2.1936588464773846e-05
0.0
2.1966517382520628e-05
1.849373582333911e-05
2.376738982524665e-05
0.0
0.0
2.576384376618474e-05
1.1270798041743866e-05
2.335540598499883e-05
2.469015420611462e-05
0.0
2.2917636392783768e-05
3.152508277311e-05
3.463104971795885e-05
1.9414238624982473e-05
0.0
2.812960742851503e-05
2.5233852700131208e-05
1.8608547262813295e-05
2.6631165107295098e-05
2.0245473356173814e-05
1.9909476419693886e-05
1.8304452214941674e-05
0.0
2.0683476771888708e-05
2.2997183886752793e-05
2.2615086907077095e-05
0.0
0.0
0.0
2.4608661410139513e-05
1.9068505175223838e-05
9.409000544927343e-05
2.107209245860808e-05
2.827541749397413e-05
0.0
1.4214508053481648e-05
0.00022024406035065996
0.0
0.0
0.0
0.0
1.7279811197006193e-05
2.0112039951275354e-05
0.0
2.627289827707215e-05
2.0854314616170783e-05
2.2413405244921364e-05
1.8877462897376828e-05
1.6277219469541553e-05
1.9210025172566265e-05
2.441674108161667e-05
2.0130665456118244e-05
2.567562693786731e-05
2.150385302061285e-05
0.0
2.43644762274185e-05
2.9216830560807938e-05
1.700227266783979e-05
0.0
2.701351654993487e-05
2.1310320424545178e-05
0.0
2.6415688508296275e-05
1.7145749487676853e-05
4.705087784273059e-05
2.0583367636735236e-05
2.7763128331394253e-05
0.0
3.116676508391083e-05
1.7799296254108397e-05
3.34169289036559e-05
2.2128641282003762e-05
0.0
2.3216299088918795e-05
0.00017829140419784738
5.511866317599002e-05
0.00027551527377452816
2.1742062762346104e-05
2.445468278553256e-05
2.346332013097648e-05
2.49664905685834e-05
2.068923435947114e-05
1.9094780086074432e-05
2.2064340170348444e-05
1.6289843012906738e-05
0.0
2.08037486441717e-05
2.260164469703353e-05
1.0488862275922737e-05
2.6567981714203577e-05
2.3530249580144664e-05
1.898240043732709e-05
2.400327846963781e-05
0.0
2.539988350358605e-05
0.0
1.1999813924663324e-05
2.042838928023119e-05
2.1281133265665564e-05
3.16363458379672e-05
1.9688558864161595e-05
1.8304560120800713e-05
1.559631081322382e-05
3.207173514225786e-05
2.0058000806258204e-05
2.8186336999614074e-05
1.568265936945394e-05
2.018053977316946e-05
2.523460090170638e-05
3.07685600081227e-05
1.9422500919630477e-05
0.0
2.126520334418755e-05
1.0419304552802925e-05
1.6030874627598608e-05
2.9188714817886105e-05
1.6187819059049502e-05
2.0624463004048862e-05
0.0
1.8538345822163645e-05
1.8647691223351885e-05
2.7139376629171124e-05
0.0
1.554513593089778e-05
1.8493135095665703e-05
1.0757581165014329e-05
2.940057492288992e-05
2.362830732215742e-05
1.991631987313031e-05
2.4737378399719162e-05
2.4089330480873393e-05
2.4261295393321952e-05
0.0
1.8423663037040317e-05
2.4872730760620057e-05
0.0
1.819528864057635e-05
2.4717719679198452e-05
2.672572911677777e-05
2.2632906830347948e-05
2.348002796658827e-05
0.0
2.029386478674687e-05
0.0
2.352429970020635e-05
2.7222375958702004e-05
3.76986395365965e-05
0.0
0.0
2.7573623601380375e-05
2.6283384845409347e-05
0.0
2.515974526152493e-05
2.1247473018172122e-05
2.1446948288602734e-05
2.528780592434765e-05
0.0
2.7618608203740005e-05
5.614773855540191e-05
1.8236484933281772e-05
2.094751362639427e-05
1.858533976403376e-05
2.6127234582975795e-05
2.332980704530317e-05
2.3160721542149314e-05
2.5860798450433198e-05
3.1919130553888674e-05
1.90422352320348e-05
1.6542564135539618e-05
3.976100242146179e-05
2.8427573427106845e-05
0.0
0.0013694584799457477
7.272146303119138e-05
2.0850938087011708e-05
2.720722287133539e-05
2.6750732934602394e-05
8.200244055279682e-05
2.341328859194534e-05
2.5018107006980005e-05
0.0
2.2531472932336795e-05
4.362797330997393e-05
2.281119978125807e-05
2.3795492025296792e-05
0.0
2.17551657204029e-05
2.3742365884259218e-05
2.4834820571777224e-05
0.0
1.914768305532768e-05
2.930719060304379e-05
2.812936084970003e-05
0.0
2.463381336162331e-05
0.0
0.00012253203111136236
2.5593334022282707e-05
1.8952982015911267e-05
2.0818920447506408e-05
2.084714484812973e-05
2.3053571251856112e-05
2.3583700806601546e-05
3.204220862618623e-05
2.148138735256947e-05
1.9798109444099077e-05
3.923538653380203e-05
2.943651917020228e-05
1.6522511332088405e-05
3.404193676708656e-05
2.3590960554403554e-05
1.6134066205417364e-05
1.8554860484659115e-05
0.0
0.0
2.2427195138609932e-05
2.0323847199790144e-05
2.4973703008759834e-05
0.0
2.449295802056951e-05
0.0
1.712018849292608e-05
1.5980338874217234e-05
2.5901790635789834e-05
1.764631327579741e-05
2.283157785860594e-05
0.0
1.5068860045073906e-05
1.4645824153920915e-05
0.0
1.816835822259287e-05
2.1745221043764418e-05
2.0495139038819547e-05
0.00010073227131798583
0.0
1.763645176173555e-05
0.0
2.287369864218404e-05
2.6859479440678586e-05
2.5204147112367963e-05
0.0
0.0
2.7563017203934173e-05
2.063759232700273e-05
2.006349599764771e-05
2.505528199334555e-05
1.4743844475630548e-05
3.0230752414786658e-05
0.0
0.0
0.0
1.4320810945573177e-05
0.0
2.5113657641455136e-05
2.215230340782126e-05
2.040006236925652e-05
0.0
2.36136347546824e-05
2.7809785089115278e-05
1.606090978985611e-05
3.105453623671111e-05
2.6678071331063405e-05
2.832173720684023e-05
0.0
1.625796026718892e-05
0.0
0.0
2.08267674347071e-05
6.197490179974489e-05
1.9032121568784014e-05
0.0
2.6020751196663204e-05
2.291985639717341e-05
2.227397198095866e-05
1.93954736784204e-05
0.0
0.0
9.36291285243345e-05
2.3828525373750885e-05
0.0
1.7621908572276093e-05
0.0
0.0
2.8203286678318936e-05
3.076401756164051e-05
2.1426680740199393e-05
3.532508029404832e-05
2.496837005381975e-05
0.0
1.794597267704688e-05
3.2808576183382034e-05
2.6259184419555416e-05
2.1539154540313975e-05
4.795240804018589e-05
2.31652031253317e-05
0.0
2.0202590777950215e-05
2.3989758993727748e-05
2.569586678217207e-05
0.0
5.0902430602755216e-05
0.0
0.0
0.0
3.9843349498590365e-05
2.4412949488873094e-05
2.9109534922182753e-05
2.2122840572474038e-05
1.716339197007683e-05
0.0007783244505232403
0.0004061702905288471
0.0
1.8283574488830423e-05
3.459355692590088e-05
8.046370880570602e-05
2.396988626503455e-05
0.0024526326883138436
0.0
2.3846601845353978e-05
0.0
2.4510561985883025e-05
0.0
0.0
0.0
2.4999487469199394e-05
1.6641587602850734e-05
1.6927285937722412e-05
2.8870744471488132e-05
2.366584142763981e-05
