3.1828913447284054e-05
3.2639595622570095e-05
2.7755168512832927e-05
2.3188648751367225e-05
2.779942286966918e-05
2.1219905263504157e-05
2.5960881620122083e-05
2.567374450831575e-05
1.411743725227501e-05
2.1864608817468312e-05
2.190044115246119e-05
2.5220530611324158e-05
1.939378706724836e-05
2.773933853460397e-05
3.2648001039639e-05
1.9456279265320695e-05
2.9227845519967263e-05
2.2635561991426922e-05
0.00014795716424238192
2.0281992665655415e-05
3.059368428015175e-05
2.4895275979622528e-05
2.9963463691521836e-05
2.3832115937046115e-05
2.2379956653920374e-05
3.6922235955625186e-05
2.536818111828092e-05
3.5201261481436523e-05
3.717011175682782e-05
0.0007125754522353052
2.3055420305454315e-05
1.9828020932980247e-05
1.8507195815260976e-05
2.8444547210513116e-05
4.226909217236887e-05
2.1791338782559947e-05
3.1323123401791706e-05
2.613573540889434e-05
4.636582715159173e-05
3.9217784416130846e-05
1.913520393383627e-05
1.7905930131785987e-05
2.6387172858461252e-05
2.9505248077644527e-05
1.7029360709471043e-05
1.9449617911445887e-05
2.7797034254165166e-05
1.979267934982022e-05
1.7962972664535942e-05
2.7776279210837986e-05
1.480472871189843e-05
2.241852146157061e-05
2.960259788828792e-05
1.2574752185328472e-05
2.283393183062472e-05
1.9432031832321165e-05
2.0881352963967447e-05
3.111031565339318e-05
8.080458181506468e-05
2.133373053425251e-05
4.218382059657343e-05
3.968181977973523e-05
2.3684600275347192e-05
2.2668113703534222e-05
2.461287882158167e-05
1.7102114696653362e-05
0.0
2.4467298405928996e-05
1.9132987631046284e-05
2.7696859187792446e-05
2.0174873545565764e-05
0.00032734301826387236
1.8680830771855227e-05
3.2470616672794486e-05
2.3567220338254955e-05
3.298061633114273e-05
1.7949800577814156e-05
2.1925670240120305e-05
1.4909285386488398e-05
1.5284088336441658e-05
9.27751728590422e-05
2.7432205455759025e-05
1.99422690071391e-05
1.8192004707539874e-05
2.4196011401666517e-05
2.395737768381202e-05
1.613892450176855e-05
1.3997252760185213e-05
2.1206700229809862e-05
2.9874683515299162e-05
2.8778267850633473e-05
2.130976505725053e-05
2.121403652375041e-05
2.3748841396902452e-05
2.18302351855018e-05
2.344489235154404e-05
2.6163687049217235e-05
4.1099437973266826e-05
2.611896044084693e-05
2.7790350863695072e-05
2.5122352615784398e-05
1.9664298042448506e-05
2.8994109515517396e-05
0.00011289837658144633
3.28091437186156e-05
0.0028791818389873555
3.097291160083255e-05
3.1414808287484315e-05
2.218532447041351e-05
2.3498247798060325e-05
2.237461075266066e-05
0.0
0.0
2.0026277019200477e-05
2.2030216433437396e-05
2.1546325398710872e-05
2.9983790407491168e-05
2.722957957747441e-05
3.301691141789908e-05
2.449716938612757e-05
2.4242849948001346e-05
1.808533300245385e-05
3.1302000681816514e-05
3.134500116944473e-05
2.0693438582305405e-05
2.685509069007505e-05
2.302174424601461e-05
2.673308039451594e-05
0.0
2.568440691440433e-05
1.9915991731433657e-05
2.8526519938528674e-05
2.3064735897798666e-05
2.590667873141216e-05
2.2457656804190664e-05
4.1487925758749584e-05
2.6864727570485453e-05
2.2475529204688633e-05
1.8735832702637335e-05
1.928610786399625e-05
2.3532116685297154e-05
3.0145644372673255e-05
2.4056721898584328e-05
9.16363490959199e-05
2.613118065275994e-05
2.2088019769744065e-05
2.396896654504542e-05
2.905298227431032e-05
2.2747230858150312e-05
4.490733676796298e-05
2.2562431422705207e-05
2.4312844424147363e-05
2.222887195373657e-05
6.792129770908178e-05
2.6254502380666513e-05
4.8239667608017015e-05
1.9443285496882957e-05
1.9179878147208728e-05
2.395122531849879e-05
1.864455946208395e-05
2.548640783100386e-05
4.180718129965622e-05
2.2174602907268996e-05
2.764341479264464e-05
2.505718448171174e-05
2.5841820022965362e-05
2.6755304083249084e-05
2.1934871813984503e-05
2.067886422048329e-05
0.0
2.653110951532528e-05
2.1106206304060777e-05
2.1684660660422326e-05
1.1713121784363508e-05
2.420888627286045e-05
3.0387043342909135e-05
1.7463202142792365e-05
0.0
1.825210610114163e-05
2.6004800953677653e-05
1.8756046943789765e-05
3.686985911847326e-05
2.276729907501776e-05
3.0781092218104533e-05
3.615997435191888e-05
3.245358350811739e-05
2.3812204422441768e-05
3.844045592360655e-05
2.0964329646100582e-05
2.2094566006863952e-05
2.4426884293249584e-05
3.169733695685121e-05
2.9010498403785394e-05
2.8339576547918596e-05
6.598837345219367e-05
3.4354724068498074e-05
3.0855909914036914e-05
2.9890751370538365e-05
8.827557688230486e-05
2.433079709013878e-05
2.743994529118418e-05
2.2637114014637053e-05
0.0
2.4825157065822412e-05
2.4883218541247655e-05
1.8487286930380833e-05
2.74688461669035e-05
4.1288132811513565e-05
2.4766380586345594e-05
1.9385043899275404e-05
2.0750435269324855e-05
2.311823130581943e-05
3.154707263290942e-05
2.378463653210585e-05
3.434975651171488e-05
3.110073368821372e-05
3.198243457025377e-05
2.192566496427562e-05
2.8390278232718966e-05
2.7701034778884364e-05
2.3787874258926512e-05
2.0100343197546324e-05
0.0
0.00012230905592025505
2.5237994006272172e-05
2.733682367477004e-05
2.0514121036024923e-05
0.0
2.1844232921948615e-05
2.363836218389862e-05
2.282852667977156e-05
2.1445341557929467e-05
3.445087853127293e-05
2.0310041399883972e-05
2.247444410689276e-05
2.2736687175302257e-05
3.127830967710949e-05
3.812802150825845e-05
1.6992898314283012e-05
2.2393881404200274e-05
2.0991243671472427e-05
2.196832380541649e-05
2.2541293770892855e-05
3.133428084310195e-05
2.793319761953435e-05
2.7751058472128668e-05
2.1819237308358008e-05
2.238131804553839e-05
2.1144052846579173e-05
2.3795723479303635e-05
2.044698646272744e-05
4.537610282492043e-05
2.6584308987743786e-05
2.7109201793911294e-05
2.2374273699191488e-05
2.369080461709807e-05
2.3714328561690286e-05
2.5125008700968752e-05
2.7857931320093088e-05
1.6687859856109127e-05
0.0
2.1764090465160218e-05
2.37461731169288e-05
2.359525147884177e-05
3.018082593222675e-05
3.1667944422603287e-05
3.854720638228143e-05
4.550463981104244e-05
2.7445261080425365e-05
2.805196731404474e-05
2.0564001724271796e-05
2.7774195577830087e-05
2.9331477270273867e-05
2.3308677034732294e-05
1.8628197978275587e-05
1.8094489610065076e-05
2.1068291118036628e-05
1.6388647977008106e-05
2.5966712194812817e-05
2.6912560592719993e-05
2.668526479576733e-05
3.047728515979687e-05
1.618699562493726e-05
2.3258786788365124e-05
2.2426682678746563e-05
3.8122434226217786e-05
2.6621068064990342e-05
2.341622171567348e-05
2.2915072411846935e-05
2.121375779812729e-05
2.5447575586523e-05
2.138356131266678e-05
2.040241510797498e-05
2.581065402590115e-05
1.8797788353154607e-05
1.7621534341082296e-05
2.3117359376559767e-05
3.522890950888049e-05
2.8150550440770848e-05
0.0
2.5097512031045774e-05
2.4129232733733227e-05
3.188414350306421e-05
2.038072564639162e-05
2.6643646984909676e-05
2.9118234215095945e-05
2.0821759144028465e-05
3.2645654574829395e-05
2.233307676366262e-05
2.415099238373602e-05
2.8845736843998668e-05
3.864478497568701e-05
0.00013780315686207938
3.072940566465539e-05
1.696450521366544e-05
1.4891124725762714e-05
1.5622496692345175e-05
1.0452388529224434e-05
2.7688609083827235e-05
2.0640803118097388e-05
0.0
3.3241427825326546e-05
1.9495126158660554e-05
3.306025547472518e-05
2.4551297334226863e-05
2.586153874527824e-05
4.231308401857013e-05
2.1815627104165766e-05
1.877031792074944e-05
1.6771165144231714e-05
2.5431598068131654e-05
1.2304847172479442e-05
1.2129089346350041e-05
2.28510743908238e-05
4.592159048701501e-05
0.0
2.5474076996436913e-05
2.2427446853346074e-05
2.455069675615579e-05
2.5618826868077254e-05
3.2524755952846743e-05
1.716135727282491e-05
2.978159382340449e-05
2.0357059402424584e-05
2.2899267340343892e-05
1.8231000281193453e-05
2.4821429578428e-05
2.7577802343993437e-05
2.705631822671967e-05
1.7483140132319555e-05
2.317489134164666e-05
1.8272666556304513e-05
2.2931232541988454e-05
2.1676177148736758e-05
1.8913277058486467e-05
2.9837982601602866e-05
2.9198148758020175e-05
1.6397578506902243e-05
2.3786274617040332e-05
3.7616342884536845e-05
2.019943845252992e-05
2.9869810724654573e-05
2.9504040880693932e-05
0.0
2.0392337882648266e-05
2.1681110308816414e-05
2.472963788850946e-05
2.3081115078103068e-05
9.132685937179119e-05
2.5308228971307727e-05
2.738398736974366e-05
2.977801632473889e-05
1.885780581806481e-05
2.1063330497720586e-05
3.1915637442635604e-05
2.6605552989946847e-05
2.2245727560247442e-05
3.0251038788599776e-05
2.091795433378644e-05
2.1556680190581432e-05
1.795620032189896e-05
2.2846535558503565e-05
2.1354048066449742e-05
2.166774112911498e-05
1.8665428513653033e-05
2.071304220904069e-05
3.2207185920621114e-05
2.7762591030540904e-05
2.8104928686189785e-05
1.868171994599916e-05
2.7165161117802844e-05
2.016642429222576e-05
2.7873695418941818e-05
2.738705186960231e-05
3.0098789150396114e-05
2.644665082039891e-05
1.544810556451066e-05
1.2628061143801134e-05
2.0759045014759805e-05
2.9703677027868877e-05
1.6862073127956777e-05
2.6855972601350822e-05
3.24769995360668e-05
2.1999645658559705e-05
2.6712970331221353e-05
2.0094285174820286e-05
2.3013984535653603e-05
2.649240375281482e-05
8.253941250778922e-06
2.7859735761315188e-05
2.0561088425922775e-05
2.117224661885303e-05
6.282488663042347e-05
3.153950834610025e-05
2.0416118128440642e-05
3.236949160838723e-05
2.4024022552290295e-05
2.0571815056753274e-05
1.8957916637454943e-05
3.026041490769e-05
2.797303668448606e-05
2.6720703974786147e-05
2.3373924261599098e-05
1.925090884088427e-05
3.780511803677987e-05
3.1374217388817805e-05
2.4637573833308736e-05
2.4345685998867667e-05
2.338031340142886e-05
3.323483485496337e-05
5.1966522612631126e-05
3.1859770730461116e-05
2.8104823854035777e-05
2.0630019082234298e-05
2.0446382788025714e-05
2.8009249896915453e-05
2.6306246638205893e-05
1.9366888888805844e-05
1.381446485671876e-05
3.556359665115038e-05
2.1457680133604433e-05
3.660838494638848e-05
3.728613230528331e-05
2.5312010160104397e-05
5.115688921978292e-05
7.640977649535278e-05
3.0894387135113056e-05
2.222038760347739e-05
5.148826533869461e-05
2.0715802980018405e-05
4.498098987140355e-05
1.7768540927924594e-05
3.4124583107755536e-05
2.502791597864977e-05
2.5450021700905303e-05
2.1572976400103537e-05
2.9370352464539653e-05
6.545765047184407e-05
2.5852502216491656e-05
2.0568474810999254e-05
3.325928689792477e-05
2.3692325078207767e-05
3.190347034734794e-05
2.4644633295465802e-05
3.32030036573709e-05
2.9313365758301703e-05
3.0378838155442816e-05
2.0018149203455814e-05
2.540569561222031e-05
1.5047370731438773e-05
3.587437394804217e-05
2.3097939699468584e-05
0.0
2.2434783088608995e-05
2.6462868986323263e-05
1.6973753078711453e-05
3.043109798937755e-05
1.8071970201911066e-05
2.0329627553247647e-05
3.289371284391208e-05
2.288613023777893e-05
3.683916254088712e-05
3.155187780680472e-05
2.954070307909862e-05
2.031767869534722e-05
2.366136499495431e-05
2.9669265998115698e-05
2.7875824902446338e-05
1.902117757357103e-05
1.9093877120640887e-05
2.6260877150491234e-05
2.3247253624436553e-05
0.0
2.1064469369633174e-05
3.40424872005257e-05
4.120455516801403e-05
0.0
2.476290516793579e-05
2.9310653999616834e-05
1.7705240781566086e-05
2.5480370037732406e-05
2.2930856996542113e-05
2.5656270375844926e-05
2.5418754065221475e-05
2.364871032067365e-05
2.2164466831601773e-05
2.2329480389085813e-05
2.1762868469986016e-05
2.3770432999094216e-05
1.829712129071109e-05
2.5041719325075714e-05
2.8702670849608114e-05
2.2202463281674733e-05
2.9132393208810477e-05
2.5198265560402327e-05
2.5742968615375233e-05
5.013953846800719e-05
7.960756437652053e-05
3.1077844804268716e-05
2.3480947169024577e-05
2.6759329878617697e-05
2.0126510623552678e-05
0.0
5.3714983432508816e-05
2.1061394070290506e-05
2.7234076926156482e-05
2.9889766542222073e-05
2.084049060907351e-05
3.2688649091379186e-05
2.573476686958342e-05
2.7097902370154684e-05
3.236582626638076e-05
2.4393364229129244e-05
2.127784564560808e-05
6.164025312575363e-05
2.0023412160687464e-05
2.7019840575968853e-05
2.0045661337758054e-05
2.683058896011555e-05
2.74191201554958e-05
3.059029810446758e-05
2.0987228271920637e-05
2.3789080988537425e-05
2.8279011490240242e-05
2.587640350876913e-05
2.825476399629084e-05
2.278321655968851e-05
1.935781854313406e-05
2.869085095516041e-05
2.2133657951921058e-05
2.5416320135393816e-05
2.6364161560500408e-05
3.264354571462727e-05
3.069862004102487e-05
2.377813803410968e-05
2.833022345402205e-05
2.8493810825858556e-05
3.282896541679188e-05
8.268105586256656e-06
2.31089458529257e-05
2.567138849227864e-05
0.0012263232379664825
2.700753394969149e-05
2.794038573994564e-05
2.9856872092478937e-05
2.4968561602368202e-05
2.145274031193701e-05
0.0
1.918013415864869e-05
2.592908861531929e-05
2.1327600122385567e-05
2.2654312638068066e-05
3.381982062510858e-05
3.0494682122417876e-05
2.3089056826606767e-05
2.692928365542607e-05
4.1916522195355265e-05
2.1829678041237527e-05
3.123418008655688e-05
2.0222769744605045e-05
7.092365812755085e-05
2.56726996770994e-05
3.060469492601805e-05
2.4210732236771143e-05
0.00025733326704029564
2.4450287030261997e-05
3.202807241583506e-05
2.6037074894141302e-05
2.053295849513024e-05
2.3068049514126164e-05
2.4890262537994783e-05
3.0637743710457827e-05
3.907038246522135e-05
1.9456693907518317e-05
3.811444749818099e-05
3.055156258757763e-05
2.4833822410668955e-05
2.7434855991400522e-05
2.098726855312404e-05
3.679009056766292e-05
2.636467828782023e-05
1.856645158753744e-05
3.0374850658462264e-05
2.148718423854397e-05
3.678565139164589e-05
2.0669920690819616e-05
1.9971887610327268e-05
2.183551954136933e-05
2.5287885677455492e-05
1.955669577792658e-05
2.5675067906858604e-05
0.0
2.1382792519690112e-05
0.0
2.351543429905411e-05
2.393134069015087e-05
2.24940134346675e-05
2.446836964467973e-05
2.2390616525337802e-05
4.331783893315178e-05
1.944957140864818e-05
1.697333528229153e-05
1.7088995722200472e-05
2.3836123917281306e-05
2.2945550239084447e-05
2.391183826364988e-05
2.6843255109505122e-05
4.336705810951355e-05
4.610308344152951e-05
3.095903644961178e-05
1.769936028615593e-05
2.50040568727858e-05
3.0254709417695533e-05
2.3830053805740456e-05
3.136263406100405e-05
2.162844831725326e-05
7.556313315889928e-05
2.3811586223724796e-05
4.374484537998512e-05
2.8559092073521952e-05
2.4720661577673843e-05
1.3955736803987185e-05
1.7107772652094175e-05
2.605941584032281e-05
2.142298878224789e-05
2.8740659295060544e-05
2.2202104124495727e-05
0.0
2.0811203634666036e-05
1.9549730480936643e-05
3.820374585615677e-05
1.595012668434433e-05
3.097097149101327e-05
2.24329861800634e-05
3.0366180079972344e-05
8.500410780110812e-05
2.99419368546846e-05
2.014508585164758e-05
3.6706433625185506e-05
4.891945930226633e-05
2.71102673462493e-05
2.5222590741489753e-05
1.8814367876320382e-05
2.9929818866277023e-05
2.621321380760437e-05
2.7788254485682858e-05
2.9550266193470583e-05
1.4729186169059514e-05
0.0
1.8362352104805136e-05
2.842766864928242e-05
1.8079350479220808e-05
2.1132925051133062e-05
2.0182107486667927e-05
1.6439786972980522e-05
2.8630799951904616e-05
2.4546702131635814e-05
1.8677245833502027e-05
2.5811352062079448e-05
2.5937432447270172e-05
2.0538760238567705e-05
4.7756849213688744e-05
2.5768174710155117e-05
1.5815109364660106e-05
2.486283889748804e-05
0.00012715563710204066
2.013799515152415e-05
2.194647333672933e-05
2.1080785074382004e-05
2.1934518426931474e-05
2.1468488901651942e-05
2.630214953184275e-05
2.6098786354711947e-05
2.9991764702752107e-05
2.1022386095034402e-05
2.5354556607348186e-05
2.5300452904132107e-05
2.4550862515059317e-05
2.043148030977972e-05
3.193738625497407e-05
1.876448137978162e-05
0.00025458434527453767
1.6488997113189026e-05
2.1375143963873806e-05
2.4396935114565376e-05
8.14844907294923e-05
2.6134663991276632e-05
0.00040638755408269745
2.2943198671303333e-05
1.6486157926655607e-05
2.1358267610266752e-05
1.8756255759440683e-05
0.0
4.815296855125324e-05
3.5038778429387036e-05
2.0772809543849965e-05
0.00010503771037036959
2.4043363656523053e-05
2.347178889033291e-05
3.988019536192595e-05
2.8838221730911807e-05
2.7795418497982038e-05
4.405071421682496e-05
4.287539963170954e-05
3.0414953901432707e-05
2.1857043751701004e-05
3.2789610736537766e-05
2.4192136991360758e-05
4.757518510075807e-05
2.745285803302878e-05
1.71222318044335e-05
3.100148930566947e-05
1.8453982191421352e-05
3.0252154355794555e-05
1.930895215084623e-05
1.6982499405865682e-05
2.2100438104956527e-05
2.6109601042381643e-05
2.25446183932213e-05
0.00026253331834154834
0.0005931406223129436
2.264511466787716e-05
2.670287100549736e-05
2.971641775910266e-05
1.8057542105824294e-05
2.8049870878814577e-05
1.8372735617795867e-05
3.55333086015871e-05
2.164574976233326e-05
2.7892641059124933e-05
2.376743162308815e-05
2.1768871913849618e-05
2.3967730672583496e-05
2.402215717137842e-05
0.0
2.5652050103195377e-05
1.7717381783390848e-05
2.6497696568307108e-05
3.116958042728837e-05
2.952728917721358e-05
1.6619823902344618e-05
2.2585467968311266e-05
2.196878390319839e-05
2.5622489540326322e-05
2.3310881992704886e-05
3.4846883182738556e-05
2.9043732477889303e-05
4.087886737256763e-05
3.081800922148798e-05
2.239166179970494e-05
2.768912384456356e-05
2.797231365717072e-05
2.9767749335571682e-05
2.059821673972007e-05
2.6521505301573105e-05
2.459602394750078e-05
3.340549588725761e-05
1.7141863419653805e-05
4.171482758300763e-05
2.4066989127062865e-05
2.9224089166430035e-05
2.5607631616342772e-05
2.1070737363219718e-05
2.0248396202098148e-05
2.9853063548514077e-05
2.6298681452594346e-05
2.9029235452905294e-05
2.6000989672907158e-05
2.7482893825997926e-05
2.069066493667555e-05
2.5458438416730002e-05
2.6598689545964512e-05
2.6768860008090816e-05
3.226912231189557e-05
2.2719863924075366e-05
2.4788950548215972e-05
1.9344144521754905e-05
1.749657369974211e-05
1.9937186928623848e-05
3.224367699277741e-05
6.831112361180008e-05
0.00264856511554384
2.6384105543176382e-05
1.6468672329339295e-05
2.373047702872496e-05
1.5619139767276224e-05
1.8801993046266987e-05
2.0074165726486975e-05
2.8710958642616408e-05
2.0496947400966514e-05
2.457052820283714e-05
0.0
2.211965418090318e-05
3.454552162268792e-05
3.412141181749356e-05
2.221197165591036e-05
2.2049307147304188e-05
2.6976682648000177e-05
2.0201725691093394e-05
3.308145766149925e-05
2.6913214910433123e-05
2.4892506854525027e-05
2.651854147004104e-05
1.8975518788740998e-05
2.0128941877165574e-05
2.1799594324576324e-05
2.0019230748935702e-05
1.929715291835985e-05
2.045078625929201e-05
2.304567269500718e-05
2.379407737961296e-05
2.3841925558273105e-05
2.5299285583437205e-05
0.0001266707114679182
2.5886077678835894e-05
2.0598028333223552e-05
1.819809151642618e-05
2.786307991004005e-05
6.228817171466352e-05
2.728946175364274e-05
2.4643651076437702e-05
2.8693045910116716e-05
1.6970848567652453e-05
1.8613134529633713e-05
2.5515253057886673e-05
5.839626575352256e-05
1.9944721503815353e-05
0.0
3.446029917992011e-05
2.1758456263265563e-05
2.4082775863762388e-05
3.562592538295231e-05
7.517987679410262e-05
2.7539649761435776e-05
3.892678902074613e-05
1.6628024330029017e-05
2.162923289330596e-05
4.582089629504901e-05
2.772292163847241e-05
3.3832161800645226e-05
2.3049010649404734e-05
3.0447782863032703e-05
3.862482617583242e-05
2.0030011889572344e-05
2.347399483227928e-05
2.6829809287745525e-05
2.512787175599158e-05
2.7260658921970904e-05
3.994176621971122e-05
2.223265519559261e-05
1.86758017963904e-05
2.3357218314594227e-05
2.9650464041160148e-05
2.7121590600281835e-05
2.543828719621804e-05
1.7814937765666284e-05
2.5108209366921184e-05
2.2918008990340454e-05
2.882293264824344e-05
2.3005913828186893e-05
2.186507727255422e-05
2.195957122044292e-05
2.2405723022193877e-05
3.4295111253157155e-05
4.665581838850563e-05
0.0
5.266801223203139e-05
1.6805517726789082e-05
2.2049880277296072e-05
2.5963517816285237e-05
2.799343382026822e-05
5.731904391980792e-05
2.6079000441772665e-05
2.996172441889564e-05
1.9131015459447592e-05
2.3446670523192805e-05
2.346681828610299e-05
1.89150956913621e-05
3.1146904498274486e-05
2.1634184562078938e-05
2.9237547993014984e-05
2.5652077414754787e-05
3.4788277848229816e-05
2.0132018047198786e-05
2.0510777277864114e-05
2.5186885193013987e-05
2.0032555653359466e-05
2.6734935948038143e-05
1.916056800347225e-05
2.1202207972443864e-05
1.9800851669446203e-05
2.2573570555063036e-05
2.239116334144949e-05
2.6298108068665556e-05
2.3274088788670116e-05
0.0
2.5562150369236296e-05
2.1056961955229502e-05
3.186326011998415e-05
2.6732611050242466e-05
2.8736300552276013e-05
2.8900083822511843e-05
2.3959751090587866e-05
5.756033420946805e-05
1.9579265026473407e-05
3.641405015041761e-05
0.0
2.9991632536439132e-05
2.809216590566894e-05
2.079054643816033e-05
2.6381707421608675e-05
2.586736079731506e-05
2.8728758099227345e-05
0.0
2.47719239816272e-05
2.2458365999865154e-05
2.046306578920411e-05
2.6320133576709107e-05
0.0
2.4811821048458087e-05
2.8052568269610474e-05
2.4622530029578674e-05
1.8956129288632317e-05
2.3938846303720998e-05
1.7654891428102576e-05
2.2206617700872488e-05
3.312493845831293e-05
2.8674558237244455e-05
0.0
1.8122956452815217e-05
2.7625786809912495e-05
2.0590105095220705e-05
2.133539266552875e-05
2.1876315200437855e-05
1.9455633088654518e-05
2.0502648976161637e-05
1.7745015839478858e-05
1.6285485506772657e-05
3.014164018127617e-05
2.4915112998669915e-05
2.5368573548542103e-05
2.252703228966812e-05
2.482059208280312e-05
2.4368815079944637e-05
2.97194361622385e-05
2.5224070786030216e-05
2.2691347248213972e-05
2.4354191074815574e-05
2.762833484517966e-05
1.8189875702975667e-05
3.106682180419521e-05
1.1996355951903245e-05
0.0
2.0126971322146335e-05
2.3566034220170515e-05
2.4313430504855965e-05
2.792975764582701e-05
1.8438089349664025e-05
5.323055845010749e-05
1.4404595045126602e-05
1.9215443329347447e-05
0.0
3.218193439303646e-05
2.3912515476421402e-05
2.6860762552937505e-05
2.1529067729677993e-05
2.1254211920327376e-05
2.1361841818777224e-05
1.9569555259644804e-05
3.386535123829905e-05
1.9535522947374594e-05
2.83617372949406e-05
5.027123826036172e-05
0.0001257804265754625
2.1865220311067348e-05
2.4144168759247748e-05
3.1421131034138736e-05
2.5645696419227512e-05
2.0577899150183453e-05
1.846953886532919e-05
