2.2631467991586833e-05
1.8479545047263566e-05
4.9181836093032796e-05
3.0731816883566406e-05
3.51671543574372e-05
6.649145368832847e-05
3.0861799085743486e-05
0.00010100896848894943
9.332326515046853e-05
3.2844046046628566e-05
2.998776581339434e-05
2.2969127713099095e-05
3.798994125008726e-05
5.619886295607849e-05
4.426509629039215e-05
2.1354889813257964e-05
2.5476251567202072e-05
8.401897708727506e-05
9.897668492060971e-05
1.940300687444944e-05
2.2133719821749752e-05
0.00014288974105830705
0.0001490622686922572
2.0112713214986757e-05
0.0003395317978771576
1.978222581422832e-05
2.6368259806309637e-05
1.759307800619441e-05
0.00011177416688319416
9.484027549373826e-05
0.00014344836082243943
3.3798366144108946e-05
2.3355235822211855e-05
0.00010699093210059597
7.726753480500154e-05
1.765918823128621e-05
3.223466270617082e-05
0.00014105852238519012
2.8279079455123102e-05
0.00010956742842196764
7.048550959905188e-05
6.391393026059151e-05
2.5872868183870128e-05
3.704323650159503e-05
2.914394442904998e-05
3.580126457189381e-05
0.00015815835653392094
1.9178186023609496e-05
0.0003011772782802691
6.934867334196266e-05
8.359210172244509e-05
2.236264429138114e-05
3.3791221805948766e-05
2.188590924298281e-05
2.0497559027585745e-05
9.411857918693146e-05
7.07274201229786e-05
2.9816218212412858e-05
3.0457976295200157e-05
2.808259454271522e-05
2.7664683764068052e-05
0.00012778765583781724
1.807938079877405e-05
3.0098186656482533e-05
3.106561103731082e-05
4.7042819828628014e-05
2.7593696117524916e-05
2.0217118770618133e-05
0.00012184721389962627
8.961583256187758e-05
4.009139119513603e-05
2.4142230482417257e-05
0.0
3.080574332790911e-05
4.044498723970009e-05
1.5305901616013586e-05
4.3050429578136093e-05
0.00010741997014588357
0.0001439826422912679
2.188537727112004e-05
2.725568477071811e-05
2.821038798777856e-05
2.590146829073368e-05
0.0001239700409518305
4.372031181215758e-05
5.8191121325877126e-05
2.6883872056538252e-05
2.3252272070692266e-05
3.092470090990713e-05
0.0
3.0648587634254e-05
3.3218448275185045e-05
2.852452902940377e-05
3.920704157660365e-05
2.9755270823204268e-05
3.0108805205612104e-05
0.00010479623495268151
6.0747373901490864e-05
3.558373283530596e-05
2.103865627560543e-05
3.1004209710539356e-05
0.00010504033744609214
2.550884978009526e-05
0.00018755053552014297
2.3105960540365312e-05
7.335072238520793e-05
2.4754114702018998e-05
2.8836231600906916e-05
3.490889584096626e-05
2.1422174617888053e-05
2.0042235444679187e-05
2.0798718230483e-05
1.9072929904123365e-05
2.8449526271218598e-05
6.383849692055463e-05
6.057291952054267e-05
0.00010435212821781123
4.763718605106639e-05
0.0
2.6914660997149173e-05
9.635387029047395e-05
0.00015708949750778956
7.201174768251277e-05
4.3173440956827186e-05
2.9877556964052693e-05
4.416357779010458e-05
3.732333960692731e-05
2.7309949857904725e-05
0.0
7.748141929810943e-05
3.138806121753295e-05
2.523546045881529e-05
2.556483049953651e-05
3.003271059580015e-05
2.6901584214435704e-05
6.690369313112868e-05
2.7099444838783423e-05
6.0904118097934106e-05
2.6240834829282658e-05
0.00010292611979843098
4.350137436607288e-05
3.56613063437435e-05
5.039798699784703e-05
7.873113375152703e-05
9.177175123685635e-05
0.0
3.476682313739146e-05
2.6973852381986487e-05
0.00013455230420688106
6.960953042614237e-05
3.170816586274919e-05
2.939192992602156e-05
2.2695049276612513e-05
1.9683779284960442e-05
0.00010469932703365768
3.5054721241223896e-05
2.378761051167615e-05
4.304433416287838e-05
0.0009406667921255549
9.112151304892848e-05
4.101825799215893e-05
8.39126097922715e-05
0.0001580967435719255
9.051458537708357e-05
2.342226625370045e-05
2.5833558470856892e-05
1.600898801398388e-05
2.6453865296102903e-05
2.1469529582194355e-05
7.836209776350136e-05
2.1225481754565606e-05
5.220295227522804e-05
0.0004429136751159527
0.00018671998962285744
2.4524092541809547e-05
2.7692716022233755e-05
0.0001320958589345667
8.363703544150688e-05
2.8597109488070575e-05
1.985538579698562e-05
3.347110127951943e-05
1.9965169145852966e-05
3.527255585878041e-05
7.680854915036909e-05
2.2092917684879087e-05
0.00030493293385640713
3.55438322865698e-05
2.7291134320461265e-05
7.469798854668203e-05
2.598159880016292e-05
4.758998056181461e-05
8.395327650540123e-05
2.503054268145005e-05
2.1267656419534253e-05
8.524018067119958e-05
2.730322898392126e-05
3.204200740436597e-05
4.051290951685402e-05
8.075305386423882e-05
2.679023970019818e-05
2.656990619642199e-05
2.387179015465327e-05
2.090033045193415e-05
0.0001219899570192682
4.530828831084112e-05
7.802495595487525e-05
0.0001063702908376693
0.0002591693655306235
2.064004436243875e-05
0.00010916049664967484
1.950135506939103e-05
4.242500840511721e-05
2.3611318297483207e-05
6.0925278526842334e-05
0.00013401710680109211
5.14196948944756e-05
2.3818105767404168e-05
2.032951571547371e-05
2.4230692614230973e-05
6.23354232590743e-05
1.9035058908719303e-05
9.669762926131456e-05
6.333511032662916e-05
3.645104685051335e-05
2.662753326969234e-05
3.0048975575542982e-05
2.3874654113342855e-05
4.4562576639855594e-05
9.478903178830656e-05
3.149198714742227e-05
0.00015634197511638138
0.0
2.6210963959266245e-05
5.974902709828303e-05
2.823871581825506e-05
0.00010232955364515944
6.711414249369082e-05
0.0002472453599188145
4.446023777212045e-05
1.8337436349625338e-05
2.9973477923040724e-05
4.9518910171890285e-05
3.911512824337068e-05
0.00023801996870282286
7.927497625503474e-05
2.4240756103904617e-05
2.0919708165139736e-05
2.201311511854041e-05
3.2623725459970514e-05
3.134170872517196e-05
5.263181012729836e-05
2.7001894723135534e-05
2.111969562412977e-05
2.703410371470251e-05
2.2696396700587917e-05
3.009388164169323e-05
2.8821562862190234e-05
5.682584405229849e-05
1.9681603146243128e-05
1.948183107603574e-05
5.9259717427589026e-05
0.0
0.00011071557145482003
7.478101046557567e-05
0.0
0.0
9.699681770975126e-05
2.5018563187282146e-05
2.2604788130910807e-05
3.229623528870579e-05
3.749335435949976e-05
2.752109989347721e-05
3.760660488089168e-05
2.3991444475853395e-05
2.69439758029143e-05
3.4087787688540506e-05
0.0001509232877706665
2.4827490653965768e-05
3.800136196824995e-05
5.738475985492965e-05
9.903499557824277e-05
6.400862981227224e-05
3.382024254433201e-05
3.411859835963258e-05
2.3906088268038523e-05
2.086092880738739e-05
2.781221787173049e-05
2.3360376352941375e-05
8.268986163667827e-05
0.00012201333284733022
0.0002538831037987013
3.569036813114489e-05
2.6749795374832505e-05
5.805696349531387e-05
2.1649974078810798e-05
5.143430256451635e-05
5.75399562222829e-05
4.269651625574184e-05
2.1158095489340803e-05
0.00020328811697597918
2.803673618904585e-05
3.0701188966539244e-05
2.2100472706407998e-05
2.6621456368479883e-05
1.869805073740415e-05
2.7685575319885668e-05
2.4806952074671145e-05
3.269329426362273e-05
2.9094477043523312e-05
0.00011339324972578912
2.4895598308520683e-05
4.576493410658441e-05
3.405748889520031e-05
0.00017324479027141392
7.387917070525061e-05
1.6465037902251534e-05
3.501368708483393e-05
3.093145466647128e-05
1.9379318873570346e-05
5.534059037972786e-05
6.317799384618732e-05
0.00012509578712889462
3.449922412936561e-05
3.5587861244992833e-05
4.9665339455637705e-05
1.9006124902144163e-05
4.215262231132886e-05
7.728639413838425e-05
2.8624900952965826e-05
6.16989381680134e-05
9.333538220633017e-05
0.0001346682511013342
0.0003275973636005397
2.5820129443595813e-05
9.909458217200227e-05
0.0
1.919003574519154e-05
2.8028212154811205e-05
2.0582031613609795e-05
4.6553525815589515e-05
2.092044978240335e-05
0.0
5.919964541370361e-05
3.491377174836365e-05
2.8648399168946395e-05
2.640794216691071e-05
1.9874470324971616e-05
7.340887082891131e-05
0.00017236010965506802
3.216051997924843e-05
9.980001361678272e-05
2.8975841697275137e-05
0.0
5.017852723033158e-05
4.730915266975622e-05
2.084372200956967e-05
2.3710792510484458e-05
2.1718527820052576e-05
2.091878123173898e-05
2.600283098174346e-05
8.297552481176987e-05
2.902672708890059e-05
2.1235069295534015e-05
0.00010906077972570561
2.5749752277824094e-05
5.338990947319679e-05
2.288881228785315e-05
2.276126240337398e-05
3.329247215684098e-05
5.821930486308206e-05
8.293878808487335e-05
1.745806426644962e-05
2.904395372902224e-05
0.00025068885297657446
3.228333012223424e-05
0.0
0.00042791559618132394
6.02282163366651e-05
3.321950690102725e-05
2.3914491293719427e-05
3.8225322976549735e-05
5.261937961493281e-05
8.231783374536264e-05
3.238211625913112e-05
2.2496960823268353e-05
3.1430464058134485e-05
2.6485790130911506e-05
6.712241467699169e-05
3.0354577095054884e-05
8.2408400572135e-05
2.616638530560798e-05
0.00033410447620308787
0.00011546666668318688
0.00017506655145031475
0.0003270108902265065
3.584233875773076e-05
2.8412467682955556e-05
9.175363746382724e-05
0.00013574941458864665
6.731804127311766e-05
3.8204920393200716e-05
3.0082075447442996e-05
2.6808915931246485e-05
2.8700851320956485e-05
0.0003072105776527259
2.4683240501915347e-05
7.58061990944332e-05
3.821866478363907e-05
2.8080822529604207e-05
2.8655287342043398e-05
2.640878832598884e-05
3.0671253632907996e-05
2.255735201700111e-05
0.0
2.7266815201766628e-05
0.00021542097658920053
6.528316106539379e-05
1.7334231363161082e-05
0.00013015572915339046
6.777761768304149e-05
6.45977540768776e-05
3.277929712675595e-05
2.926780321717073e-05
1.725595669651315e-05
0.00023075349562272035
3.823494641678191e-05
1.417985611072864e-05
2.188895542725141e-05
2.271107608928426e-05
2.3232223285002853e-05
8.238692192335708e-05
8.112757963171692e-05
2.6597185224714194e-05
2.9215561528311812e-05
4.3672829044943255e-05
1.7362073243615617e-05
0.00040611992106159443
2.8163827613615126e-05
0.0001713446134461234
3.0649276991103005e-05
2.0425843784531275e-05
0.00013647339105146285
7.313642029834281e-05
0.00011492078503385092
2.7598804435466525e-05
2.711298740179901e-05
2.5690651254646483e-05
0.001161965063741032
2.079529446353872e-05
0.00012999286439468018
3.3946306683125554e-05
2.4979785988283602e-05
4.308005373558859e-05
5.5758738502943176e-05
2.429657942986809e-05
2.610487981284324e-05
5.263736980329478e-05
6.154731512013025e-05
0.00015384148824750806
2.968049213943834e-05
0.00010066651822600558
2.9208298504589857e-05
2.1303194422296404e-05
0.0001078567577447359
6.060258426130964e-05
2.494934092189979e-05
2.209795348962708e-05
2.0814510951716563e-05
0.00015810814605212603
4.063602148647606e-05
2.251448042024497e-05
2.710480442782999e-05
0.0002760284045133194
3.03719703267089e-05
2.984114943339795e-05
0.00015365580725937102
4.98743638653975e-05
5.34075043794935e-05
0.00011129823876224953
2.3697459457726934e-05
2.8358362685948018e-05
2.232437889304187e-05
1.8040441854353223e-05
5.466626095797402e-05
8.600441590948388e-05
8.426066443147784e-05
7.386059397642317e-05
3.226294647610836e-05
2.6367417125678345e-05
3.377445660144507e-05
5.687439614696682e-05
0.00012903176897419556
2.4989366985793775e-05
3.633328047321748e-05
3.194499443241192e-05
0.00012446907131363297
2.1242650137896573e-05
3.842297643694218e-05
5.526606052072904e-05
5.547324988550217e-05
0.00017780299480882236
2.3614039607737745e-05
5.6263609562732247e-05
2.206505169686129e-05
3.1712053586650766e-05
2.0391243232401236e-05
4.5360720485952176e-05
3.438033336279255e-05
8.624012398056223e-05
1.983541010741044e-05
2.1966739998101606e-05
0.00024412661757737807
4.80692447884652e-05
2.2993045109887483e-05
3.057842296101679e-05
0.0
7.264309660596204e-05
2.1563169186494177e-05
2.393926847932945e-05
0.00010186067977530673
0.0
0.00011457719421229974
0.0003517565346448774
7.74520611163411e-05
4.233110573127087e-05
0.00024942514143512967
0.00012656302248145284
1.9965447629348487e-05
2.488217956746853e-05
7.970573957069417e-05
9.400291962155554e-05
2.1965775826765167e-05
3.262565655819272e-05
0.0027125844464003517
3.350817689033182e-05
2.1382405485246128e-05
2.344423350344749e-05
0.00012584698334302245
5.5928340526623186e-05
4.499942829913494e-05
0.0003342032310156634
3.3898724434851835e-05
4.750718545609878e-05
2.9760202841207233e-05
2.9248796075782248e-05
8.722907049003606e-05
4.1693461032965536e-05
3.900263143151856e-05
2.5303474717311655e-05
3.351317725603281e-05
2.908034565912095e-05
5.8386501883474856e-05
3.923245113767446e-05
2.4267933338018996e-05
2.0304606806069707e-05
0.00012113593973667479
5.151108877897076e-05
2.6366803349585383e-05
2.0488916504864793e-05
3.1898066042139495e-05
2.7060426713742027e-05
2.3566902260480797e-05
2.3479424776509136e-05
0.00017269119974831358
0.00010692582470252117
2.6648694602454276e-05
5.785739333520171e-05
2.6548506600276435e-05
2.52991003044309e-05
2.813903683528907e-05
3.0616642045430255e-05
0.00022796722320124062
0.00011147852154456775
0.0001475088854384688
2.6192993105665245e-05
3.188334398237478e-05
4.30863722211915e-05
2.9946049713269767e-05
2.476694316160224e-05
3.097496471859061e-05
4.182902945279092e-05
7.011456897093235e-05
2.7578586886585122e-05
3.2015921148209756e-05
4.245454565880173e-05
0.0001161560664182881
2.2347651325459222e-05
2.0013131013166525e-05
5.412745810490228e-05
1.9781428554875217e-05
0.00014695714253919642
2.390754144941168e-05
0.00015933065763627178
1.782089512562004e-05
2.751728111144148e-05
2.0798580624187188e-05
6.074925656274781e-05
0.0
3.776130296164746e-05
9.017805907656496e-05
2.836537063661647e-05
2.7138278687463257e-05
7.41493250929245e-05
1.9710596541718193e-05
3.810986808620987e-05
0.00012723270694637862
8.563592975483447e-05
4.681383541373439e-05
0.0
0.0002763400510205
2.3312907630711745e-05
1.910170622786028e-05
2.369766080912023e-05
9.959300407887933e-05
0.000493522482995563
3.254774464127184e-05
7.625399561564507e-05
0.0001336000142747956
4.4961613378931636e-05
2.0779519319777955e-05
0.0025024014162745327
2.017199158300559e-05
1.9688465687725824e-05
2.3067863756552846e-05
2.1070191897970323e-05
6.814080985485346e-05
7.891035360241834e-05
0.000269756316151268
9.049839420550595e-05
2.7667000963760374e-05
2.5294410663316966e-05
0.002709356695112227
2.043890127297024e-05
2.373493471988427e-05
1.6661285596994545e-05
3.667079206536481e-05
0.00011018397503219605
6.610961514630626e-05
2.3916592996570687e-05
8.203076169584127e-05
2.1957174633227086e-05
4.2469855694755466e-05
2.0180086960447927e-05
2.3291197290243246e-05
6.677823136225541e-05
3.552295114203918e-05
4.819121985430476e-05
3.1447589189694794e-05
1.9389932340476606e-05
2.248092660821959e-05
2.0086117839354506e-05
3.1158759108237995e-05
2.3796858323400714e-05
3.61573965357466e-05
2.8505069823056976e-05
2.374726622570378e-05
2.6443621470020686e-05
8.141687773463414e-05
3.0498460799975436e-05
4.635922318317431e-05
0.00010219651955209485
5.8219593172024106e-05
7.32958307491251e-05
0.00017891588662907718
2.6921791679629458e-05
3.3802347925956396e-05
3.0148291684797213e-05
2.430631386956714e-05
0.0001330586636776829
2.4704240311009887e-05
2.120076565841737e-05
2.9014347793140496e-05
5.0561981111771794e-05
3.723700811601211e-05
2.985518289232693e-05
3.143761031497746e-05
3.340725802624591e-05
0.00011798671594998801
8.832613618008006e-05
3.4259592341524157e-05
2.7527334884252235e-05
4.971982226712675e-05
0.0007040674397131384
3.0610502125698436e-05
3.872023175183574e-05
3.342777762839171e-05
2.0230969120070954e-05
3.244588226673589e-05
0.0001241810978582072
4.496916051158138e-05
2.304432005441208e-05
0.0
2.7189853642934955e-05
2.502609557457118e-05
2.7433798029751195e-05
2.5204730299252923e-05
8.298323562270668e-05
2.2833747393991368e-05
3.3147982682224316e-05
2.6204357413572132e-05
5.511593427002764e-05
2.7420687004759696e-05
5.492455954201671e-05
2.537186829143875e-05
2.003513355327978e-05
0.0
4.798101062436976e-05
2.9599553927370622e-05
3.123646398688363e-05
0.00031488007494536276
3.3323883680609006e-05
0.00010802389485171105
5.467200807706108e-05
2.0715779842636018e-05
2.645054077969663e-05
5.124467273396632e-05
7.430375052076103e-05
3.542626249402705e-05
2.496328106406468e-05
2.650293685900362e-05
2.7727713846182978e-05
3.761690173731195e-05
1.8644428033088502e-05
2.0264711748647898e-05
3.084605472237972e-05
2.948472188397282e-05
3.46299546511859e-05
2.657979316580998e-05
7.185883871771967e-05
2.0142013502657005e-05
3.036325576731616e-05
0.00014918455918376327
2.3752280354366274e-05
2.714960069378269e-05
5.964852073018368e-05
2.8164560254680078e-05
8.986829958647335e-05
3.4709824596640165e-05
2.3832759922220756e-05
0.0
8.460815269472901e-05
4.48586035355217e-05
2.0316378839441917e-05
1.9494864412907393e-05
2.9956544591383232e-05
2.189670893787613e-05
8.766141033663785e-05
2.2237406057801137e-05
2.1207391512553543e-05
6.109410309041988e-05
2.0777287552964734e-05
5.057857140474353e-05
2.3133789675129385e-05
0.0035998294207113023
3.044653227083521e-05
4.182891615595993e-05
2.266154731771507e-05
3.2027245678345055e-05
1.5384021423976885e-05
2.5814279272436496e-05
4.6361207724150766e-05
6.255153967382554e-05
6.494203242703883e-05
0.0
0.00013475738793075384
1.903855909517345e-05
2.7795631207294095e-05
2.880127670557834e-05
4.2661942164723324e-05
2.2600293059840772e-05
6.812816557293543e-05
0.00016758818923189153
2.57369413291991e-05
2.0225238982270842e-05
3.011535212308581e-05
2.8783607091507117e-05
4.214068428923525e-05
1.7551808755492808e-05
6.443449287379142e-05
8.451878975698409e-05
2.5659772773889353e-05
3.5394013759082144e-05
1.7943330965634067e-05
2.6259974832992402e-05
1.9175774808952825e-05
2.2130613379349143e-05
2.757836725594618e-05
5.221982531106743e-05
1.948479948687464e-05
2.4228976757215775e-05
8.604958780997785e-05
3.251941422049709e-05
3.4342324240598235e-05
0.0
3.0215261270480502e-05
0.00043419002729009297
6.786466852403996e-05
2.9680227269174072e-05
0.00010117932991528222
3.0452997304229955e-05
2.537288275459774e-05
0.0009135230348248631
2.42945616858063e-05
7.02171893512787e-05
2.0835889826035087e-05
6.337555029382717e-05
7.965330887190367e-05
0.00014770767295696602
9.853122764637195e-05
0.00010641914502580153
1.7311350641922918e-05
2.790752751207202e-05
2.1065047160124194e-05
2.190475940111934e-05
1.665225656441769e-05
9.58934090560786e-05
2.8034634347026177e-05
2.4215501587567933e-05
1.9505035284214637e-05
2.7938218346638664e-05
2.400994300570128e-05
3.3845979360660764e-05
2.5591918884592967e-05
0.00011902121009300129
3.169673900762376e-05
3.037527197686188e-05
2.0238567425248276e-05
2.6060482141816273e-05
7.23975479837703e-05
8.82602692141714e-05
4.0712621438971347e-05
2.9564087596731203e-05
3.776167431591776e-05
6.720336688912093e-05
8.000867100794944e-05
2.6135596262778626e-05
0.00017429876856287234
6.919517260406012e-05
2.367944755852845e-05
8.389028940811217e-05
2.7655021450704015e-05
3.7120475151124504e-05
2.5599224736333316e-05
2.148664783200245e-05
9.148574242762118e-05
4.9202814157576095e-05
1.8534097177616596e-05
1.9165270770395526e-05
2.406516515846484e-05
8.280071705301727e-05
2.3853856324810425e-05
3.382828640697917e-05
0.0
6.0513447393078356e-05
2.247693124048517e-05
8.22172474215232e-05
2.96354261111091e-05
7.898512757732623e-05
2.545823050867765e-05
2.579914489196853e-05
4.5946663883746334e-05
2.1532429301417257e-05
5.5409072056293296e-05
2.4997427625529128e-05
2.9483513100433583e-05
0.00012382865849566325
3.348217102833621e-05
2.2511832803470044e-05
0.00013173337273045743
5.8714602743144906e-05
3.220996436976358e-05
8.429534800723847e-05
2.5137786044502393e-05
1.831521525482493e-05
2.3463088543750225e-05
2.7655586222042184e-05
1.2307574909887054e-05
0.0
4.7882348175653104e-05
3.241615439942395e-05
2.2067331589912114e-05
5.0413412450068666e-05
3.341589491081208e-05
2.528811551613048e-05
2.4910181998372062e-05
2.6051999122171832e-05
7.941516060305116e-05
2.167674985988553e-05
7.89965403110078e-05
4.124639459367539e-05
4.6288813819375314e-05
2.7362190742351997e-05
2.1824200467409728e-05
3.689428051224508e-05
0.0002308578122317314
9.128018386378464e-05
1.837554138506311e-05
0.00014730012984821267
2.9069050487815286e-05
2.162098262491909e-05
2.672109170797935e-05
2.359524002967354e-05
2.273118274057356e-05
2.5924286367975094e-05
1.8673776249458113e-05
3.251958246730495e-05
0.00015194262824343066
0.00011178639707027835
5.288407995582844e-05
3.35447776569473e-05
3.170868133556118e-05
2.614304577875388e-05
2.9532005583379385e-05
2.615392677352944e-05
0.00018672054969052777
2.752181426477128e-05
4.3854819538908874e-05
2.6552993737726075e-05
2.7412943222623986e-05
2.505946357753008e-05
4.854081214433665e-05
4.56360605364929e-05
2.1855382790146426e-05
0.0
5.759519358794079e-05
5.9921651518300584e-05
3.7534937106367416e-05
2.791031361531019e-05
3.1257162064519644e-05
0.0001292011800870789
2.2112869284610058e-05
4.715484760207121e-05
2.5842188968463847e-05
0.00010152844162330513
3.2285792277962915e-05
2.1245395082956162e-05
5.042786792450087e-05
0.00032186494767255213
2.215235361036203e-05
6.395144970561634e-05
2.9367544179893877e-05
1.6060455118469948e-05
2.069054467305451e-05
8.722214553144807e-05
3.4128495093165096e-05
2.1390259561850854e-05
6.117992418351172e-05
2.2947564694907092e-05
5.3646793506475555e-05
2.4362589806529474e-05
2.4881459290423105e-05
4.737283610298089e-05
4.419244708138554e-05
7.151550665921497e-05
2.4367019786193645e-05
0.0
3.445161352236676e-05
4.080528618397936e-05
0.00020302555648340036
3.220625245896931e-05
3.3747202372800986e-05
0.00012263927297965967
6.595667358004771e-05
2.811458001528088e-05
0.00019430549097671418
0.00012847212055957111
9.485244033937256e-05
6.984933752522922e-05
0.00010291576562125488
3.395019289882398e-05
2.1377945444239403e-05
0.0001539428653284296
0.00010511107940377188
0.0002107103239705385
6.819773870204366e-05
0.00010212182821628736
2.7917160568923067e-05
2.34388669767039e-05
4.2511250182721606e-05
6.666995367561672e-05
2.535800029895374e-05
3.427115063304205e-05
2.861989572498701e-05
2.5422576620267527e-05
2.8225973033702743e-05
2.9424818959375153e-05
0.0002451660543058391
3.2214771594439695e-05
1.8676201140799056e-05
2.2249038730774037e-05
9.508526295639925e-05
2.6966486462868078e-05
2.499678716713338e-05
2.8870577574779283e-05
3.150716676227938e-05
0.0
5.652970877128172e-05
3.189405876698778e-05
4.2107912016059396e-05
2.5951323362940932e-05
