0.000000
0.000039
0.000000
0.000000
0.000024
0.000000
0.000000
0.000034
0.000000
0.000024
0.000027
0.000041
0.000043
0.000000
0.000029
0.000033
0.000000
0.000034
0.000028
0.000021
0.000000
0.000015
0.000024
0.000038
0.000031
0.000000
0.000000
0.000037
0.000028
0.000028
0.000000
0.000046
0.000000
0.000021
0.000024
0.000037
0.000030
0.000000
0.000023
0.000033
0.000032
0.000040
0.000027
0.000026
0.000011
0.000031
0.000053
0.000015
0.000043
0.000023
0.000043
0.000000
0.000033
0.000033
0.000046
0.000031
0.000037
0.000000
0.000026
0.000029
0.000038
0.000025
0.000022
0.000020
0.000027
0.000029
0.000028
0.000000
0.000040
0.000023
0.000000
0.000027
0.000028
0.000021
0.000045
0.000031
0.000041
0.000055
0.000000
0.000000
0.000027
0.000023
0.000024
0.000029
0.000034
0.000025
0.000030
0.000016
0.000000
0.000022
0.000024
0.000020
0.000050
0.000000
0.000000
0.000027
0.000000
0.000022
0.000013
0.000000
0.000023
0.000110
0.000030
0.000000
0.000031
0.000000
0.000031
0.000028
0.000036
0.000023
0.000025
0.000030
0.000000
0.000021
0.000024
0.000034
0.000000
0.000031
0.000000
0.000027
0.000037
0.000029
0.000030
0.000023
0.000000
0.000024
0.000038
0.000000
0.000000
0.000034
0.000000
0.000029
0.000032
0.000027
0.000046
0.000029
0.000000
0.000022
0.000000
0.000033
0.000000
0.000032
0.000028
0.000107
0.000028
0.000031
0.000026
0.000000
0.000022
0.000000
0.000019
0.000000
0.000000
0.000032
0.000019
0.000030
0.000022
0.000023
0.000038
0.000000
0.000047
0.000033
0.000041
0.000000
0.000021
0.000000
0.000042
0.000026
0.000000
0.000025
0.000036
0.000032
0.000031
0.000030
0.000026
0.000000
0.000017
0.000023
0.000000
0.000000
0.000037
0.000028
0.000029
0.000000
0.000024
0.000031
0.000000
0.000000
0.000020
0.000033
0.000022
0.000019
0.000036
0.000000
0.000030
0.000026
0.000000
0.000032
0.000023
0.000550
0.000000
0.000025
0.000027
0.000023
0.000000
0.000030
0.000030
0.000023
0.000028
0.000026
0.000017
0.000054
0.000000
0.000027
0.000021
0.000148
0.000000
0.000000
0.000031
0.000016
0.000022
0.000000
0.000036
0.000028
0.000000
0.000027
0.000017
0.000040
0.000036
0.000020
0.000000
0.000034
0.000027
0.000000
0.000032
0.000034
0.000035
0.000032
0.000032
0.000000
0.000018
0.000057
0.000027
0.000034
0.000033
0.000000
0.000035
0.000025
0.000021
0.000017
0.000035
0.000031
0.000000
0.000030
0.000042
0.000038
0.000045
0.000035
0.000036
0.000025
0.000000
0.000033
0.000025
0.000000
0.000025
0.000000
0.000017
0.000027
0.000031
0.001166
0.000042
0.000031
0.000033
0.000014
0.000026
0.000037
0.000028
0.000036
0.000040
0.000029
0.000042
0.000030
0.000022
0.000025
0.000020
0.000038
0.000012
0.000029
0.000033
0.000028
0.000027
0.000027
0.000041
0.000023
0.000030
0.000000
0.000033
0.000049
0.000033
0.000026
0.000000
0.000028
0.000029
0.000026
0.000021
0.000020
0.000038
0.000030
0.000031
0.000041
0.000000
0.000028
0.000024
0.000028
0.000027
0.000024
0.000036
0.000027
0.000013
0.000019
0.000054
0.000021
0.000022
0.000000
0.000016
0.000014
0.000000
0.000000
0.000046
0.000026
0.000000
0.000025
0.000023
0.000040
0.000035
0.000000
0.000025
0.000037
0.000030
0.000024
0.000020
0.000042
0.000000
0.000018
0.000042
0.000000
0.000030
0.000021
0.000029
0.000029
0.000023
0.000028
0.000032
0.000024
0.000025
0.000000
0.000033
0.000000
0.000020
0.000025
0.000000
0.002121
0.000021
0.000030
0.000035
0.000030
0.000018
0.000034
0.000000
0.000000
0.000000
0.000000
0.000037
0.000000
0.000030
0.000000
0.000038
0.000034
0.000018
0.000038
0.000091
0.000000
0.000028
0.000038
0.000022
0.000000
0.000034
0.000037
0.000031
0.000262
0.000000
0.000026
0.000000
0.000015
0.000000
0.000027
0.000028
0.000022
0.000036
0.000035
0.000038
0.000035
0.000031
0.000034
0.000035
0.000000
0.000024
0.000000
0.000428
0.000049
0.000034
0.000028
0.000025
0.000027
0.000014
0.000028
0.000031
0.000022
0.000000
0.000026
0.000034
0.000025
0.000000
0.000030
0.000000
0.000030
0.000017
0.000019
0.000013
0.000023
0.000025
0.000027
0.000026
0.000000
0.000042
0.000048
0.000017
0.000080
0.000035
0.000000
0.000000
0.000024
0.000026
0.000024
0.000000
0.000016
0.000026
0.000013
0.000023
0.000046
0.000027
0.000033
0.000028
0.000019
0.000030
0.000021
0.000038
0.000000
0.000039
0.000026
0.000032
0.000000
0.000023
0.000029
0.000019
0.000000
0.000030
0.000042
0.000041
0.000045
0.000000
0.000046
0.000020
0.000033
0.000024
0.000028
0.000039
0.000024
0.000040
0.000000
0.000000
0.000000
0.000031
0.000025
0.000012
0.000000
0.000023
0.000026
0.000032
0.000028
0.000043
0.000036
0.000000
0.000028
0.000027
0.000041
0.000027
0.000030
0.000000
0.000019
0.000027
0.000000
0.000040
0.000000
0.000032
0.000026
0.000128
0.000000
0.000000
0.000029
0.000000
0.000019
0.000022
0.000026
0.000000
0.000014
0.000028
0.000041
0.000042
0.000018
0.000042
0.000612
0.000024
0.000027
0.000030
0.000019
0.000039
0.000019
0.000000
0.000024
0.000046
0.000043
0.000030
0.000028
0.000024
0.000000
0.000000
0.000059
0.000019
0.000000
0.000043
0.000020
0.000020
0.000000
0.000031
0.000037
0.000034
0.000045
0.000039
0.000025
0.000038
0.000041
0.000024
0.000038
0.000027
0.000037
0.000000
0.000029
0.000024
0.000042
0.000044
0.000000
0.000024
0.000000
0.000021
0.000019
0.000027
0.000040
0.000034
0.000032
0.000034
0.000000
0.000026
0.000000
0.000027
0.000034
0.000026
0.000023
0.000035
0.000608
0.000026
0.000000
0.000031
0.000024
0.000035
0.000000
0.000025
0.000028
0.000053
0.000029
0.000033
0.000031
0.000017
0.000039
0.000019
0.000015
0.000035
0.000023
0.000031
0.000031
0.000029
0.000033
0.000000
0.000000
0.000024
0.000035
0.000037
0.000025
0.000044
0.000044
0.000030
0.000035
0.000027
0.000024
0.000035
0.000021
0.000024
0.000037
0.000025
0.000021
0.000029
0.000029
0.000028
0.000248
0.000020
0.000043
0.000038
0.000018
0.000024
0.000028
0.000027
0.000000
0.000000
0.000000
0.000044
0.000000
0.000026
0.000026
0.000026
0.000051
0.000035
0.000030
0.000036
0.000000
0.000000
0.000000
0.000026
0.000023
0.000025
0.000021
0.000033
0.000016
0.000013
0.000030
0.000050
0.000035
0.000028
0.000035
0.000000
0.000032
0.000028
0.000000
0.000033
0.000214
0.000022
0.000018
0.000040
0.000025
0.000029
0.000023
0.000032
0.000016
0.000031
0.000040
0.000027
0.000000
0.000000
0.000020
0.000026
0.000031
0.000016
0.000022
0.000023
0.000033
0.000021
0.000024
0.000023
0.000035
0.000026
0.000025
0.000081
0.000030
0.000550
0.000020
0.000423
0.000023
0.007458
0.000000
0.000716
0.000000
0.000029
0.000031
0.000035
0.000028
0.000033
0.000019
0.000030
0.000025
0.000029
0.000023
0.000039
0.000020
0.000016
0.000000
0.000023
0.000000
0.000037
0.000027
0.000048
0.000027
0.000019
0.000023
0.000154
0.000027
0.000095
0.000030
0.000023
0.000031
0.000057
0.000000
0.000045
0.000039
0.000037
0.000000
0.000014
0.000027
0.000023
0.000217
0.000032
0.000000
0.000017
0.000043
0.000000
0.000033
0.000000
0.000016
0.000000
0.000026
0.000028
0.000031
0.000028
0.000034
0.000000
0.000031
0.000028
0.000033
0.000000
0.000000
0.000037
0.000038
0.000024
0.000000
0.000033
0.000033
0.000019
0.000026
0.000026
0.000000
0.000033
0.000027
0.000027
0.000043
0.000041
0.000029
0.000038
0.000018
0.000033
0.000030
0.000015
0.000031
0.000000
0.000000
0.000024
0.000024
0.000024
0.000026
0.000038
0.000020
0.000024
0.000000
0.000043
0.000026
0.000045
0.000032
0.000036
0.000000
0.000033
0.000023
0.000043
0.000000
0.000016
0.000043
0.000000
0.000039
0.000029
0.000028
0.000000
0.000029
0.000000
0.000026
0.000027
0.000039
0.000036
0.000027
0.000013
0.000023
0.000031
0.000016
0.000034
0.000026
0.000019
0.000019
0.000028
0.000024
0.000135
0.000033
0.000016
0.000000
0.000034
0.000021
0.000034
0.000027
0.000035
0.000000
0.000018
0.000026
0.000028
0.000031
0.000000
0.000032
0.000000
0.000000
0.000028
0.000000
0.000026
0.000025
0.000025
0.000032
0.000028
0.000000
0.000035
0.000034
0.000023
0.000026
0.000022
0.000025
0.000035
0.000019
0.000024
0.000028
0.000039
0.000000
0.000043
0.000025
0.000017
0.000035
0.000033
0.000027
0.000023
0.000000
0.000020
0.000018
0.000019
0.000021
0.000020
0.000000
0.000032
0.000000
0.000025
0.000033
0.000015
0.000021
0.000040
0.000027
0.000039
0.000000
0.000000
0.000034
0.000025
0.000026
0.000022
0.000000
0.000000
0.001019
0.000026
0.000000
0.000044
0.000024
0.000153
0.000042
0.000021
0.000000
0.000000
0.000023
0.000032
0.000000
0.000043
0.000000
0.000021
0.000044
0.000021
0.000044
0.000047
0.000028
0.000000
0.000030
0.000000
0.000017
0.000019
0.000033
0.000000
0.000033
0.000047
0.000018
0.000024
0.000033
0.000030
0.000027
0.000050
0.000023
0.000035
0.000029
0.000000
0.000041
0.000217
0.000030
0.000027
0.000042
0.000017
0.000000
0.000024
0.000035
0.000028
0.000000
0.000023
0.000029
0.000000
0.000063
0.000000
0.000000
0.000043
0.000024
0.000032
0.000017
0.000030
0.000036
0.000000
0.000000
0.000034
0.000034
0.000025
0.000030
0.000000
0.000000
0.000025
0.000025
0.000032
0.000027
0.000032
0.000000
0.000025
0.000000
0.000038
0.000029
0.000000
0.000000
0.000000
0.000022
0.000063
0.000024
0.000035
0.000022
0.000018
0.000031
0.000021
0.000035
0.000048
0.000000
0.000000
0.000037
0.000032
0.000040
0.000000
0.000036
0.000022
0.000026
0.000031
0.000031
0.000000
0.000023
0.000045
0.000025
0.000021
0.000019
0.000010
0.000016
0.000028
0.000000
0.000026
0.000038
0.000021
0.000025
0.000024
0.000025
0.000055
0.000024
0.000027
0.000027
0.000023
0.000000
0.000033
0.000033
0.000026
0.000037
0.000027
0.000022
0.000000
0.000042
0.000158
0.000041
0.000026
0.000000
0.000038
0.000021
0.000000
0.000000
0.000000
0.000029
0.000036
0.000029
0.000000
0.000021
0.000048
0.000024
0.000020
0.000020
0.000000
0.000038
0.000035
0.000100
0.000000
0.000024
0.000042
0.000036
0.000022
0.000031
0.000023
0.000000
0.000025
0.000026
0.000000
0.000035
0.000000
0.000036
0.000028
0.000022
0.000040
0.000000
0.000031
0.000000
0.000087
0.000025
0.000000
0.000037
0.000020
0.000024
0.000021
0.000000
0.000018
0.000015
0.000000
0.000045
0.000024
0.000031
0.000021
0.000026
0.000028
0.000042
0.000022
0.000000
0.000000
0.000029
0.000027
0.000024
0.000023
0.000026
0.000034
0.000027
0.000142
0.000021
0.000032
0.000000
0.000018
0.000057
0.000028
0.000034
0.000017
0.000000
0.000020
0.000031
0.000032
0.000000
0.000036
0.000021
0.000031
0.000000
0.000029
0.000023
0.000017
0.000024
0.000040
0.000026
0.000035
0.000020
0.000044
0.000021
0.000038
0.000028
0.000036
0.000000
0.000000
0.000029
0.000033
0.000023
0.000027
0.000017
0.000025
0.000034
0.000151
0.000000
0.000036
0.000000
0.000035
0.000000
0.000040
0.000031
0.000035
0.000036
0.000030
0.000021
0.000023
0.000034
0.000017
0.000020
0.000028
0.000023
0.000000
0.000000
0.000013
0.000009
0.000019
0.000040
0.000024
0.000054
0.000000
0.000026
0.000041
0.000000
0.000024
0.000012
0.000000
0.000020
0.000043
0.000023
0.000030
0.000034
0.000045
0.000034
0.011153
0.000000
0.000000
0.000000
0.000043
0.000000
0.000000
0.000000
0.000024
0.000019
0.000025
0.000027
0.000030
0.000037
0.000000
0.000000
0.000028
0.000018
0.000014
0.000029
0.000023
0.000038
0.000017
0.000040
0.000022
0.000024
0.000000
0.000022
0.000029
0.000000
0.000000
0.000030
0.000027
0.000028
0.000036
0.000053
0.000000
0.000038
0.000037
0.000000
0.000043
0.000000
0.000030
0.000021
0.000022
0.000023
0.000026
0.000034
0.000040
0.000030
0.000000
0.000032
0.000000
0.000036
0.000039
0.000041
0.000036
0.000028
0.000044
0.000012
0.000016
0.000031
0.000047
0.000000
0.000021
0.000025
0.000031
0.000048
0.000037
0.000028
0.000198
0.000000
0.000000
0.000028
0.000021
0.000048
0.000028
0.000029
0.000048
0.000023
0.000341
0.000000
0.000015
0.000024
0.000027
0.000034
0.000025
0.000011
0.000028
0.000000
0.000000
0.000033
0.000050
0.000027
0.000021
0.000404
0.000027
0.000000
0.000048
0.000025
0.000021
0.001115
0.000000
0.000000
0.000029
0.000024
0.000025
0.000024
0.000024
0.000037
0.000045
0.000043
0.000036
0.000020
0.000030
0.000000
0.000016
0.000031
0.000035
0.000020
0.000033
0.000030
0.000000
0.000034
0.000035
0.000000
0.000026
0.000027
0.000026
0.000000
0.000027
0.000025
0.000024
0.000023
0.000033
0.000016
0.000000
0.000000
0.000000
0.000032
0.000024
0.000034
0.000028
0.000028
0.000354
0.000040
0.000049
0.000036
0.000016
0.000034
0.000037
0.000000
0.000024
0.000025
0.000037
0.000037
0.000047
0.000000
0.000035
0.000032
0.000022
0.000392
0.000000
0.000031
0.000000
0.000025
0.000000
0.000033
0.000026
0.000020
0.000022
0.000033
0.000059
0.000018
0.000028
0.000028
0.000042
0.000026
0.000026
0.000000
0.000040
0.000033
0.000028
0.000036
0.000019
0.000019
0.000031
0.000036
0.000027
0.000034
0.000038
0.000026
0.000033
0.000000
0.000029
0.000000
0.000027
0.000029
0.000055
0.000034
0.000034
0.000029
0.000035
0.000031
0.000038
0.000026
0.000000
0.000027
0.000000
0.000000
0.000000
0.000024
0.000041
0.000041
0.000028
0.000000
0.000000
0.000000
0.000040
0.000000
0.000025
0.000060
0.000022
0.000000
0.000035
0.000032
0.000026
0.000058
0.000014
0.000032
0.000035
0.000019
0.000029
0.000000
0.000028
0.000000
0.000000
0.000021
0.000000
0.000025
0.000000
0.000052
0.000029
0.000478
0.000029
0.000042
0.000037
0.000019
0.000023
0.000026
0.000000
0.000040
0.000000
0.000000
0.000225
0.000000
0.000013
0.000021
0.000018
0.000018
0.000026
0.000000
0.000022
0.000028
0.000020
0.000026
0.000000
0.000037
0.000000
0.000032
0.000027
0.000034
0.000027
0.000031
0.000000
0.000026
0.000020
0.000024
0.000033
0.000134
0.000028
0.000033
0.000026
0.000023
0.000031
0.000000
0.000004
0.000027
0.000037
0.000000
0.000033
0.000000
0.000037
0.000039
0.000041
0.000034
0.000039
0.000038
0.000047
0.000047
0.000000
0.000000
0.000031
0.000043
0.000019
0.000039
0.000049
0.000000
0.000066
0.000035
0.000030
0.000037
0.000000
0.000030
0.000018
0.000031
0.000034
0.000023
0.000031
0.000040
0.000028
0.000000
0.000028
0.000024
0.000000
0.000026
0.000000
0.000032
0.000000
0.000000
0.000030
0.000027
0.000023
0.000000
0.000021
0.000034
0.000021
0.000033
0.000000
0.000025
0.000021
0.000033
0.000036
0.000321
0.000000
0.000031
0.000029
0.000000
0.000036
0.000039
0.000026
0.000038
0.000000
0.000000
0.000032
0.000000
0.000034
0.000017
0.000035
0.000025
0.000408
0.000031
0.000030
0.000035
0.000030
0.000023
0.000024
0.000037
0.000019
0.000023
0.000034
0.000060
0.000032
0.000000
0.000027
0.000155
0.000025
0.000000
0.000027
0.000000
0.000032
0.000000
0.000020
0.000039
0.000000
0.000036
0.000000
0.000029
0.000019
0.000022
0.000033
0.000039
0.000040
0.000025
0.000032
0.000000
0.000042
0.000026
0.000019
0.000022
0.000046
0.000035
0.000033
0.000015
0.000034
0.000029
0.000023
0.000032
0.000000
0.000031
0.000049
0.000043
0.000052
0.000000
0.000000
0.000031
0.000015
0.000533
0.000000
0.000060
0.000029
0.000025
0.000049
0.000030
0.000030
0.000000
0.000000
0.000028
0.000027
0.000000
0.000000
0.000238
0.000029
0.000031
0.000033
0.000000
0.000029
0.000030
0.000021
0.000000
0.000029
0.000027
0.000047
0.000000
0.000000
0.000038
0.000000
0.000033
0.000032
0.000027
0.000000
0.000012
0.000000
0.000031
0.000026
0.000030
0.000000
0.000032
0.000038
0.000035
0.000030
0.000029
0.000389
0.000029
0.000032
0.000037
0.000036
0.000045
0.000000
0.000000
0.000040
0.000034
0.000015
0.000026
0.000024
0.000018
0.000037
0.000044
0.000022
0.000022
0.000043
0.000036
0.000025
0.000045
0.000020
0.000017
0.000027
0.000026
0.000021
0.000025
0.000000
0.000038
0.000033
0.000043
0.000034
0.000026
0.000028
0.000000
0.000044
0.000039
0.000032
0.000030
0.000023
0.000035
0.000000
0.000027
0.000029
0.000022
0.000031
0.000000
0.000018
0.000039
0.000034
0.000023
0.000000
0.000031
0.000027
0.000025
0.000039
0.000000
0.000036
0.000043
0.000037
0.000000
0.000000
0.000023
0.000000
0.000029
0.000000
0.000038
0.000017
0.000043
0.000000
0.000030
0.000018
0.000031
0.000000
0.000000
0.000030
0.000014
0.000041
0.000023
0.000041
0.000024
0.000021
0.000027
0.000024
0.000000
0.000033
0.000000
0.000594
0.000000
0.000000
0.000000
0.000020
0.000030
0.000000
0.000037
0.000030
0.000020
0.000032
0.000019
0.000039
0.000028
0.000000
0.000000
0.000025
0.000022
0.000028
0.000031
0.000038
0.000035
0.000000
0.000025
0.000000
0.000023
0.000045
0.000031
0.000024
0.000019
0.000024
0.000030
0.000027
0.000000
0.000000
0.000033
0.000025
0.000028
0.000022
0.000037
0.000036
0.000023
0.000026
0.000000
0.000029
0.000037
0.000032
0.000059
0.000024
0.000030
0.000028
0.000030
0.000034
0.000032
0.000015
0.000039
0.000048
0.000038
0.000023
0.000000
0.000000
0.000000
0.000034
0.000000
0.000000
0.000000
0.000035
0.000027
0.000028
0.000030
0.000030
0.000035
0.000049
0.000095
0.000028
0.000028
0.000026
0.000034
0.000020
0.000022
0.000029
0.000046
0.000021
0.000026
0.000027
0.000032
0.000032
0.000021
0.000029
0.000027
0.000030
0.000033
0.000000
0.000000
0.000041
0.000000
0.000029
0.000000
0.000025
0.008249
0.000030
0.000026
0.000000
0.000034
0.000028
0.000018
0.000026
0.000000
0.000026
0.000000
0.001852
0.000000
0.000041
0.000032
0.000031
0.000030
0.000264
0.000406
0.000040
0.000015
0.000026
0.000019
0.000021
0.000026
0.000027
0.000000
0.000000
0.000043
0.000020
0.000056
0.000035
0.000000
0.000033
0.000030
0.000018
0.000045
0.000000
0.000021
0.000033
0.000026
0.000020
0.000027
0.000000
0.000022
0.000032
0.000035
0.000229
0.000032
0.000026
0.000292
0.000024
0.000023
0.000100
0.000048
0.000025
0.000034
0.000024
0.000020
0.000000
0.000019
0.000027
0.000022
0.000026
0.000026
0.000028
0.000036
0.000000
0.000027
0.000024
0.000037
0.000022
0.000048
0.000017
0.000036
0.000044
0.000025
0.000000
0.000028
0.000024
0.000018
0.000000
0.000019
0.000025
0.000019
0.000035
0.000027
0.000028
0.000000
0.000226
0.000380
0.000043
0.000035
0.000291
0.000027
0.000029
0.000020
0.000020
0.000000
0.000114
0.000041
0.000038
0.000025
0.000000
0.000031
0.000037
0.000027
0.000024
0.000019
0.000000
0.000000
0.000024
0.000000
0.000044
0.000031
0.000038
0.001385
0.000000
0.000035
0.000034
0.000021
0.000016
0.000019
0.000043
0.000020
0.000043
0.000041
0.000000
0.000015
0.000025
0.000020
0.000130
0.000023
0.000017
0.000000
0.009181
0.000018
0.000000
0.000053
0.000023
0.000000
0.000043
0.000000
0.000000
0.000022
0.000000
0.000000
0.000047
0.000024
0.000000
0.000000
0.000024
0.000024
0.000038
0.000032
0.000000
0.000040
0.000028
0.000037
0.000030
0.000000
0.000000
0.000031
0.000022
0.001104
0.000036
0.000020
0.000018
0.000000
0.000039
0.000000
0.000027
0.000036
0.000028
0.000033
0.000019
0.000026
0.000024
0.000000
0.000026
0.000021
0.000031
0.000025
0.000032
0.000035
0.000000
0.000000
0.000035
0.000038
0.000000
0.000021
0.000017
0.000032
0.000000
0.000034
0.000000
0.000025
0.000034
0.000000
0.000000
0.000017
0.000030
0.000051
0.003239
0.000000
0.000000
0.000033
0.000000
0.000036
0.000000
0.000036
0.000036
0.000000
0.000030
0.000029
0.000000
0.000025
0.000000
0.000043
0.000073
0.000031
0.000033
0.000018
0.000027
0.000047
0.000018
0.000041
0.000034
0.000014
0.000000
0.000027
0.000017
0.000033
0.000000
0.000000
0.000024
0.000021
0.000039
0.000042
0.000037
0.000035
0.000035
0.000000
0.000000
0.000023
0.000000
0.000020
0.000030
0.000027
0.000026
0.000022
0.000035
0.000031
0.000000
0.000022
0.000000
0.000176
0.000034
0.000021
0.000025
0.000054
0.000000
0.000000
0.000024
0.000024
0.000040
0.000022
0.000031
0.000000
0.000035
0.000026
0.000031
0.000025
0.000037
0.000025
0.000029
0.000026
0.000032
0.000023
0.000019
0.000040
0.000000
0.000016
0.000036
0.000000
0.000000
0.000000
0.000025
0.000021
0.000000
0.000034
0.000032
0.000033
0.000020
0.000033
0.000063
0.000030
0.000027
0.000019
0.000024
0.000042
0.000036
0.000032
0.000030
0.000020
0.000023
0.000023
0.000020
0.000000
0.000033
0.000000
0.000000
0.000000
0.000029
0.000018
0.000018
0.000041
0.000041
0.000000
0.000000
0.000000
0.000021
0.000022
0.000037
0.000044
0.000025
0.000000
0.000000
0.000052
0.000031
0.000022
0.000025
0.000000
0.000000
0.000042
0.000036
0.000031
0.000035
0.000038
0.000000
0.000000
0.000022
0.000027
0.000021
0.000029
0.000033
0.000025
0.000023
0.000024
0.000000
0.000037
0.000000
0.000034
0.000000
0.000051
0.000039
0.000028
0.000036
0.000042
0.000026
0.000037
0.000020
0.000000
0.000000
0.000028
0.000034
0.000058
0.000029
0.000027
0.000018
0.000038
0.000046
0.000019
0.000000
0.000000
0.000030
0.000031
0.000028
0.000044
0.000024
0.000059
0.000000
0.000000
0.000031
0.000022
0.000028
0.000039
0.000025
0.000039
0.000027
0.000000
0.000018
0.000026
0.000025
0.000000
0.000022
0.000025
0.000000
0.000023
0.000022
0.000035
0.000022
0.000027
0.000024
0.000000
0.000025
0.000039
0.000043
0.000030
0.000026
0.000031
0.000020
0.000029
0.000029
0.000000
0.000028
0.000000
0.000017
0.000037
0.000014
0.000032
0.000035
0.000019
0.000053
0.000000
0.000033
0.000039
0.000028
0.000032
0.000045
0.000043
0.000027
0.000019
0.000201
0.000045
0.000022
0.000025
0.000035
0.000024
0.000025
0.000033
0.000040
0.000025
0.000026
0.000000
0.000028
0.000030
0.000026
0.000019
0.000020
0.000027
0.000019
0.000034
0.000000
0.000026
0.000027
0.000026
0.000000
0.000000
0.000030
0.000027
0.000000
0.000040
0.000020
0.000027
0.000019
0.000043
0.000025
0.000033
0.000023
0.000025
0.000027
0.000021
0.000000
0.000024
0.000000
0.000034
0.000030
0.000000
0.000000
0.000000
0.000000
0.000043
0.000039
0.000000
0.000015
0.000024
0.000000
0.000017
0.000031
0.000000
0.000030
0.000039
0.000030
0.000023
0.000023
0.000020
0.000034
0.000022
0.000090
0.000302
0.000025
0.000028
0.000022
0.000042
0.000026
0.000031
0.000020
0.000000
0.000881
0.000020
0.000015
0.000033
0.000024
0.000033
0.000024
0.000025
0.000000
0.000036
0.000023
0.000030
0.000000
0.000030
0.000041
0.000000
0.000025
0.000028
0.000020
0.000036
0.000048
0.000022
0.000021
0.000022
0.000035
0.000034
0.000022
0.000000
0.000037
0.000000
0.000022
0.000036
0.000026
0.000000
0.000024
0.000000
0.000030
0.000032
0.000037
0.000020
0.000025
0.000000
0.000031
0.000000
0.000000
0.000033
0.000028
0.000024
0.000000
0.000021
0.000039
0.000020
0.000039
0.000024
0.000022
0.000030
0.000016
0.000016
0.000039
0.000000
0.000030
0.000000
0.000028
0.000019
0.000000
0.000021
0.000022
0.000000
0.000055
0.000032
0.000000
0.000016
0.000025
0.000000
0.000013
0.000000
0.000020
0.000000
0.000000
0.000068
0.000000
0.000000
0.000036
0.000000
0.000000
0.000000
0.000022
0.000000
0.000031
0.000023
0.000000
0.000022
0.000030
0.000020
0.000027
0.000030
0.000030
0.000035
0.000027
0.000000
0.000038
0.000040
0.000041
0.000032
0.000034
0.000033
0.000000
0.000000
0.000000
0.000000
0.000033
0.000000
0.000022
0.000019
0.000032
0.000023
0.000019
0.000000
0.000000
0.000027
0.000000
0.000021
0.000014
0.000000
0.000000
0.000031
0.000000
0.000024
0.000022
0.000026
0.000000
0.000050
0.000033
0.001887
0.000039
0.000000
0.000020
0.000000
0.000000
0.000000
0.000032
0.000000
0.000029
0.000038
0.000033
0.000038
0.000022
0.000000
0.000043
0.000032
0.000027
0.000000
0.000030
0.000036
0.000038
0.000032
0.000024
0.000029
0.000023
0.000041
0.000024
0.000021
0.000025
0.000040
0.000000
0.000035
0.000000
0.000016
0.001287
0.000025
0.000030
0.000025
0.000050
0.000028
0.000016
0.000034
0.000000
0.000031
0.000024
0.000028
0.000026
0.000030
0.000024
0.000038
0.000026
0.000025
0.000038
0.000027
0.000029
0.000000
0.000023
0.000039
0.000087
0.000000
0.000000
0.000042
0.000015
0.000033
0.000019
0.000022
0.000031
0.000093
0.000045
0.000000
0.000031
0.000026
0.000039
0.000027
0.000033
0.000023
0.000022
0.000037
0.000020
0.000030
0.000033
0.000034
0.000032
0.000037
0.000016
0.000000
0.000037
0.000027
0.000020
0.000031
0.001592
0.000026
0.000022
0.000022
0.000029
0.000026
0.000000
0.000000
0.000016
0.000049
0.000035
0.000038
0.000018
0.000022
0.000053
0.000039
0.000030
0.000485
0.000035
0.000033
0.000026
0.000039
0.000031
0.000000
0.000025
0.000051
0.000017
0.000038
0.000000
0.000000
0.000026
0.000053
0.000000
0.000000
0.000000
0.000022
0.000018
0.000036
0.000042
0.000028
0.000028
0.000000
0.000000
0.000039
0.000029
0.000000
0.002983
0.000023
0.000000
0.000036
0.000035
0.000022
0.000028
0.000041
0.000029
0.000013
0.000000
0.000030
0.000031
0.000000
0.000000
0.000034
0.000027
0.000025
0.000027
0.000000
0.000031
0.000056
0.000034
0.000033
0.000023
0.000029
0.000031
0.000000
0.000000
0.000031
0.000018
0.000013
0.000025
0.000051
0.000029
0.000021
0.000041
0.000025
0.000028
0.000014
0.000032
0.000029
0.000000
0.000047
0.000017
0.000000
0.000023
0.000034
0.000046
0.000041
0.000000
0.000000
0.000024
0.000022
0.000045
0.000029
0.000018
0.000027
0.000000
0.000036
0.000023
0.000016
0.000057
0.000037
0.000020
0.000000
0.000020
0.000000
0.000041
0.000023
0.000000
0.000000
0.000027
0.000032
0.000028
0.000035
0.000023
0.000000
0.000000
0.000020
0.000041
0.000031
0.000035
0.000024
0.000000
0.000018
0.000021
0.000033
0.000000
0.000031
0.000022
0.000036
0.000033
0.000030
0.000020
0.000024
0.000020
0.000015
0.000025
0.000000
0.000016
0.000020
0.000029
0.000024
0.000023
0.000036
0.000032
0.000000
0.000042
0.000038
0.000049
0.000047
0.000044
0.000406
0.000021
0.000034
0.000000
0.000000
0.000039
0.000000
0.000049
0.000000
0.000029
0.000033
0.000029
0.000032
0.000030
0.000039
0.000000
0.000021
0.000037
0.000018
0.000000
0.000025
0.000032
0.000042
0.000000
0.001222
0.000027
0.000014
0.000049
0.000027
0.000022
0.000022
0.000024
0.000000
0.000033
0.000033
0.000000
0.000049
0.000023
0.000245
0.000034
0.000026
0.000022
0.000033
0.000023
0.000026
0.000016
0.000034
0.000037
0.000032
0.000031
0.000042
0.000024
0.000025
0.000000
0.000025
0.000039
0.000000
0.000033
0.000028
0.000344
0.000000
0.000029
0.000027
0.000042
0.000000
0.000012
0.000043
0.000047
0.000019
0.000021
0.000030
0.000000
0.000015
0.000020
0.000026
0.000025
0.000027
0.000017
0.000041
0.000020
0.000031
0.000022
0.000031
0.000027
0.000000
0.000017
0.000017
0.000021
0.000873
0.000036
0.000000
0.000037
0.000000
0.000037
0.000020
0.000036
0.000000
0.000000
0.000000
0.000030
0.000046
0.000021
0.000000
0.000000
0.000036
0.000026
0.000033
0.000044
0.000034
0.000023
0.000033
0.000000
0.000027
0.000038
0.000020
0.000000
0.000000
0.000034
0.000025
0.000026
0.000029
0.000027
0.000020
0.000000
0.000029
0.000042
0.000030
0.000031
0.000157
0.000042
0.000000
0.000024
0.000049
0.000017
0.000023
0.000033
0.000026
0.000024
0.000000
0.000029
0.000000
0.000027
0.000000
0.000000
0.000000
0.000032
0.000024
0.000027
0.000000
0.000035
0.000015
0.000020
0.000025
0.000023
0.000018
0.000018
0.000023
0.000033
0.000021
0.000027
0.000041
0.000000
0.000000
0.000020
0.000000
0.000018
0.000036
0.000031
0.000017
0.000033
0.000037
0.000000
0.000000
0.000000
0.000031
0.000023
0.000067
0.000030
0.000035
0.000000
0.000000
0.000040
0.000027
0.000035
0.000057
0.000026
0.000019
0.000036
0.000000
0.000057
0.000000
0.000000
0.000025
0.000000
0.000021
0.000000
0.000023
0.000042
0.000000
0.000044
0.000035
0.000042
0.000033
0.000026
0.000000
0.000000
0.000037
0.000021
0.000015
0.000036
0.000030
0.000000
0.000044
0.000027
0.000039
0.000032
0.000021
0.000000
0.000027
0.000017
0.000028
0.000036
0.000020
0.000000
0.000028
0.000000
0.000000
0.000031
0.000000
0.000018
0.000038
0.000000
0.000021
0.000024
0.000000
0.000000
0.000030
0.000000
0.000021
0.000039
0.000000
0.000019
0.000045
0.000040
0.000030
0.000000
0.000019
0.000032
0.000035
0.000018
0.000027
0.000015
0.000038
0.000021
0.000024
0.000024
0.000000
0.000491
0.000000
0.000031
0.000000
0.000033
0.000027
0.000047
0.000024
0.000025
0.000031
0.000032
0.000033
0.000018
0.000045
0.000039
0.000019
0.000000
0.000029
0.000000
0.000027
0.000021
0.000050
0.000016
0.000025
0.000000
0.000029
0.000024
0.000028
0.000000
0.000026
0.000029
0.000026
0.000000
0.000000
0.000024
0.000029
0.000040
0.000000
0.000042
0.000021
0.000023
0.000000
0.000000
0.000038
0.000041
0.000000
0.000032
0.000000
0.000044
0.000032
0.000025
0.000015
0.000029
0.000050
0.000045
0.000019
0.000000
0.000037
0.000028
0.000000
0.000044
0.000022
0.000037
0.000000
0.000000
0.000000
0.000042
0.000022
0.000022
0.001626
0.000021
0.000037
0.000000
0.000044
0.000028
0.000044
0.000026
0.000027
0.000033
0.000018
0.000020
0.000032
0.000018
0.000022
0.000026
0.000032
0.000027
0.000000
0.000022
0.000000
0.000042
0.000028
0.000027
0.000000
0.000030
0.000030
0.000035
0.000066
0.000000
0.000036
0.000025
0.000028
0.000033
0.000000
0.000032
0.000000
0.000027
0.000027
0.000020
0.000040
0.000000
0.000038
0.000000
0.000041
0.000027
0.000037
0.000040
0.000026
0.000034
0.000030
0.000028
0.000021
0.000023
0.000033
0.000027
0.000000
0.000034
0.000026
0.000024
0.000000
0.000000
0.000042
0.000030
0.000022
0.000056
0.000046
0.000000
0.016978
0.000026
0.000029
0.000034
0.000655
0.000025
0.000000
0.000027
0.000029
0.000120
0.000020
0.000000
0.000025
0.000023
0.000045
0.000063
0.000027
0.000028
0.000024
0.000000
0.000043
0.000000
0.000015
0.000026
0.000023
0.000000
0.000023
0.000020
0.000000
0.000047
0.000000
0.000025
0.000000
0.000017
0.000034
0.000000
0.000033
0.000022
0.000148
0.000035
0.000036
0.000034
0.000018
0.000020
0.000037
0.000021
0.000034
0.000013
0.000000
0.000047
0.000024
0.000028
0.000024
0.000035
0.000028
0.000058
0.000030
0.000000
0.000027
0.000032
0.000031
0.000022
0.000000
0.000000
0.000038
0.000027
0.000031
0.000039
0.000028
0.000040
0.000000
0.000000
0.000048
0.000000
0.000014
0.000028
0.000000
0.000000
0.000024
0.000020
0.000030
0.000041
0.000000
0.000022
0.000000
0.000025
0.000031
0.000036
0.000026
0.000040
0.000025
0.000029
0.000032
0.000000
0.000000
0.000000
0.000059
0.000045
0.000000
0.000000
0.000029
0.000030
0.000026
0.000000
0.000097
0.000000
0.000000
0.000033
0.000032
0.000028
0.000013
0.000020
0.000023
0.000031
0.000031
0.000020
0.000027
0.000025
0.000000
0.000029
0.000037
0.000033
0.000028
0.000000
0.000000
0.000025
0.000000
0.000000
0.000015
0.000028
0.000034
0.000000
0.000000
0.000026
0.000030
0.000027
0.000000
0.000030
0.000000
0.000000
0.000000
0.000019
0.000635
0.000457
0.000035
0.000018
0.000032
0.000022
0.000035
0.000025
0.000049
0.000031
0.000031
0.000030
0.000027
0.000037
0.000000
0.000000
0.000033
0.000028
0.000029
0.000023
0.000030
0.000032
0.000028
0.000000
0.000041
0.000030
0.000025
0.000021
0.000030
0.000000
0.000038
0.000042
0.000000
0.000035
0.000052
0.000062
0.000031
0.000014
0.000017
0.000000
0.000026
0.000029
0.000000
0.000025
0.000023
0.000030
0.000018
0.000020
0.000031
0.000021
0.000032
0.000031
0.000045
0.000039
0.000035
0.000030
0.000023
0.000016
0.000036
0.000040
0.000028
0.000018
0.000000
0.000038
0.000024
0.000018
0.000000
0.000499
0.000047
0.000023
0.000000
0.000038
0.000034
0.000040
0.000016
0.000032
0.000025
0.000032
0.000000
0.000035
0.000032
0.000058
0.000031
0.000000
0.000034
0.000026
0.000015
0.000040
0.000000
0.000019
0.000045
0.000069
0.000032
0.000000
0.000050
0.000016
0.000026
0.000027
0.000025
0.000021
0.000018
0.000036
0.000015
0.000041
0.000031
0.000041
0.000000
0.000035
0.000046
0.000000
0.000026
0.000029
0.000028
0.000021
0.000015
0.000029
0.000000
0.000000
0.000045
0.000023
0.000035
0.000031
0.000036
0.000020
0.000000
0.000033
0.000030
0.000036
0.000021
0.000037
0.000027
0.000987
0.000000
0.000034
0.000021
0.000036
0.000000
0.000000
0.000025
0.000038
0.000026
0.000024
0.000037
0.000023
0.000034
0.000037
0.000022
0.000000
0.000025
0.000014
0.000024
0.000027
0.000048
0.000020
0.000000
0.000000
0.000027
0.000022
0.000034
0.000000
0.000030
0.000025
0.000045
0.000025
0.000035
0.000031
0.000000
0.000032
0.000019
0.000000
0.000059
0.000000
0.000029
0.000019
0.000000
0.000000
0.000026
0.000021
0.000000
0.000000
0.011423
0.000000
0.000037
0.000000
0.000493
0.000000
0.000031
0.000030
0.000000
0.000035
0.000027
0.000029
0.000000
0.000102
0.000022
0.000000
0.000025
0.000025
0.000000
0.000000
0.000045
0.000017
0.000021
0.000000
0.000000
0.000038
0.000021
0.000027
0.000000
0.000000
0.000000
0.000054
0.000049
0.000035
0.000023
0.000033
0.000027
0.000032
0.000000
0.000030
0.000017
0.000022
0.000046
0.000023
0.000026
0.000000
0.000029
0.000025
0.000000
0.000029
0.000017
0.000000
0.000000
0.000024
0.000029
0.000036
0.000022
0.000033
0.000033
0.000031
0.000028
0.000000
0.000044
0.000034
0.000025
0.000025
0.000037
0.000146
0.000037
0.000035
0.000030
0.007907
0.000034
0.000025
0.000041
0.000000
0.000000
0.000052
0.000015
0.000502
0.000000
0.000025
0.000000
0.000000
0.000257
0.000028
0.000000
0.000027
0.000031
0.000023
0.000034
0.000030
0.000022
0.000264
0.000027
0.000020
0.000028
0.000000
0.000045
0.000024
0.000026
0.000031
0.000000
0.000038
0.000021
0.000000
0.000000
0.000027
0.000000
0.000022
0.000041
0.000041
0.000000
0.000000
0.000036
0.000020
0.000040
0.000029
0.000025
0.000023
0.000034
0.000062
0.000000
0.000127
0.000000
0.000031
0.000021
0.000037
0.000000
0.000000
0.000020
0.000025
0.000000
0.000000
0.000033
0.000055
0.000030
0.000027
0.000031
0.000018
0.000026
0.000029
0.000027
0.000026
0.000000
0.000039
0.000034
0.000000
0.000034
0.000000
0.000023
0.000027
0.000000
0.000027
0.000030
0.000000
0.000033
0.000037
0.000040
0.000031
0.000028
0.000015
0.000022
0.000037
0.000000
0.000023
0.000000
0.000053
0.000000
0.000038
0.000029
0.000032
0.000025
0.000000
0.000075
0.000030
0.000029
0.000047
0.000047
0.000023
0.000000
0.000000
0.000043
0.000039
0.000000
0.000016
0.000027
0.000023
0.000000
0.000025
0.000031
0.000000
0.000032
0.000000
0.000022
0.000000
0.000000
0.000014
0.000032
0.000000
0.000033
0.000033
0.000000
0.000020
0.000036
0.000022
0.000000
0.000023
0.002795
0.000000
0.000031
0.000041
0.000035
0.000035
0.000025
0.000046
0.000022
0.000052
0.000030
0.000051
0.000000
0.000000
0.000000
0.000033
0.000000
0.000043
0.000024
0.000023
0.000028
0.000036
0.000000
0.000024
0.000044
0.000047
0.000051
0.000035
0.000025
0.000000
0.000050
0.000031
0.000000
0.000020
0.000000
0.000000
0.000040
0.000020
0.000019
0.000028
0.000031
0.000030
0.000219
0.000029
0.000043
0.000033
0.000030
0.000024
0.000000
0.000034
0.000000
0.000000
0.000026
0.000036
0.000029
0.000028
0.000035
0.000026
0.000033
0.000028
0.000019
0.000000
0.000000
0.000020
0.000027
0.000026
0.000031
0.000000
0.000000
0.000032
0.000000
0.000039
0.000029
0.000022
0.000013
0.000044
0.000029
0.000029
0.000000
0.000019
0.000022
0.000022
0.000038
0.000046
0.000039
0.000030
0.000024
0.000037
0.000043
0.000013
0.000040
0.000030
0.000018
0.000027
0.000017
0.000032
0.000019
0.000000
0.000028
0.000027
0.000163
0.000028
0.000000
0.000022
0.000035
0.000000
0.000028
0.000024
0.000000
0.000044
0.000026
0.000066
0.000043
0.000000
0.000031
0.000025
0.000000
0.000037
0.000000
0.000000
0.000033
0.000048
0.000049
0.000000
0.000025
0.000038
0.000022
0.000000
0.000027
0.000030
0.000039
0.000026
0.000035
0.000037
0.000029
0.000000
0.000031
0.000041
0.000023
0.000030
0.000033
0.000000
0.000030
0.000021
0.000030
0.000021
0.000026
0.000024
0.000024
0.000000
0.000221
0.000027
0.000025
0.000017
0.000023
0.000045
0.000029
0.000000
0.000030
0.000040
0.000033
0.000017
0.000026
0.000000
0.000041
0.000030
0.000000
0.000019
0.000031
0.000028
0.000036
0.000029
0.000026
0.000035
0.000026
0.000027
0.000524
0.000016
0.000026
0.000031
0.000024
0.000039
0.000027
0.000022
0.000000
0.000023
0.000028
0.000017
0.000000
0.000035
0.000023
0.000000
0.000028
0.000000
0.000043
0.000029
0.000027
0.000037
0.000023
0.000000
0.000030
0.000033
0.000026
0.000027
0.000025
0.000030
0.000035
0.000022
0.000000
0.000000
0.000025
0.000027
0.000023
0.000000
0.000021
0.000026
0.000000
0.000000
0.000021
0.000029
0.000044
0.000030
0.000030
0.000000
0.000000
0.000037
0.000039
0.000037
0.000031
0.000027
0.000039
0.000037
0.000000
0.000000
0.000171
0.000037
0.000000
0.000043
0.000000
0.000034
0.000000
0.000044
0.000023
0.000023
0.000025
0.000000
0.000000
0.000041
0.000000
0.000129
0.000039
0.000032
0.000000
0.001107
0.000025
0.000026
0.000022
0.000000
0.000000
0.000026
0.000000
0.000031
0.000034
0.000019
0.000068
0.000000
0.000038
0.000028
0.000022
0.000025
0.000000
0.000474
0.000022
0.000463
0.000020
0.000025
0.000000
0.000000
0.000000
0.000018
0.000026
0.000027
0.000000
0.000039
0.000020
0.000040
0.000030
0.000000
0.000021
0.000033
0.000041
0.000023
0.000021
0.000238
0.000016
0.000042
0.000031
0.000021
0.000027
0.000000
0.000030
0.000040
0.000022
0.000021
0.000000
0.000037
0.000095
0.000000
0.000024
0.000000
0.000025
0.000000
0.000000
0.000000
0.000000
0.000034
0.000032
0.000048
0.000035
0.000026
0.000026
0.000000
0.000019
0.000017
0.000032
0.000029
0.000000
0.000028
0.000025
0.000016
0.000017
0.000000
0.000031
0.000028
0.000021
0.000021
0.000042
0.000035
0.000029
0.000026
0.000030
0.000035
0.000043
0.000020
0.000000
0.000024
0.000021
0.000045
0.000024
0.000026
0.000038
0.000030
0.000037
0.000025
0.000042
0.000036
0.000029
0.000037
0.000019
0.000000
0.000032
0.000033
0.000019
0.000036
0.000019
0.000000
0.000028
0.000039
0.000020
0.000019
0.000025
0.000000
0.000055
0.000033
0.000041
0.000032
0.000000
0.000029
0.000000
0.000000
0.000000
0.000032
0.000018
0.000027
0.000000
0.000037
0.000000
0.000020
0.000000
0.000000
0.000061
0.000023
0.000021
0.000000
0.000026
0.000021
0.000043
0.000029
0.000042
0.000037
0.000029
0.000000
0.000032
0.000027
0.000034
0.000022
0.000023
0.000023
0.000024
0.000014
0.000000
0.000024
0.000027
0.000000
0.000031
0.000036
0.000031
0.001568
0.000033
0.000021
0.000033
0.000028
0.000034
0.000037
0.000042
0.000000
0.000037
0.000000
0.000028
0.000020
0.000034
0.000026
0.000032
0.000036
0.000029
0.000043
0.000045
0.000000
0.000270
0.000023
0.000038
0.000000
0.000032
0.000030
0.000028
0.000000
0.000051
0.000000
0.000000
0.000020
0.000019
0.000000
0.000000
0.000037
0.000021
0.000023
0.000026
0.000000
0.000052
0.000026
0.000041
0.000022
0.000027
0.000022
0.000000
0.000014
0.000041
0.000028
0.000035
0.000000
0.000000
0.000033
0.000030
0.000000
0.000000
0.000000
0.000000
0.000041
0.000000
0.000032
0.000033
0.000036
0.000030
0.000032
0.000000
0.000120
0.000034
0.000032
0.000000
0.000038
0.000033
0.000037
0.000000
0.000043
0.000000
0.000031
0.000024
0.000185
0.000036
0.000000
0.000040
0.000167
0.000035
0.000000
0.000022
0.000000
0.000037
0.000000
0.000035
0.000022
0.000036
0.000000
0.000000
0.000000
0.000000
0.000019
0.000000
0.000411
0.000000
0.000018
0.000030
0.000031
0.000030
0.000000
0.000032
0.000035
0.000025
0.000000
0.000021
0.000235
0.000026
0.000000
0.000000
0.000000
0.000029
0.000021
0.000026
0.000028
0.000033
0.000033
0.000031
0.000023
0.000044
0.000035
0.000027
0.000031
0.000027
0.000030
0.000022
0.000000
0.000000
0.000000
0.000032
0.000042
0.000000
0.000023
0.000000
0.000028
0.000020
0.000016
0.000029
0.000065
0.000039
0.000029
0.000025
0.000037
0.000000
0.000033
0.000019
0.000019
0.000034
0.000039
0.000037
0.000000
0.000046
0.000028
0.000039
0.000031
0.000030
0.000026
0.000028
0.000035
0.000000
0.000029
0.000024
0.001061
0.000028
0.000062
0.000000
0.000000
0.000030
0.000034
0.000000
0.000040
0.000025
0.000034
0.000039
0.000029
0.000000
0.000035
0.000021
0.000058
0.000000
0.000033
0.000039
0.000028
0.000024
0.000027
0.000032
0.000000
0.000034
0.000026
0.000027
0.000034
0.000000
0.000020
0.000032
0.000000
0.000019
0.000023
0.000013
0.000031
0.000000
0.000049
0.000021
0.000033
0.000020
0.000029
0.000030
0.000027
0.000000
0.000048
0.000032
0.000023
0.000016
0.000000
0.000000
0.000031
0.000018
0.000020
0.000028
0.000027
0.000000
0.001497
0.000025
0.000020
0.000025
0.000089
0.000031
0.000026
0.000044
0.000031
0.000016
0.000000
0.000000
0.000000
0.000021
0.000000
0.000000
0.000017
0.000033
0.000000
0.000016
0.000024
0.000000
0.000060
0.000029
0.000018
0.000000
0.000028
0.000035
0.000023
0.000027
0.000024
0.000034
0.000037
0.000026
0.000031
0.000093
0.000028
0.000036
0.000046
0.000050
0.000023
0.000000
0.000016
0.000024
0.000000
0.000032
0.000035
0.000029
0.000000
0.000023
0.000000
0.000000
0.000022
0.000043
0.000000
0.000000
0.000000
0.000028
0.000042
0.000024
0.000025
0.000027
0.000019
0.000000
0.000000
0.000037
0.000023
0.000000
0.000030
0.000041
0.000000
0.000031
0.000064
0.000026
0.000000
0.000022
0.000029
0.000033
0.000031
0.000033
0.000029
0.000028
0.000000
0.000025
0.000000
0.000028
0.000030
0.000000
0.000000
0.000041
0.000000
0.000035
0.000000
0.000030
0.000000
0.000624
0.000654
0.000029
0.000038
0.000024
0.000000
0.000043
0.000015
0.000000
0.000013
0.000025
0.000024
0.000000
0.000020
0.000030
0.000030
0.000028
0.000000
0.000000
0.000000
0.000000
0.000040
0.000022
0.000041
0.000035
0.000037
0.000036
0.000000
0.000032
0.000029
0.000022
0.000000
0.000027
0.000021
0.000000
0.000034
0.000018
0.000036
0.000020
0.000039
0.000022
0.000024
0.000028
0.000021
0.000000
0.000030
0.000030
0.000000
0.000026
0.000028
0.000000
0.000040
0.000022
0.000025
0.000041
0.000023
0.000040
0.000000
0.000000
0.000022
0.000000
0.000042
0.000000
0.000000
0.000023
0.000017
0.000031
0.000054
0.000033
0.000000
0.000040
0.000031
0.000000
0.000000
0.000019
0.000026
0.000035
0.000043
0.000100
0.000000
0.000060
0.000035
0.000033
0.000000
0.003382
0.000025
0.000000
0.000021
0.000022
0.000020
0.000000
0.000018
0.000000
0.000028
0.000026
0.000043
0.000030
0.000028
0.000027
0.000036
0.000299
0.000027
0.000016
0.000027
0.000032
0.000039
0.000000
0.000029
0.000039
0.000019
0.000000
0.000032
0.000021
0.000000
0.000019
0.000000
0.000039
0.000014
0.000000
0.000000
0.000021
0.000024
0.000019
0.000055
0.000023
0.000000
0.000031
0.000029
0.000026
0.000023
0.000046
0.000042
0.000029
0.000023
0.000000
0.000025
0.000017
0.000000
0.000030
0.000018
0.000031
0.000021
0.000029
0.000000
0.000032
0.000000
0.000018
0.000000
0.000027
0.000000
0.000023
0.000029
0.000082
0.000041
0.000027
0.000058
0.000030
0.000000
0.000000
0.000028
0.000024
0.000028
0.000017
0.000000
0.000029
0.000000
0.000000
0.000022
0.000022
0.000040
0.000000
0.000037
0.000035
0.000030
0.000025
0.000031
0.000034
0.000036
0.000028
0.000024
0.000026
0.000000
0.000000
0.000000
0.000000
0.000028
0.000052
0.000027
0.000000
0.000024
0.000030
0.000023
0.000043
0.000000
0.000023
0.000038
0.000023
0.000000
0.000023
0.000000
0.000037
0.000021
0.000032
0.000000
0.000038
0.000000
0.000055
0.000026
0.000034
0.000038
0.000025
0.000000
0.000000
0.000000
0.000039
0.000038
0.000000
0.000022
0.000000
0.000145
0.000031
0.000026
0.000000
0.000043
0.000033
0.000021
0.000000
0.000025
0.000030
0.000027
0.000027
0.000000
0.000000
0.000012
0.000034
0.000026
0.000033
0.000000
0.000000
0.000039
0.000000
0.000031
0.000000
0.000024
0.000029
0.000047
0.000027
0.000000
0.000019
0.000020
0.000000
0.000025
0.000026
0.000000
0.000026
0.000043
0.000019
0.000000
0.000896
0.000028
0.000020
0.000000
0.000028
0.000000
0.000017
0.000035
0.000020
0.000000
0.000027
0.000043
0.000038
0.000023
0.000037
0.000031
0.000036
0.000034
0.000033
0.000000
0.000016
0.000000
0.000030
0.000035
0.000049
0.000038
0.000032
0.000020
0.000035
0.000041
0.000023
0.000000
0.000029
0.000019
0.000000
0.000000
0.000000
0.000000
0.000022
0.000025
0.000032
0.000033
0.000017
0.000000
0.001170
0.000000
0.000000
0.000030
0.000032
0.000037
0.000020
0.000035
0.000025
0.000032
0.000024
0.000020
0.000015
0.000026
0.000518
0.000000
0.000027
0.000034
0.000032
0.000020
0.000000
0.000000
0.000033
0.000028
0.000014
0.000000
0.000026
0.000025
0.000038
0.000039
0.000000
0.000024
0.000025
0.000031
0.000013
0.000000
0.000000
0.000040
0.000000
0.000037
0.000000
0.000020
0.000041
0.000034
0.000031
0.000020
0.000036
0.000014
0.000027
0.000028
0.000135
0.000034
0.000035
0.000000
0.000027
0.000021
0.000019
0.000028
0.000000
0.000033
0.000024
0.000000
0.000024
0.000024
0.000020
0.000036
0.000030
0.000020
0.000031
0.000000
0.000000
0.000021
0.000029
0.000023
0.000000
0.000000
0.000028
0.000000
0.000027
0.000026
0.000026
0.000026
0.000020
0.000026
0.000024
0.000039
0.000026
0.000027
0.000037
0.000037
0.000028
0.000000
0.000030
0.000036
0.000000
0.000013
0.000000
0.000017
0.000016
0.000016
0.000018
0.000044
0.000014
0.000031
0.000043
0.000000
0.000037
0.000039
0.000017
0.000043
0.000000
0.000021
0.000038
0.000448
0.000000
0.000036
0.000021
0.000016
0.000031
0.000000
0.000000
0.000029
0.000024
0.000039
0.000032
0.000000
0.000000
0.000026
0.000000
0.000021
0.000022
0.000024
0.000015
0.000018
0.000000
0.000028
0.000060
0.000029
0.000040
0.000026
0.001435
0.000038
0.000029
0.000025
0.000020
0.000028
0.000032
0.000021
0.000023
0.000044
0.000038
0.000032
0.000000
0.000040
0.000063
0.000000
0.000025
0.000037
0.000018
0.000025
0.000024
0.000000
0.000033
0.000000
0.000092
0.000022
0.000000
0.000024
0.000033
0.000029
0.000021
0.000028
0.000030
0.000021
0.000000
0.000000
0.000069
0.000041
0.000000
0.000000
0.000026
0.000035
0.000040
0.000027
0.000000
0.000000
0.000031
0.000026
0.000038
0.000028
0.000025
0.000038
0.000026
0.000029
0.000071
0.000017
0.000033
0.000033
0.000044
0.000032
0.000027
0.000034
0.000020
0.000022
0.000028
0.000026
0.000040
0.000014
0.000000
0.000026
0.000000
0.000034
0.000000
0.000020
0.000024
0.000026
0.000026
0.000019
0.000337
0.000033
0.000030
0.000000
0.000000
0.000025
0.000031
0.000040
0.000000
0.000000
0.000038
0.000031
0.000000
0.000000
0.000026
0.000035
0.000000
0.000043
0.000028
0.000000
0.000026
0.000000
0.000041
0.000034
0.000030
0.000000
0.000037
0.000675
0.000000
0.000029
0.000032
0.000020
0.000042
0.000000
0.000034
0.000016
0.000030
0.000023
0.000024
0.000000
0.000030
0.000032
0.000000
0.000060
0.000029
0.000000
0.000042
0.000043
0.000139
0.000025
0.000000
0.000023
0.000000
0.000027
0.000031
0.000023
0.003471
0.000025
0.000014
0.000035
0.000000
0.000024
0.000023
0.000018
0.000019
0.000026
0.000030
0.000034
0.000028
0.000072
0.000019
0.000398
0.000012
0.000027
0.000056
0.000017
0.000030
0.000000
0.000042
0.000032
0.000044
0.000033
0.000035
0.000047
0.000028
0.000033
0.000029
0.000040
0.000024
0.000041
0.000023
0.000032
0.000027
0.000000
0.000042
0.000031
0.000000
0.000038
0.000026
0.000040
0.000000
0.000024
0.000000
0.000030
0.000022
0.000036
0.000025
0.000044
0.000026
0.000043
0.000000
0.000000
0.000034
0.000022
0.000025
0.000023
0.000025
0.000024
0.000033
0.000030
0.000033
0.000016
0.000031
0.000014
0.000000
0.000022
0.000027
0.000020
0.000027
0.000021
0.000031
0.000047
0.000030
0.000000
0.000000
0.000052
0.000030
0.000028
0.000031
0.000035
0.000022
0.000023
0.000039
0.000000
0.000037
0.000031
0.000000
0.000017
0.000025
0.000000
0.000030
0.000037
0.000028
0.000026
0.000056
0.000040
0.000028
0.000042
0.000679
0.000025
0.000040
0.000000
0.000000
0.000000
0.000000
0.000014
0.000060
0.000030
0.000046
0.000000
0.000026
0.000000
0.000052
0.000027
0.000034
0.000000
0.000030
0.000022
0.000000
0.000000
0.000047
0.000031
0.000026
0.000020
0.000023
0.000043
0.000000
0.000018
0.000000
0.000017
0.000042
0.000027
0.000000
0.000031
0.000025
0.000027
0.000019
0.000025
0.000040
0.000016
0.000024
0.000024
0.000019
0.000036
0.000035
0.000029
0.000027
0.000025
0.000023
0.000030
0.000008
0.000000
0.000018
0.000000
0.000021
0.000000
0.000020
0.000000
0.000027
0.000029
0.000033
0.000020
0.000032
0.000031
0.000026
0.000028
0.000024
0.000000
0.000023
0.000000
0.000000
0.000000
0.000029
0.000041
0.000028
0.000025
0.000035
0.000044
0.000037
0.000038
0.000028
0.000026
0.000439
0.000059
0.000037
0.000031
0.000031
0.000023
0.000000
0.000030
0.000021
0.000000
0.000030
0.000031
0.000027
0.000027
0.000017
0.000025
0.000025
0.000022
0.000031
0.000000
0.000020
0.000035
0.000037
0.000041
0.000026
0.000036
0.000031
0.000022
0.000021
0.000027
0.000000
0.000026
0.000020
0.000033
0.000035
0.000019
0.000020
0.000026
0.000000
0.000047
0.000031
0.000016
0.000022
0.000025
0.000032
0.000021
0.000026
0.000035
0.000024
0.000022
0.000023
0.000000
0.000048
0.000033
0.000000
0.000048
0.000016
0.000024
0.000031
0.000000
0.000000
0.000019
0.000022
0.000018
0.000014
0.000039
0.000033
0.000021
0.000019
0.000000
0.000037
0.000036
0.000000
0.000033
0.000033
0.000024
0.000033
0.000024
0.000024
0.000076
0.000000
0.000026
0.000056
0.000040
0.000026
0.000359
0.000000
0.000000
0.000000
0.000034
0.000000
0.000028
0.000000
0.000027
0.000036
0.000026
0.000030
0.000000
0.000019
0.000029
0.000027
0.000020
0.000042
0.000027
0.000021
0.000000
0.000000
0.000000
0.000048
0.000039
0.000000
0.000025
0.000037
0.000037
0.000020
0.000035
0.000000
0.000029
0.000036
0.000032
0.000000
0.000021
0.000000
0.000034
0.000024
0.000021
0.000000
0.000000
0.000033
0.000029
0.000028
0.000029
0.000000
0.000000
0.000025
0.000085
0.000000
0.000031
0.000000
0.000023
0.000036
0.000045
0.000015
0.000027
0.000017
0.000022
0.000000
0.000023
0.000025
0.000029
0.000042
0.000034
0.000027
0.000029
0.000037
0.000012
0.000025
0.000027
0.000023
0.000000
0.000018
0.000000
0.000031
0.000000
0.000052
0.000000
0.000028
0.000028
0.000031
0.000018
0.000032
0.000026
0.000026
0.000021
0.000022
0.000024
0.000023
0.000032
0.000000
0.000000
0.000000
0.000028
0.000032
0.000034
0.000026
0.000025
0.000031
0.000000
0.000025
0.000021
0.000022
0.000039
0.000032
0.000018
0.000000
0.000040
0.000024
0.000037
0.000018
0.000034
0.000031
0.000000
0.000021
0.000000
0.000031
0.000027
0.000028
0.000000
0.000000
0.000023
0.000026
0.000000
0.000035
0.000033
0.000027
0.000036
0.000032
0.000042
0.000024
0.000051
0.000020
0.000028
0.000037
0.000027
0.000000
0.000031
0.000000
0.000000
0.000032
0.000000
0.000035
0.000027
0.000029
0.000045
0.000034
0.000038
0.000000
0.000025
0.000033
0.000024
0.000033
0.000027
0.000039
0.000032
0.000032
0.000386
0.000152
0.000034
0.000026
0.000038
0.000032
0.000000
0.000032
0.000034
0.000041
0.000025
0.001603
0.000032
0.000027
0.000030
0.000041
0.000032
0.000000
0.000027
0.000027
0.000045
0.000040
0.000029
0.000018
0.000023
0.000025
0.000016
0.000037
0.000023
0.000037
0.000049
0.000030
0.000040
0.000026
0.000027
0.000044
0.000015
0.000033
0.000000
0.000000
0.000020
0.000027
0.000028
0.000055
0.000021
0.000023
0.000032
0.000000
0.000050
0.000040
0.000000
0.000042
0.000019
0.000023
0.000031
0.000036
0.000026
0.000018
0.000020
0.000026
0.000480
0.000023
0.000036
0.000000
0.000036
0.000021
0.000046
0.000022
0.000028
0.000030
0.000000
0.000027
0.000000
0.000582
0.000000
0.000000
0.000032
0.000020
0.000000
0.000018
0.000037
0.000100
0.000038
0.000037
0.000019
0.000020
0.000023
0.000028
0.000191
0.000029
0.000033
0.000027
0.000043
0.000031
0.000032
0.000030
0.000022
0.000033
0.000035
0.000055
0.000000
0.000029
0.000035
0.000031
0.000020
0.000032
0.000021
0.000025
0.000021
0.000024
0.000025
0.000033
0.000034
0.000314
0.000040
0.000000
0.000015
0.000028
0.000039
0.000000
0.000000
0.000032
0.000039
0.000030
0.000000
0.000000
0.000029
0.000022
0.000024
0.000000
0.000000
0.000044
0.000025
0.000032
0.000030
0.000036
0.000025
0.000162
0.000000
0.000019
0.000034
0.000039
0.000037
0.000019
0.000035
0.000463
0.000038
0.000018
0.000040
0.000022
0.000027
0.000035
0.000000
0.000027
0.000000
0.000000
0.000000
0.000021
0.000000
0.000024
0.000476
0.000022
0.000000
0.000024
0.000020
0.000015
0.000019
0.000036
0.000031
0.000000
0.000029
0.000034
0.000029
0.000000
0.000025
0.000044
0.000047
0.000000
0.000044
0.000017
0.000032
0.000032
0.000000
0.000000
0.000067
0.000015
0.000017
0.000376
0.000034
0.000017
0.000036
0.000025
0.012500
0.000022
0.000000
0.000037
0.000032
0.000030
0.000021
0.000022
0.000029
0.000000
0.000000
0.000025
0.000031
0.000033
0.000031
0.000000
0.000038
0.000020
0.000017
0.000000
0.000056
0.000000
0.000000
0.000021
0.000000
0.000033
0.000022
0.000028
0.000000
0.000049
0.000039
0.000058
0.000032
0.000032
0.000000
0.000024
0.000038
0.000000
0.000021
0.000093
0.000031
0.000032
0.000030
0.000033
0.000000
0.000000
0.000000
0.000050
0.000000
0.000000
0.000018
0.000029
0.000015
0.000017
0.000028
0.000000
0.000026
0.000000
0.000031
0.000018
0.000000
0.000000
0.000035
0.000022
0.000045
0.000026
0.000018
0.000028
0.000021
0.000025
0.000000
0.000022
0.000048
0.000025
0.000024
0.000022
0.000042
0.000042
0.000037
0.000000
0.000028
0.000027
0.000036
0.000041
0.000030
0.000047
0.000024
0.000025
0.000000
0.000000
0.000000
0.000026
0.000018
0.000035
0.000025
0.000026
0.000026
0.000021
0.000027
0.000018
0.000029
0.000025
0.000033
0.000050
0.000000
0.000016
0.000025
0.000028
0.000028
0.000042
0.000016
0.000031
0.000026
0.000017
0.000028
0.000027
0.000027
0.000029
0.000000
0.000022
0.000000
0.000028
0.000038
0.000040
0.000042
0.000021
0.000405
0.000028
0.000023
0.000043
0.000011
0.000017
0.000026
0.000022
0.000000
0.000032
0.000043
0.000042
0.000032
0.000045
0.000017
0.000000
0.000030
0.000030
0.000020
0.000182
0.000000
0.000031
0.000032
0.000034
0.000030
0.000020
0.000000
0.000000
0.000025
0.000038
0.000000
0.000000
0.000030
0.000026
0.000015
0.000000
0.000027
0.000036
0.000018
0.000036
0.000035
0.000024
0.000023
0.000028
0.000038
0.000026
0.000000
0.000022
0.000035
0.000063
0.000035
0.000016
0.000000
0.000027
0.000000
0.000000
0.000025
0.000016
0.000033
0.000021
0.000000
0.000028
0.000028
0.000024
0.000000
0.000028
0.000035
0.000045
0.000037
0.000025
0.000034
0.000000
0.000000
0.000040
0.000022
0.000026
0.000030
0.000025
0.000031
0.000024
0.000025
0.000019
0.000020
0.000000
0.000023
0.000000
0.000045
0.000033
0.000054
0.000000
0.000030
0.000019
0.000000
0.000000
0.000028
0.000016
0.000033
0.000042
0.000023
0.000030
0.000000
0.000041
0.000023
0.000021
0.000035
0.000030
0.000037
0.000026
0.000000
0.000000
0.001498
0.000028
0.000000
0.000030
0.000022
0.000031
0.000035
0.000000
0.000000
0.000034
0.000000
0.000000
0.000017
0.000020
0.000024
0.000044
0.000023
0.000026
0.000031
0.000000
0.000023
0.000027
0.000000
0.000013
0.000016
0.000032
0.000034
0.000000
0.000025
0.000029
0.000000
0.000026
0.000025
0.000000
0.000024
0.000000
0.000027
0.000000
0.000021
0.000000
0.000039
0.000027
0.000032
0.000033
0.000039
0.000041
0.000000
0.000030
0.000036
0.000000
0.000024
0.000046
0.000023
0.000025
0.000000
0.000026
0.000017
0.000026
0.000014
0.000024
0.000000
0.000024
0.000021
0.000027
0.000033
0.000024
0.000030
0.000026
0.000000
0.000000
0.000022
0.000000
0.000029
0.000000
0.000038
0.000016
0.000036
0.000000
0.002295
0.000043
0.000050
0.000023
0.000018
0.000033
0.000000
0.000000
0.000029
0.000401
0.000000
0.000040
0.000000
0.000026
0.000023
0.000056
0.000048
0.000036
0.000021
0.000028
0.000035
0.000000
0.000032
0.000034
0.000041
0.000000
0.000039
0.000000
0.000000
0.000027
0.000019
0.000000
0.000035
0.000038
0.000045
0.000031
0.000037
0.000000
0.000021
0.000027
0.000040
0.000028
0.000034
0.000035
0.000027
0.000019
0.000034
0.000045
0.000040
0.000000
0.000032
0.000022
0.000035
0.000025
0.000000
0.000028
0.000042
0.000039
0.000000
0.000157
0.000000
0.000043
0.000025
0.000038
0.000000
0.000015
0.000029
0.000022
0.000032
0.000028
0.000027
0.000000
0.000000
0.000030
0.000000
0.000028
0.000028
0.000026
0.000000
0.000000
0.000019
0.000026
0.000027
0.000000
0.000000
0.000021
0.000031
0.000033
0.000038
0.000057
0.000000
0.000810
0.000020
0.001081
0.000037
0.000026
0.000023
0.000000
0.000000
0.000016
0.000029
0.000022
0.000027
0.000028
0.000029
0.000028
0.000012
0.000000
0.000029
0.000019
0.000035
0.000035
0.000015
0.000038
0.000000
0.000026
0.000025
0.000000
0.000037
0.000000
0.000036
0.000027
0.000015
0.000034
0.000030
0.000035
0.000016
0.000043
0.000020
0.000031
0.000019
0.000157
0.000027
0.000031
0.000000
0.000023
0.000028
0.000030
0.000034
0.000024
0.000024
0.000034
0.000028
0.000033
0.000028
0.000052
0.000030
0.000014
0.000023
0.000033
0.000000
0.000020
0.000030
0.000023
0.000000
0.000024
0.000032
0.000293
0.000032
0.000019
0.000020
0.000053
0.000029
0.000000
0.000000
0.000000
0.000027
0.000000
0.000032
0.000000
0.000038
0.000027
0.000024
0.000024
0.000024
0.000029
0.000000
0.000000
0.000000
0.000033
0.000000
0.000000
0.000064
0.000026
0.000033
0.000019
0.000023
0.000030
0.000026
0.000022
0.000029
0.000032
0.000019
0.000027
0.000000
0.000043
0.000023
0.000000
0.000000
0.000019
0.000043
0.000026
0.000023
0.000022
0.000032
0.000000
0.000043
0.000042
0.000021
0.000031
0.000000
0.000000
0.000000
0.000000
0.000042
0.000037
0.000026
0.000031
0.000018
0.000000
0.000038
0.000000
0.000000
0.000027
0.000019
0.000021
0.000029
0.000033
0.000024
0.000029
0.000027
0.000034
0.000020
0.000034
0.000028
0.000030
0.000037
0.000025
0.000031
0.000046
0.000000
0.000020
0.000027
0.000047
0.000020
0.000029
0.000019
0.000043
0.000020
0.000047
0.000042
0.000029
0.000027
0.000029
0.000029
0.000036
0.000051
0.000052
0.000025
0.000035
0.000031
0.000028
0.000000
0.000012
0.000028
0.000040
0.000022
0.000404
0.000013
0.000000
0.000041
0.000049
0.000030
0.000024
0.000000
0.000041
0.000235
0.000000
0.000027
0.000047
0.000024
0.000029
0.000024
0.000000
0.000022
0.000023
0.000000
0.000000
0.000000
0.000000
0.000000
0.000031
0.000000
0.000025
0.000000
0.000019
0.000042
0.000038
0.000000
0.000027
0.000019
0.000023
0.000027
0.000021
0.000000
0.000034
0.000000
0.000000
0.000038
0.000027
0.000000
0.000036
0.000000
0.004820
0.000023
0.000037
0.000000
0.000034
0.016988
0.000043
0.000022
0.000021
0.000031
0.000000
0.000017
0.000026
0.000022
0.000024
0.000024
0.000021
0.000013
0.000043
0.000000
0.000633
0.000018
0.000037
0.000000
0.000032
0.000000
0.000026
0.000038
0.000037
0.000025
0.000000
0.000022
0.000029
0.000039
0.000000
0.000026
0.000021
0.000026
0.000000
0.000021
0.000039
0.000016
0.000000
0.000035
0.000033
0.000018
0.000030
0.000012
0.000000
0.000026
0.000028
0.000021
0.000033
0.000027
0.000033
0.000028
0.000000
0.000000
0.000044
0.000017
0.000032
0.000021
0.000040
0.000039
0.000025
0.000023
0.000359
0.000000
0.000118
0.000023
0.000031
0.000027
0.000035
0.000000
0.000000
0.000016
0.000025
0.000032
0.000025
0.000039
0.000035
0.000027
0.000038
0.000000
0.000036
0.000020
0.000033
0.000000
0.000030
0.000036
0.000041
0.000029
0.000000
0.000035
0.000031
0.000023
0.000013
0.000041
0.000023
0.000119
0.000020
0.000016
0.000039
0.000021
0.000034
0.000023
0.000033
0.000033
0.000023
0.000025
0.000033
0.000012
0.000023
0.000000
0.000000
0.000029
0.000000
0.000023
0.000000
0.000028
0.000029
0.000049
0.000022
0.000000
0.000032
0.000000
0.000000
0.000032
0.000024
0.000034
0.000032
0.000031
0.000032
0.000038
0.000000
0.000000
0.000000
0.000029
0.000000
0.000031
0.000039
0.000042
0.000042
0.000023
0.000000
0.000000
0.000030
0.000019
0.000000
0.000000
0.000038
0.000032
0.000000
0.000041
0.000030
0.000036
0.000000
0.000028
0.000026
0.000041
0.000020
0.000018
0.000026
0.000028
0.000043
0.000023
0.000021
0.000038
0.000020
0.000030
0.000030
0.000025
0.000034
0.000016
0.000025
0.000042
0.000000
0.000038
0.000000
0.000037
0.000026
0.000025
0.000024
0.000027
0.000034
0.000027
0.000040
0.000000
0.000000
0.000000
0.000017
0.000015
0.000029
0.000024
0.000044
0.000024
0.000029
0.000000
0.000000
0.000000
0.000040
0.000037
0.000000
0.000067
0.000014
0.000023
0.000012
0.000026
0.000025
0.000022
0.000000
0.000023
0.000037
0.000041
0.000020
0.000016
0.000026
0.000021
0.000000
0.000000
0.000026
0.000028
0.000027
0.000000
0.000031
0.000025
0.000019
0.000000
0.000027
0.000021
0.000000
0.000038
0.000000
0.000019
0.000000
0.000000
0.000020
0.000000
0.000000
0.000040
0.000037
0.000000
0.000018
0.000035
0.000037
0.000022
0.000000
0.000032
0.000034
0.000000
0.000039
0.000027
0.000024
0.000043
0.000033
0.000000
0.000025
0.000000
0.000041
0.000034
0.000035
0.000018
0.000032
0.000032
0.000037
0.000042
0.000000
0.000000
0.000021
0.000021
0.000016
0.000030
0.000017
0.000000
0.000026
0.000021
0.000023
0.000031
0.000028
0.000034
0.000028
0.000024
0.000000
0.000000
0.000025
0.000036
0.000000
0.000025
0.000032
0.000051
0.000035
0.000031
0.000000
0.000049
0.000050
0.000034
0.000019
0.000028
0.000012
0.000018
0.000042
0.000032
0.000024
0.000000
0.000027
0.000028
0.000000
0.000029
0.000030
0.000035
0.000024
0.000000
0.000025
0.000000
0.000041
0.000000
0.000033
0.000029
0.000031
0.000038
0.000028
0.000000
0.000038
0.000024
0.000000
0.000030
0.000040
0.000000
0.000019
0.000026
0.000017
0.000000
0.000028
0.000033
0.000000
0.000019
0.000038
0.000045
0.000027
0.000030
0.000024
0.000026
0.000000
0.000014
0.000000
0.000024
0.000000
0.000049
0.000000
0.000000
0.000027
0.000038
0.000033
0.000029
0.000030
0.000000
0.000021
0.000023
0.000033
0.000034
0.000036
0.000030
0.000022
0.000020
0.000038
0.000000
0.000000
0.000031
0.000025
0.000025
0.000000
0.000019
0.000039
0.000000
0.000023
0.000030
0.000000
0.000013
0.000034
0.000032
0.000033
0.000000
0.000441
0.000036
0.000030
0.000042
0.000000
0.000029
0.000029
0.000000
0.000019
0.000042
0.000000
0.000000
0.000194
0.000000
0.000028
0.001099
0.000030
0.000033
0.000000
0.000000
0.000033
0.000049
0.000017
0.000257
0.000030
0.000023
0.000043
0.000000
0.000041
0.000000
0.000039
0.000012
0.000032
0.000042
0.000027
0.000022
0.000028
0.000020
0.000026
0.000018
0.000026
0.000000
0.000027
0.000021
0.000034
0.000024
0.000021
0.000000
0.000016
0.000050
0.000029
0.000021
0.000030
0.000024
0.000014
0.000024
0.000021
0.000034
0.000032
0.000031
0.000023
0.000000
0.000000
0.000040
0.000031
0.000000
0.000031
0.000035
0.000030
0.000000
0.000028
0.000000
0.000000
0.000030
0.000027
0.000033
0.000000
0.000028
0.000033
0.000024
0.000029
0.000030
0.000022
0.000038
0.000024
0.000019
0.000030
0.000028
0.000029
0.000000
0.000038
0.000018
0.000023
0.000023
0.000031
0.000041
0.000000
0.000000
0.000025
0.000042
0.000000
0.000017
0.000000
0.000024
0.000033
0.000037
0.000000
0.000169
0.000046
0.000027
0.000024
0.000033
0.000018
0.000031
0.000035
0.000023
0.000000
0.000000
0.000034
0.000024
0.000000
0.000026
0.000022
0.000027
0.000022
0.000028
0.000000
0.000000
0.000000
0.000111
0.000023
0.000000
0.000027
0.000029
0.000000
0.000035
0.000015
0.000000
0.000000
0.000030
0.000000
0.000021
0.000000
0.000021
0.000000
0.000022
0.000029
0.000037
0.000017
0.000031
0.000022
0.000043
0.000000
0.000030
0.000024
0.000000
0.000037
0.000031
0.000024
0.000034
0.000017
0.000030
0.000020
0.000041
0.000018
0.000000
0.000035
0.000053
0.000017
0.000030
0.000000
0.000043
0.000037
0.000038
0.000034
0.000000
0.000032
0.000000
0.000018
0.000026
0.000029
0.000040
0.000034
0.000000
0.000035
0.000054
0.000163
0.000024
0.000000
0.000020
0.000000
0.000028
0.000018
0.000026
0.000043
0.000033
0.000034
0.000031
0.000000
0.000450
0.000031
0.000035
0.000016
0.000000
0.000029
0.000035
0.000000
0.000045
0.000025
0.000029
0.000022
0.000000
0.000024
0.000029
0.000000
0.000034
0.000032
0.000033
0.000000
0.000016
0.000032
0.000043
0.000020
0.000031
0.000026
0.000032
0.000025
0.000021
0.000018
0.000019
0.000000
0.000032
0.000428
0.000000
0.000032
0.000000
0.000021
0.000028
0.000023
0.000029
0.000000
0.000021
0.000047
0.000038
0.000000
0.000000
0.000040
0.000000
0.000028
0.000000
0.000038
0.000031
0.000000
0.000021
0.000020
0.000023
0.000027
0.000017
0.000016
0.000037
0.000000
0.000000
0.000043
0.000026
0.000022
0.000000
0.000000
0.000000
0.000028
0.000029
0.000000
0.000025
0.000036
0.000000
0.000038
0.000048
0.000024
0.000027
0.000025
0.000031
0.000000
0.000000
0.000024
0.000019
0.000027
0.000000
0.000000
0.000000
0.000032
0.000030
0.000035
0.000022
0.000032
0.000039
0.000019
0.000021
0.000032
0.000020
0.000042
0.000000
0.000033
0.000021
0.000019
0.000000
0.000000
0.000016
0.000025
0.000024
0.000000
0.000025
0.000036
0.000018
0.000000
0.000000
0.000000
0.000039
0.000021
0.000035
0.000029
0.000036
0.000029
0.000034
0.000046
0.000022
0.000030
0.000018
0.000000
0.000025
0.000029
0.000000
0.000000
0.000018
0.000000
0.000042
0.000030
0.000036
0.000051
0.000024
0.000030
0.000025
0.000034
0.000028
0.000022
0.000017
0.000058
0.000032
0.000035
0.000000
0.000009
0.000018
0.000030
0.000037
0.000000
0.000026
0.000023
0.000031
0.000045
0.000038
0.000715
0.000035
0.000030
0.000025
0.000025
0.000039
0.000042
0.000020
0.000022
0.000015
0.000025
0.000000
0.000048
0.000000
0.000026
0.000035
0.000018
0.000025
0.000030
0.000024
0.000034
0.000032
0.000030
0.000034
0.000025
0.000028
0.000031
0.000000
0.000026
0.000027
0.000000
0.000026
0.000028
0.000029
0.000034
0.000033
0.000628
0.000027
0.000027
0.000033
0.000000
0.000027
0.000030
0.000031
0.000000
0.000024
0.000024
0.000049
0.000029
0.000049
0.000030
0.000000
0.000023
0.000021
0.000000
0.000020
0.000061
0.000000
0.000000
0.000241
0.000030
0.000022
0.000023
0.000021
0.000041
0.000033
0.000037
0.000027
0.000000
0.000000
0.000028
0.000027
0.000029
0.000026
0.000037
0.000000
0.000000
0.000000
0.000050
0.000028
0.000029
0.000000
0.000000
0.000024
0.000043
0.000000
0.000035
0.000000
0.000048
0.000038
0.000000
0.000000
0.000049
0.000035
0.000033
0.001166
0.000034
0.000026
0.000000
0.000027
0.000026
0.000000
0.000029
0.000032
0.000027
0.000031
0.000035
0.000028
0.000022
0.000024
0.000022
0.000000
0.000022
0.000031
0.000016
0.000000
0.000000
0.000019
0.000020
0.000026
0.000053
0.000021
0.000032
0.000025
0.000000
0.000353
0.000026
0.000000
0.000026
0.000022
0.000038
0.000000
0.000000
0.000036
0.000032
0.000034
0.000000
0.000000
0.000000
0.000040
0.006935
0.000030
0.000022
0.000000
0.000031
0.000029
0.000000
0.000024
0.000000
0.000000
0.000026
0.000052
0.000027
0.000046
0.000018
0.000023
0.000025
0.000044
0.000024
0.000025
0.000000
0.000014
0.000030
0.000021
0.000026
0.000018
0.000019
0.000033
0.000031
0.000038
0.000026
0.000050
0.000000
0.000000
0.000021
0.000019
0.000025
0.000026
0.000024
0.000043
0.000032
0.000000
0.000022
0.000025
0.000028
0.000026
0.000019
0.000000
0.000000
0.000000
0.000000
0.000021
0.000000
0.000035
0.000000
0.000032
0.000041
0.000027
0.000015
0.000000
0.000032
0.000000
0.000027
0.000024
0.000000
0.000000
0.000038
0.000032
0.000050
0.000020
0.000031
0.000000
0.000000
0.000000
0.000000
0.000057
0.000000
0.000015
0.000020
0.000037
0.000039
0.000032
0.000021
0.000035
0.000018
0.000027
0.000026
0.000015
0.000041
0.000021
0.000020
0.000000
0.000030
0.000024
0.000030
0.000021
0.000033
0.000142
0.000014
0.000019
0.000018
0.000000
0.000000
0.000027
0.000025
0.000021
0.000026
0.000000
0.000035
0.000000
0.000000
0.000041
0.000029
0.000018
0.000020
0.000028
0.000042
0.000000
0.000000
0.000000
0.000034
0.000050
0.000023
0.000022
0.000000
0.000023
0.000035
0.000036
0.000021
0.000016
0.000044
0.000000
0.000035
0.000022
0.000028
0.000015
0.000023
0.000021
0.000020
0.000026
0.000019
0.000024
0.000025
0.000041
0.000025
0.000032
0.000030
0.000000
0.000037
0.000042
0.000000
0.000028
0.000020
0.000033
0.000000
0.000000
0.000029
0.000023
0.000031
0.000037
0.000030
0.000016
0.000031
0.000058
0.000033
0.000021
0.000031
0.000041
0.000035
0.000035
0.000000
0.000029
0.000031
0.000025
0.000036
0.000023
0.000041
0.000000
0.000046
0.000000
0.000000
0.000049
0.000037
0.000000
0.000022
0.000042
0.000025
0.000051
0.000000
0.000000
0.000021
0.000029
0.000024
0.000000
0.000000
0.000041
0.000046
0.000030
0.000021
0.000028
0.000213
0.000034
0.000000
0.000058
0.000037
0.000000
0.000022
0.000037
0.000035
0.000097
0.000000
0.000027
0.000024
0.000021
0.000022
0.000000
0.000000
0.000025
0.000000
0.000156
0.000023
0.000032
0.000044
0.000017
0.000028
0.000030
0.000000
0.000021
0.000000
0.000000
0.000030
0.000000
0.000028
0.000032
0.000017
0.000028
0.000026
0.000019
0.000000
0.000037
0.000029
0.000027
0.000000
0.000044
0.000027
0.000049
0.000019
0.000029
0.000037
0.000000
0.000032
0.000029
0.000028
0.000031
0.000033
0.000031
0.000000
0.000253
0.000021
0.000024
0.000028
0.000025
0.000000
0.000016
0.000023
0.000030
0.000019
0.000031
0.000034
0.000023
0.000025
0.000047
0.000000
0.000023
0.000030
0.000032
0.000029
0.000031
0.000028
0.000023
0.000042
0.000016
0.000022
0.000022
0.000027
0.000032
0.000025
0.000029
0.000044
0.000023
0.000032
0.000027
0.000027
0.000000
0.000033
0.000029
0.000029
0.000000
0.000000
0.000000
0.000000
0.000000
0.001039
0.000029
0.000000
0.000045
0.000053
0.000024
0.000032
0.000029
0.000020
0.000032
0.000035
0.007989
0.000015
0.000033
0.000556
0.000034
0.000000
0.000026
0.000027
0.000000
0.000037
0.000032
0.000035
0.000033
0.000021
0.000031
0.000056
0.000000
0.000000
0.000047
0.000026
0.000042
0.000000
0.000013
0.000029
0.000026
0.000035
0.000025
0.000026
0.000021
0.000032
0.000000
0.000025
0.000028
0.000017
0.000030
0.000021
0.000024
0.000035
0.000027
0.000029
0.000030
0.000341
0.000033
0.000065
0.000012
0.000040
0.000033
0.000036
0.000000
0.000000
0.000019
0.000037
0.000000
0.000000
0.000024
0.000025
0.000024
0.000025
0.000018
0.000000
0.000035
0.000030
0.000020
0.000015
0.000026
0.000029
0.000000
0.000027
0.000000
0.000032
0.000028
0.000000
0.000027
0.000033
0.000188
0.000026
0.000035
0.000039
0.000031
0.000033
0.000019
0.000017
0.000025
0.000032
0.000028
0.000036
0.000025
0.000019
0.000027
0.000033
0.000019
0.000000
0.000030
0.000000
0.000022
0.000033
0.000050
0.000000
0.000032
0.000000
0.000000
0.000034
0.000045
0.001488
0.000013
0.000000
0.000027
0.000000
0.000052
0.000023
0.000000
0.000023
0.000030
0.000026
0.000175
0.000021
0.000028
0.000023
0.000031
0.000035
0.000000
0.001276
0.000031
0.000028
0.000035
0.000000
0.000035
0.000032
0.000041
0.000033
0.000000
0.000025
0.000029
0.000000
0.000029
0.000031
0.000030
0.000032
0.000035
0.000020
0.000025
0.000031
0.000029
0.000020
0.000022
0.000025
0.001071
0.000028
0.000030
0.000000
0.000034
0.000020
0.000000
0.000076
0.000027
0.000037
0.000031
0.000033
0.000045
0.000037
0.000026
0.000022
0.000228
0.000023
0.000031
0.000027
0.000035
0.000026
0.000000
0.000035
0.000023
0.000026
0.000000
0.000034
0.000000
0.001180
0.000036
0.000013
0.000051
0.000025
0.000037
0.000028
0.000028
0.000026
0.000029
0.000031
0.000000
0.000034
0.000000
0.000035
0.000030
0.000000
0.000020
0.000013
0.000000
0.000023
0.000026
0.000050
0.000040
0.000000
0.000052
0.000000
0.000000
0.000015
0.000046
0.000036
0.000000
0.000026
0.000033
0.000321
0.000017
0.000028
0.000038
0.000034
0.000033
0.000022
0.000040
0.000026
0.000025
0.000035
0.000032
0.000044
0.000042
0.000023
0.000027
0.000000
0.000025
0.000021
0.000030
0.000034
0.000000
0.000000
0.000048
0.000000
0.000000
0.000027
0.000022
0.000026
0.000027
0.000000
0.000035
0.000025
0.000025
0.000024
0.000027
0.000000
0.000031
0.000000
0.000040
0.000014
0.000031
0.000262
0.000000
0.000000
0.000034
0.000022
0.000000
0.000611
0.000025
0.000031
0.000047
0.000045
0.000000
0.000029
0.000025
0.000035
0.000019
0.000026
0.000026
0.000019
0.000000
0.000026
0.000022
0.000000
0.000000
0.000021
0.000026
0.000027
0.000033
0.000027
0.000000
0.000711
0.000000
0.000017
0.000037
0.000034
0.000212
0.000013
0.000042
0.000000
0.000029
0.000030
0.000021
0.000027
0.000000
0.000023
0.000029
0.000032
0.000025
0.000044
0.000021
0.000000
0.000033
0.000018
0.000038
0.000000
0.000023
0.000038
0.000027
0.000027
0.000040
0.000026
0.000023
0.000024
0.000036
0.000024
0.000024
0.000030
0.000052
0.000000
0.000032
0.000000
0.000000
0.000040
0.000036
0.000013
0.000048
0.000026
0.000000
0.000000
0.000029
0.000000
0.000025
0.000000
0.000027
0.000027
0.000000
0.000000
0.000026
0.000035
0.000000
0.000028
0.000025
0.000037
0.000033
0.000025
0.000034
0.000030
0.000015
0.000000
0.000000
0.000037
0.000022
0.000035
0.000067
0.000028
0.000036
0.000022
0.000027
0.000025
0.000034
0.000000
0.000019
0.000000
0.000020
0.000000
0.000023
0.000030
0.000025
0.000029
0.000059
0.000432
0.000025
0.000000
0.000017
0.000021
0.000017
0.000025
0.000033
0.000000
0.000022
0.000020
0.000030
0.000025
0.000028
0.000033
0.000020
0.000000
0.000044
0.000023
0.000025
0.000024
0.000000
0.000000
0.000021
0.000034
0.000030
0.000021
0.000037
0.000037
0.000027
0.000032
0.000045
0.000019
0.000021
0.000018
0.000000
0.000035
0.000029
0.000014
0.000040
0.000019
0.000033
0.000000
0.000024
0.000029
0.000022
0.000000
0.000000
0.000056
0.000029
0.000042
0.000048
0.000000
0.000019
0.000000
0.000057
0.000022
0.000019
0.000021
0.000020
0.000039
0.000000
0.000023
0.000026
0.000000
0.000036
0.000033
0.000039
0.000021
0.000038
0.000035
0.000030
0.000027
0.000016
0.000273
0.000034
0.000046
0.000034
0.000034
0.000038
0.000031
0.000026
0.000033
0.000033
0.000000
0.000023
0.000024
0.000030
0.000000
0.000000
0.000034
0.000024
0.000040
0.000000
0.000018
0.000022
0.000027
0.000042
0.000037
0.000026
0.000032
0.000024
0.000050
0.000051
0.000019
0.000000
0.000029
0.000000
0.000000
0.000024
0.000030
0.000029
0.000032
0.000000
0.000000
0.000056
0.000038
0.000022
0.000000
0.000028
0.000027
0.000000
0.000025
0.000030
0.000000
0.000000
0.000034
0.000000
0.000027
0.000028
0.000032
0.000020
0.000030
0.000030
0.000027
0.000028
0.000000
0.000030
0.000040
0.000122
0.000018
0.000034
0.000028
0.000030
0.000219
0.000021
0.000025
0.000000
0.000032
0.000030
0.000034
0.000040
0.000021
0.000041
0.000000
0.000021
0.000032
0.000035
0.000000
0.000028
0.000000
0.000033
0.000033
0.000018
0.000442
0.000022
0.000016
0.000022
0.000000
0.000028
0.000035
0.000029
0.000016
0.000875
0.000000
0.000035
0.000029
0.000027
0.000019
0.000030
0.000063
0.000000
0.000023
0.000000
0.000046
0.000025
0.000016
0.000000
0.000000
0.000000
0.000026
0.000025
0.000013
0.000000
0.000036
0.000018
0.000029
0.000022
0.000015
0.000000
0.000000
0.000028
0.000035
0.000025
0.000027
0.000023
0.000029
0.000013
0.000032
0.000031
0.000046
0.000028
0.000025
0.000029
0.000022
0.000000
0.000021
0.000000
0.000021
0.016990
0.000033
0.000000
0.000025
0.000019
0.000025
0.000029
0.000031
0.000000
0.000000
0.000073
0.000022
0.000000
0.000015
0.000000
0.000000
0.000024
0.000023
0.000043
0.000020
0.000025
0.000020
0.000032
0.000024
0.000000
0.000022
0.000056
0.000000
0.000025
0.000020
0.000034
0.001406
0.000032
0.000034
0.000000
0.000000
0.000000
0.000000
0.000027
0.000026
0.000020
0.000023
0.000015
0.000021
0.000000
0.000029
0.000000
0.000021
0.000000
0.000041
0.000024
0.000032
0.000000
0.000037
0.000030
0.000021
0.000025
0.000021
0.000028
0.000018
0.000026
0.000030
0.000000
0.000018
0.000016
0.000026
0.000000
0.000022
0.000042
0.000000
0.000032
0.000027
0.000021
0.000025
0.000000
0.000018
0.000030
0.000016
0.000000
0.000021
0.000028
0.000016
0.000000
0.000026
0.000024
0.000032
0.000020
0.000000
0.000000
0.000027
0.000047
0.000043
0.000019
0.000026
0.000039
0.000000
0.000034
0.000041
0.000040
0.000042
0.000023
0.000000
0.000023
0.000020
0.000027
0.000029
0.000022
0.000019
0.000000
0.000000
0.000035
0.000027
0.000000
0.000026
0.000034
0.000018
0.000041
0.000013
0.000027
0.000048
0.000021
0.000054
0.000000
0.000000
0.000051
0.000023
0.000021
0.000023
0.000033
0.000032
0.000000
0.000031
0.000035
0.000056
0.000026
0.000039
0.000026
0.000026
0.000000
0.000016
0.000000
0.000000
0.000042
0.000000
0.000000
0.000029
0.000000
0.000029
0.000039
0.000021
0.000000
0.000030
0.000025
0.000016
0.000000
0.000000
0.000032
0.000000
0.000051
0.000026
0.000030
0.000032
0.000027
0.000000
0.000035
0.000030
0.000000
0.000030
0.000046
0.000000
0.000000
0.000023
0.000028
0.000028
0.000022
0.000000
0.000014
0.000026
0.000029
0.000029
0.000000
0.000042
0.000000
0.000022
0.000027
0.000038
0.000000
0.000028
0.000025
0.000000
0.000000
0.000045
0.000031
0.000032
0.000025
0.000031
0.000028
0.000049
0.000014
0.000036
0.000027
0.000031
0.000025
0.000040
0.000028
0.000032
0.000024
0.000000
0.000028
0.000025
0.000051
0.000043
0.000034
0.000000
0.000030
0.000029
0.000007
0.000046
0.000036
0.000032
0.000033
0.000055
0.000035
0.000027
0.000024
0.000029
0.000039
0.000030
0.000023
0.000000
0.000029
0.000000
0.000000
0.000030
0.000000
0.000000
0.000036
0.000022
0.000000
0.000039
0.000044
0.000020
0.000025
0.000000
0.000039
0.000021
0.000000
0.000020
0.000000
0.000027
0.000031
0.000016
0.000074
0.000045
0.000043
0.000037
0.000020
0.000027
0.000032
0.000024
0.000000
0.000067
0.000028
0.000000
0.000059
0.000034
0.000000
0.000000
0.000047
0.000032
0.000022
0.000027
0.000000
0.000026
0.000000
0.000025
0.000027
0.000019
0.000028
0.000029
0.000220
0.000000
0.000000
0.000017
0.000024
0.000000
0.000019
0.000056
0.000031
0.000000
0.000030
0.000035
0.000000
0.000037
0.000000
0.000027
0.000012
0.000000
0.000032
0.000050
0.000000
0.000026
0.000033
0.000028
0.000000
0.000048
0.000034
0.000025
0.000019
0.000199
0.000000
0.000000
0.000025
0.000036
0.000045
0.000039
0.000031
0.000022
0.000032
0.000019
0.000032
0.000035
0.000014
0.000038
0.000014
0.000045
0.000035
0.000023
0.000030
0.000033
0.000030
0.000034
0.000039
0.000034
0.000034
0.000039
0.000018
0.000045
0.000029
0.000033
0.000376
0.000042
0.000034
0.000027
0.000026
0.000042
0.000027
0.000000
0.000032
0.000000
0.000024
0.000032
0.000030
0.000036
0.000022
0.000034
0.000030
0.000015
0.000036
0.000061
0.000049
0.000018
0.000032
0.000021
0.000020
0.000167
0.000047
0.000028
0.000000
0.000027
0.000035
0.000000
0.000030
0.000034
0.000023
0.000000
0.000042
0.000017
0.000000
0.000028
0.000000
0.000023
0.000039
0.000000
0.000000
0.000034
0.000033
0.000038
0.000000
0.000042
0.000038
0.000023
0.000026
0.000033
0.000037
0.000021
0.000033
0.000017
0.000031
0.000037
0.000025
0.000030
0.000000
0.000000
0.000021
0.000030
0.000000
0.000029
0.000031
0.000026
0.000000
0.000017
0.000035
0.000018
0.000022
0.000035
0.000000
0.000026
0.000036
0.000024
0.000031
0.000023
0.000044
0.000021
0.000000
0.000018
0.000040
0.000029
0.000036
0.000034
0.000024
0.000019
0.000022
0.000057
0.000000
0.000021
0.000000
0.000027
0.000028
0.000000
0.000035
0.000017
0.000044
0.000031
0.000000
0.000029
0.000000
0.000016
0.000021
0.000042
0.000033
0.000032
0.000019
0.000000
0.000028
0.000038
0.000030
0.000021
0.000032
0.000021
0.000033
0.000019
0.000034
0.000027
0.000041
0.000016
0.000748
0.000020
0.000024
0.000022
0.000043
0.000000
0.000533
0.000041
0.000033
0.000011
0.000031
0.000032
0.000024
0.000023
0.000000
0.000000
0.000021
0.000032
0.000038
0.000031
0.000039
0.000023
0.000028
0.000020
0.000024
0.000025
0.000019
0.000018
0.000033
0.000021
0.000025
0.000036
0.000523
0.000037
0.000034
0.000018
0.000031
0.002758
0.000031
0.000032
0.000000
0.000019
0.000043
0.000016
0.000035
0.000035
0.000032
0.000026
0.000038
0.000024
0.000018
0.000692
0.000032
0.000028
0.000000
0.000020
0.000000
0.000026
0.000027
0.000017
0.000036
0.000039
0.000030
0.000018
0.000026
0.000024
0.000026
0.000000
0.000010
0.000041
0.000036
0.000031
0.000498
0.000042
0.000000
0.000024
0.000000
0.000023
0.000062
0.000016
0.000041
0.000027
0.000037
0.000029
0.000035
0.000032
0.000036
0.000030
0.000000
0.000041
0.000027
0.000016
0.000000
0.000029
0.000021
0.000019
0.000037
0.000020
0.000041
0.000031
0.000033
0.000047
0.000021
0.000024
0.000026
0.000018
0.000000
0.000033
0.000037
0.000035
0.000027
0.000000
0.000021
0.000000
0.000023
0.000024
0.000033
0.000017
0.000031
0.000000
0.000000
0.000026
0.000033
0.000017
0.000025
0.000042
0.000024
0.000031
0.000000
0.000026
0.000000
0.000025
0.000034
0.000000
0.000000
0.000054
0.000028
0.000019
0.002669
0.000028
0.000000
0.000016
0.000034
0.000000
0.000026
0.000025
0.000023
0.000000
0.000029
0.000000
0.000033
0.000035
0.000035
0.000000
0.000000
0.000035
0.000016
0.000176
0.000032
0.000000
0.000028
0.000040
0.000031
0.000041
0.000025
0.000025
0.000043
0.000030
0.000020
0.000019
0.000341
0.000025
0.000031
0.000031
0.000026
0.000030
0.000037
0.000027
0.000024
0.000035
0.000034
0.000034
0.000034
0.000032
0.000033
0.000000
0.000027
0.000013
0.000045
0.000022
0.000036
0.000046
0.000562
0.000035
0.000053
0.000020
0.000024
0.000228
0.000029
0.000031
0.000029
0.000040
0.000031
0.000153
0.000029
0.000035
0.000028
0.000034
0.000045
0.000000
0.000034
0.000024
0.000030
0.000032
0.000022
0.000024
0.000017
0.000019
0.000021
0.000029
0.000022
0.000000
0.000021
0.000000
0.000013
0.000019
0.000050
0.000033
0.000020
0.000033
0.000017
0.000035
0.000076
0.000000
0.000038
0.010619
0.000000
0.000000
0.000026
0.000000
0.000000
0.000029
0.000024
0.000037
0.000025
0.000000
0.000023
0.000041
0.000033
0.000000
0.000000
0.000000
0.000025
0.000017
0.000020
0.000031
0.000032
0.000000
0.000000
0.000027
0.000000
0.000000
0.000022
0.000037
0.000000
0.000025
0.000030
0.000025
0.000000
0.000026
0.000000
0.000044
0.000043
0.000017
0.000026
0.000000
0.000034
0.000000
0.000027
0.000034
0.000021
0.000249
0.000021
0.000027
0.000000
0.000000
0.000000
0.000026
0.000030
0.000022
0.000000
0.000027
0.000000
0.000036
0.000024
0.000000
0.000022
0.000024
0.000027
0.000000
0.000000
0.000031
0.000042
0.000000
0.000000
0.000034
0.000000
0.000018
0.000021
0.000108
0.000036
0.000024
0.000644
0.000000
0.000000
0.000013
0.000052
0.000000
0.000000
0.000020
0.000022
0.000027
0.000043
0.000021
0.000000
0.000000
0.000017
0.000025
0.000000
0.000000
0.000037
0.000028
0.000028
0.000000
0.000021
0.000030
0.000026
0.000030
0.000039
0.000023
0.000034
0.000033
0.000039
0.000042
0.000032
0.000018
0.000036
0.000017
0.000000
0.000000
0.000023
0.000000
0.000029
0.000028
0.000000
0.000044
0.000020
0.000000
0.000029
0.000000
0.000000
0.000000
0.000027
0.000000
0.000026
0.000040
0.000032
0.000000
0.000028
0.000036
0.000028
0.000026
0.000032
0.000030
0.000018
0.000000
0.000037
0.000035
0.000040
0.000029
0.000020
0.000000
0.000027
0.000025
0.000022
0.000030
0.000037
0.000021
0.000017
0.000000
0.000000
0.000030
0.000161
0.000026
0.000039
0.000031
0.000000
0.000033
0.000237
0.000031
0.000000
0.000058
0.000022
0.000037
0.000041
0.000033
0.000038
0.000063
0.000020
0.000028
0.000033
0.000026
0.000026
0.000021
0.000000
0.000011
0.000017
0.000023
0.000025
0.000035
0.000024
0.000017
0.000000
0.000000
0.000000
0.000000
0.000038
0.000030
0.000000
0.000000
0.000040
0.000022
0.000033
0.000022
0.000000
0.000025
0.000000
0.000000
0.000040
0.000032
0.000022
0.000000
0.000000
0.000000
0.000025
0.000024
0.000025
0.000032
0.000000
0.000025
0.000025
0.000000
0.000031
0.000000
0.000022
0.000026
0.000025
0.000026
0.000000
0.000026
0.000021
0.000000
0.000000
0.000000
0.000037
0.000024
0.000024
0.000024
0.000042
0.000021
0.000039
0.000017
0.000000
0.000028
0.000000
0.000033
0.000029
0.000041
0.000021
0.000037
0.000020
0.000043
0.000027
0.000023
0.000030
0.000034
0.000032
0.000026
0.000038
0.000022
0.000042
0.000028
0.000023
0.000023
0.000021
0.000000
0.000027
0.000000
0.000022
0.000054
0.000039
0.000031
0.000023
0.000051
0.000030
0.000025
0.000000
0.000020
0.000039
0.000025
0.000000
0.000027
0.000023
0.000045
0.000035
0.000000
0.000000
0.000027
0.000031
0.000019
0.000000
0.000040
0.000000
0.000017
0.000023
0.000028
0.000035
0.000000
0.000000
0.000019
0.000025
0.000024
0.000038
0.000034
0.000000
0.000024
0.000033
0.000035
0.000029
0.000050
0.000023
0.000033
0.000237
0.000000
0.000019
0.000000
0.000042
0.000025
0.000039
0.000028
0.000031
0.000021
0.000000
0.000000
0.000000
0.000036
0.000035
0.000000
0.000000
0.000029
0.000029
0.000018
0.000028
0.000115
0.000027
0.000027
0.000032
0.000024
0.000031
0.000027
0.000045
0.000033
0.000036
0.000027
0.000026
0.000028
0.000022
0.000000
0.000036
0.000000
0.000016
0.000000
0.000000
0.000026
0.000027
0.000021
0.000037
0.000033
0.000033
0.000022
0.000000
0.000043
0.000022
0.000033
0.000030
0.000031
0.000000
0.000000
0.000029
0.000019
0.000018
0.000034
0.001954
0.000000
0.000020
0.000029
0.000040
0.000000
0.000047
0.000023
0.000000
0.000021
0.000032
0.000024
0.000000
0.000000
0.000024
0.000021
0.000027
0.000019
0.000025
0.000000
0.000000
0.000000
0.000028
0.000043
0.000032
0.000000
0.000039
0.000017
0.000030
0.000000
0.000015
0.000024
0.000000
0.000000
0.000029
0.000021
0.000024
0.000000
0.000024
0.000030
0.000039
0.000025
0.000043
0.000033
0.000032
0.000032
0.000024
0.000025
0.000031
0.000037
0.000000
0.000032
0.000000
0.000031
0.000028
0.000058
0.000000
0.000024
0.000036
0.000023
0.000021
0.000000
0.000050
0.000028
0.000220
0.000021
0.000036
0.000040
0.000035
0.000000
0.000038
0.000019
0.000038
0.000032
0.000034
0.000000
0.000024
0.000020
0.000020
0.000040
0.000048
0.000044
0.000025
0.000000
0.000047
0.000029
0.000030
0.000000
0.000033
0.000051
0.000031
0.000030
0.000021
0.000025
0.000018
0.000019
0.000039
0.000022
0.000000
0.000047
0.000025
0.000028
0.000028
0.000000
0.000000
0.000028
0.000033
0.000017
0.000013
0.000000
0.000034
0.000026
0.000035
0.000000
0.000045
0.000021
0.000021
0.000019
0.000038
0.000000
0.000027
0.000026
0.000025
0.000000
0.000019
0.000028
0.000033
0.000030
0.000000
0.000097
0.000041
0.000034
0.000020
0.000021
0.000028
0.000042
0.000000
0.000000
0.000017
0.000031
0.000019
0.000000
0.000052
0.000022
0.000016
0.000021
0.000017
0.000020
0.000026
0.000030
0.000039
0.000030
0.000034
0.000023
0.000000
0.000036
0.000000
0.000106
0.000027
0.000035
0.000000
0.000028
0.000000
0.000021
0.000049
0.000035
0.000048
0.000165
0.000000
0.000030
0.000028
0.000033
0.000022
0.000000
0.000000
0.000024
0.000018
0.000029
0.000032
0.000000
0.000026
0.000000
0.000018
0.000038
0.000041
0.000019
0.000030
0.000033
0.000000
0.000037
0.000036
0.000022
0.000025
0.000024
0.000000
0.000024
0.000035
0.000025
0.000016
0.000000
0.000349
0.000000
0.000000
0.000000
0.000036
0.000017
0.000017
0.000173
0.000023
0.000000
0.000000
0.000027
0.000023
0.000013
0.000000
0.000023
0.000031
0.000022
0.000028
0.000000
0.000037
0.000026
0.000021
0.000026
0.000000
0.000000
0.000038
0.000000
0.000019
0.000413
0.000030
0.000025
0.000023
0.000027
0.000027
0.000021
0.000037
0.000035
0.000027
0.000785
0.000025
0.000031
0.000032
0.000016
0.000019
0.000030
0.000039
0.000020
0.000016
0.000088
0.000025
0.000029
0.000053
0.000024
0.000000
0.000022
0.000018
0.000000
0.000026
0.000021
0.000040
0.000012
0.000016
0.000032
0.000025
0.000000
0.000031
0.000041
0.000041
0.000034
0.000028
0.000034
0.000000
0.000036
0.000028
0.000021
0.000023
0.000016
0.000019
0.000030
0.000026
0.000000
0.000205
0.000055
0.000038
0.000033
0.000030
0.000041
0.000027
0.000040
0.000033
0.000020
0.000041
0.000023
0.000000
0.000027
0.000000
0.000026
0.000046
0.000229
0.000000
0.000000
0.000016
0.000024
0.000035
0.000020
0.000042
0.000032
0.000027
0.000025
0.000000
0.000043
0.000028
0.000018
0.000020
0.000038
0.000386
0.000057
0.000022
0.000014
0.000024
0.000030
0.000033
0.000036
0.000000
0.000031
0.000034
0.000036
0.000042
0.000029
0.000020
0.000027
0.000036
0.000030
0.000033
0.000035
0.000029
0.000022
0.000032
0.000030
0.000035
0.000034
0.000000
0.000024
0.000000
0.000030
0.000022
0.000028
0.000034
0.000013
0.000038
0.000017
0.000026
0.000000
0.000037
0.000033
0.000041
0.000305
0.000044
0.000000
0.000000
0.000000
0.000033
0.000028
0.000030
0.000045
0.000044
0.000032
0.000000
0.000013
0.000000
0.000015
0.000035
0.011260
0.000000
0.000000
0.000000
0.000029
0.000266
0.000039
0.000023
0.000029
0.000000
0.000041
0.000044
0.000033
0.000025
0.000278
0.000034
0.000026
0.000000
0.000028
0.000023
0.000000
0.000014
0.000034
0.000011
0.000035
0.000023
0.000029
0.000000
0.000020
0.000023
0.000029
0.000020
0.000000
0.000038
0.000023
0.000000
0.000026
0.000026
0.000030
0.000025
0.000048
0.000024
0.000043
0.000044
0.000000
0.000040
0.000020
0.000234
0.000040
0.000035
0.000034
0.000031
0.000000
0.000000
0.000000
0.000026
0.000000
0.000000
0.000030
0.000021
0.000037
0.000033
0.000030
0.000038
0.000028
0.000025
0.000027
0.000000
0.000000
0.000026
0.000039
0.000014
0.000034
0.000022
0.000028
0.000037
0.000025
0.000030
0.000000
0.000085
0.000026
0.000034
0.000025
0.000027
0.000036
0.000028
0.000000
0.000000
0.000021
0.000035
0.000000
0.000000
0.000036
0.000044
0.000027
0.000000
0.000025
0.000026
0.000045
0.000029
0.000000
0.000024
0.000952
0.000031
0.000023
0.000033
0.000031
0.000000
0.000000
0.000035
0.000030
0.000040
0.000045
0.000000
0.000027
0.000180
0.000000
0.000000
0.000024
0.000000
0.000023
0.000031
0.000019
0.000000
0.000035
0.000016
0.000023
0.000043
0.000031
0.000000
0.000040
0.000033
0.000026
0.000022
0.000027
0.000017
0.000019
0.000000
0.000034
0.000034
0.000027
0.000587
0.000023
0.000023
0.000028
0.000032
0.000000
0.000014
0.000000
0.000042
0.000000
0.000036
0.000032
0.000025
0.000019
0.000020
0.000029
0.000021
0.000021
0.000023
0.000018
0.000037
0.000000
0.000022
0.000035
0.000034
0.000031
0.000000
0.000025
0.000038
0.000025
0.000024
0.000021
0.000024
0.000026
0.000000
0.001025
0.000019
0.000025
0.000029
0.000033
0.000000
0.000020
0.000000
0.000000
0.000032
0.000000
0.000028
0.000023
0.000028
0.000025
0.000034
0.000000
0.000041
0.000173
0.000000
0.000034
0.000035
0.000017
0.000000
0.000000
0.000000
0.000041
0.000017
0.000000
0.000234
0.000000
0.000019
0.000037
0.000034
0.000025
0.000028
0.000032
0.000034
0.000000
0.000026
0.000348
0.000022
0.000000
0.000025
0.000027
0.000018
0.000020
0.000000
0.000000
0.000000
0.000015
0.000021
0.000000
0.000029
0.000028
0.000040
0.000045
0.000000
0.000033
0.000030
0.000030
0.000038
0.000054
0.000030
0.000018
0.000034
0.000000
0.000023
0.000000
0.000029
0.000000
0.000027
0.000028
0.000035
0.000000
0.000000
0.000031
0.000000
0.000033
0.000021
0.000048
0.000018
0.000000
0.000025
0.000056
0.000033
0.000036
0.000000
0.000000
0.000039
0.000000
0.000012
0.000034
0.000020
0.000000
0.000044
0.000030
0.000028
0.000020
0.000026
0.000033
0.000025
0.000030
0.000022
0.000030
0.000000
0.000025
0.000046
0.000000
0.000030
0.000000
0.000044
0.000000
0.000033
0.000035
0.000026
0.000028
0.000000
0.000013
0.000021
0.000031
0.000026
0.000000
0.000054
0.000052
0.000000
0.000028
0.000029
0.000030
0.000000
0.000035
0.000013
0.000015
0.000037
0.000000
0.000019
0.000027
0.000024
0.000000
0.000026
0.000019
0.000032
0.000023
0.000022
0.000000
0.000011
0.000033
0.000028
0.000021
0.000013
0.000021
0.000017
0.000017
0.000038
0.000033
0.000024
0.000025
0.000023
0.000000
0.000000
0.000892
0.000000
0.000027
0.000019
0.000022
0.000000
0.000025
0.000024
0.000025
0.000000
0.000029
0.000017
0.000025
0.000019
0.000036
0.000034
0.000000
0.000027
0.000030
0.000022
0.000000
0.000021
0.000043
0.000024
0.000018
0.000034
0.000023
0.000045
0.000045
0.000016
0.000036
0.000000
0.000034
0.000000
0.000025
0.000000
0.000000
0.000038
0.000033
0.000025
0.000000
0.000036
0.000000
0.000020
0.000000
0.000021
0.000032
0.000030
0.000000
0.000028
0.000032
0.000031
0.000018
0.000031
0.000102
0.000000
0.000029
0.000027
0.000000
0.000000
0.000019
0.000031
0.000027
0.000032
0.000044
0.000031
0.000025
0.000000
0.000019
0.000028
0.000025
0.000023
0.000000
0.000026
0.000025
0.000000
0.000000
0.000042
0.000025
0.000036
0.000038
0.000023
0.000042
0.000019
0.000024
0.000041
0.000032
0.000042
0.000019
0.000044
0.000029
0.000024
0.000000
0.000084
0.000028
0.000025
0.000043
0.000028
0.000026
0.000022
0.000019
0.000021
0.000047
0.000033
0.000026
0.000031
0.000028
0.000000
0.000019
0.000000
0.000164
0.000026
0.000029
0.000044
0.000037
0.000000
0.000041
0.000024
0.000053
0.000000
0.000014
0.000000
0.000237
0.000017
0.000028
0.000055
0.000026
0.000022
0.000030
0.000051
0.000000
0.000000
0.000029
0.000020
0.000000
0.000000
0.000000
0.000022
0.000024
0.000031
0.000000
0.000033
0.000037
0.000037
0.000045
0.000037
0.000033
0.000000
0.000033
0.000000
0.000040
0.000033
0.000000
0.000000
0.000025
0.000023
0.000122
0.000000
0.000000
0.000000
0.000021
0.000000
0.000021
0.000027
0.000023
0.000017
0.000021
0.000021
0.000000
0.000030
0.000034
0.000000
0.000024
0.000027
0.000000
0.000021
0.000026
0.000034
0.000019
0.000000
0.000024
0.000030
0.000063
0.000000
0.000038
0.000037
0.000030
0.000000
0.000020
0.000000
0.000000
0.000028
0.000000
0.000038
0.000000
0.000036
0.000000
0.000019
0.000023
0.000045
0.000041
0.000031
0.000000
0.000000
0.000000
0.000025
0.000029
0.000025
0.000046
0.000039
0.000038
0.000046
0.000026
0.000028
0.000114
0.000021
0.000000
0.000031
0.000000
0.000025
0.000000
0.000032
0.000028
0.000035
0.000025
0.000043
0.000043
0.000034
0.000030
0.000033
0.000022
0.000034
0.000026
