0.000180108849233022
2.417248938283283e-05
2.8253927842473987e-05
3.0808616426639286e-05
5.402153543571374e-05
3.068673873338721e-05
2.5462112910914713e-05
5.345281414689672e-05
4.2501585387479964e-05
3.6524609290398345e-05
3.415921396867705e-05
2.838376668342716e-05
0.00042578822889053464
2.1431176351847454e-05
3.1800600192588575e-05
0.0001255438664460156
0.00019208799523874801
6.059665402023138e-05
2.481350491646693e-05
0.0002365856426519276
0.00010795424507821979
2.011993937775139e-05
2.192763828198929e-05
2.6797656606871912e-05
2.859008501487466e-05
0.0
2.7066821943916143e-05
2.5788459884535673e-05
2.332668573645178e-05
1.6108074117121348e-05
2.1226588634781237e-05
9.311987362488881e-05
2.9678075098584e-05
2.354474783949219e-05
2.823616620988019e-05
0.00011562769282024273
2.9503412474401282e-05
5.3547974306001926e-05
0.002296634619032354
4.378084825806248e-05
3.0889423050901516e-05
0.0
2.926359602964445e-05
4.6121565829292764e-05
3.3948033799790624e-05
0.00011161582949830793
4.358534496829226e-05
2.2226886989173503e-05
2.672531906585951e-05
3.2368107767543295e-05
3.255792366437644e-05
0.0
7.572927941480219e-05
2.0445472105316664e-05
8.435306751733363e-05
6.416521132145607e-05
2.42763086002875e-05
2.8112038263762626e-05
2.160857372640262e-05
2.3796245519119186e-05
3.634785734603768e-05
0.00016821000278169546
4.181182846766935e-05
4.5899127888909886e-05
2.2657771671643435e-05
2.2510546942815866e-05
1.833932568754284e-05
2.9584503928951956e-05
2.0076314545744962e-05
2.4683072543987274e-05
4.38302440973853e-05
3.222622743503642e-05
2.260063618202831e-05
2.5275775261644043e-05
3.2618642644401803e-05
3.304614238786832e-05
2.613015067945435e-05
2.3074470559432484e-05
6.96837286599016e-05
2.231188115601224e-05
2.204371466437149e-05
3.3166540065874373e-05
0.0
2.1309255230443048e-05
2.554678011635568e-05
1.591941331780735e-05
2.944155140205878e-05
1.7113760087883947e-05
3.700697585423587e-05
0.0
6.97989337908546e-05
2.6933123469175796e-05
2.3344230896596675e-05
8.516068829542615e-05
2.552970962746743e-05
2.6270424604379364e-05
2.5674519544036755e-05
2.1943427795367862e-05
2.547982700092512e-05
2.585761653442426e-05
9.836340927233658e-05
2.7117712731922446e-05
0.00011856014448252108
4.6741698266830315e-05
2.288462972056563e-05
2.7099519760727424e-05
2.3926743028349366e-05
2.1260083264446536e-05
2.0332689673139864e-05
2.0060454759619306e-05
4.6188220405950854e-05
3.0403049947911845e-05
3.93779642527413e-05
3.269875995339205e-05
1.7564909112616008e-05
1.4017735243690387e-05
0.0001362739495970458
2.2223492358130985e-05
2.4661528642335812e-05
2.3160100331133147e-05
1.8671032479426444e-05
2.8515836252543128e-05
3.456775879826779e-05
2.505239960038222e-05
0.0
2.2107964031468467e-05
2.0755418833038737e-05
3.3164362357856655e-05
1.883570195606243e-05
5.459375413504369e-05
1.2329823183294892e-05
2.832266082915148e-05
2.5132744230939075e-05
6.973122573800193e-05
2.5969607126627125e-05
6.866243225008383e-05
2.4744968036426425e-05
1.926165285502633e-05
0.0002652793738438781
2.9325561293157055e-05
2.180979851475456e-05
2.190003406936673e-05
4.699676523002918e-05
6.467684764790971e-05
2.225198745487125e-05
2.7802816665971914e-05
1.8126939875485496e-05
0.00012502197503106512
2.201124944634415e-05
3.333851571069639e-05
2.4982552275797247e-05
3.221504092416035e-05
9.067015707087994e-05
4.537799677508063e-05
5.013469303520355e-05
3.3342702490538105e-05
5.0610157769366193e-05
2.6803804957380148e-05
0.0007946772604920544
4.8042221633267544e-05
2.4209841751488924e-05
4.20828486038875e-05
2.6545502882988128e-05
4.14060772579962e-05
3.0508648081909325e-05
3.0368420302189087e-05
5.0433892841936455e-05
0.00017557828994393309
8.041469527062903e-05
2.809122706820417e-05
0.0001248029700819446
4.668137478066649e-05
8.117159628436573e-05
2.579066521985798e-05
6.866331841037363e-05
0.00011607047701773567
2.448501928501799e-05
6.576530897437306e-05
3.528013447766773e-05
6.400987335147964e-05
3.534168055929318e-05
9.877233098677187e-05
4.785686884642687e-05
2.1687176950368774e-05
2.8291717882975142e-05
2.648709789648327e-05
2.571359437583856e-05
3.1315921088832825e-05
2.1387092213023066e-05
2.6077385502321554e-05
2.0892752718435575e-05
2.0993700856531922e-05
2.889983173004273e-05
2.7385366830802563e-05
3.50605617210766e-05
2.8353086038604444e-05
3.846879616846504e-05
0.00013515130202268957
2.0571511187759437e-05
3.125861833421927e-05
2.6544748756221737e-05
0.0
0.00013215483857193931
3.3172525926135094e-05
4.859893185898481e-05
4.355542663748249e-05
0.00019135759627014667
2.6709772789145607e-05
3.352286233253926e-05
2.178215480181714e-05
3.5408081686527866e-05
2.9942290204733666e-05
8.652733341220265e-05
0.00012342252983913498
2.5481132987311412e-05
2.2437571718376172e-05
2.671413820322045e-05
2.166826189166875e-05
0.00010744614473742674
2.7833894448663948e-05
4.029701606344399e-05
4.029017330275974e-05
1.768653898243491e-05
8.312901445526844e-05
9.45457462627569e-05
0.0001873415290815677
2.7517231621641705e-05
0.00027349596391091144
2.301784790031823e-05
1.9483180106621023e-05
0.00010391003067390115
2.275043918021226e-05
0.00018087711574736362
2.6631528957272077e-05
3.536711155973464e-05
8.859184046187373e-05
1.87373623192032e-05
7.848285276359891e-05
3.2121985560656956e-05
0.0001457411373165558
3.386944824731805e-05
2.631166073083925e-05
1.872054947307239e-05
2.324006997049771e-05
2.8743734089338768e-05
2.801331107676012e-05
1.82232603661533e-05
6.432997844789946e-05
3.114012984456356e-05
7.06142426715657e-05
6.059501526078618e-05
2.4686223124692076e-05
2.7418728699247347e-05
4.428613054457654e-05
2.4740437079939082e-05
0.00012120888686222161
2.1696629109341807e-05
0.00017627519120772084
2.1491575432850273e-05
3.4897173052982495e-05
0.0001662358453254449
5.980466710902199e-05
3.2611760314830195e-05
2.959335795523467e-05
2.7246311664796005e-05
2.3084272446153302e-05
0.0
0.0
3.0983628431836176e-05
2.6013480828334017e-05
8.676410304383586e-05
2.1921786715369068e-05
0.0
2.3900097026074937e-05
0.00020436758130439397
0.00015643909117876636
4.884171788178648e-05
3.989449167372343e-05
6.567823241818588e-05
4.520408858642042e-05
0.0
1.594782261634553e-05
5.005180401397404e-05
3.696219539954623e-05
2.948148190800978e-05
9.293927233076457e-05
3.0078771899799578e-05
3.521782959333646e-05
9.649003510382931e-05
0.00010243297336295062
2.8364929964392062e-05
3.485169495298962e-05
2.774559955689705e-05
1.751774300722848e-05
3.01797012886436e-05
7.209394242134026e-05
2.8739952546517765e-05
0.0001806676712675733
0.0001557822416138062
3.203966606067422e-05
1.8367988152868208e-05
2.273961151419158e-05
2.2797456179564445e-05
0.00010282180991127436
1.932238323710214e-05
1.9740185189815062e-05
1.9894249360582438e-05
0.0001224003176373758
4.895071958927904e-05
3.7683665370654574e-05
3.4351098246936516e-05
2.4537182285620936e-05
2.333620255828514e-05
0.0
1.999139210550628e-05
0.00011632181401933408
3.3729955038040156e-05
2.9871705024708098e-05
0.0001505565980434488
6.150906773316997e-05
2.9204025989249507e-05
7.495587851711831e-05
3.186259471483372e-05
2.678911418002746e-05
0.00014773122774877024
1.896783512189103e-05
3.083288984423043e-05
2.223730068266686e-05
3.326343283112539e-05
9.974102927675583e-05
2.4490193958350494e-05
2.7568502462606994e-05
2.219524106292472e-05
2.6844979234373333e-05
9.13767051497484e-05
2.773568857139264e-05
0.0
4.043009182770933e-05
3.852820103257259e-05
2.3691063565206878e-05
0.0
5.4340233955606575e-05
0.00016192783183415583
4.53896278592747e-05
2.8775449157596253e-05
1.488588497044155e-05
2.206579329226439e-05
0.00019556057070486282
2.39777955966118e-05
2.49529911267347e-05
3.939299840068952e-05
3.1151726109016853e-05
2.3713492261403557e-05
0.0001356903456422641
2.5907624930238032e-05
7.88179544519762e-05
2.611430353158261e-05
3.0080238387410774e-05
3.074947451510744e-05
0.00010416838109961181
0.0001512274033786808
2.314522893588916e-05
3.653723004447721e-05
2.061890363901879e-05
1.4305830542388823e-05
2.377601145472094e-05
2.7678251377566527e-05
9.920243641860181e-05
2.5418783462276378e-05
1.337833041533552e-05
2.4993620816640977e-05
3.934353656149782e-05
2.374578044726752e-05
4.259052106438866e-05
2.717681868095158e-05
2.251384384185822e-05
6.0726628346701995e-05
2.6978201083747155e-05
4.553877451687521e-05
4.842568864616224e-05
2.12188268928622e-05
2.4278235234532005e-05
0.00020417257002797545
0.0007234684247461962
2.7626714795279078e-05
3.0601392568968476e-05
2.6754623698715936e-05
3.758092138899971e-05
2.7650372760618533e-05
3.690103305839396e-05
5.628594146547643e-05
1.6624206456044008e-05
3.387042433003178e-05
7.87684639101428e-05
3.1669915730936397e-05
2.4734747930327227e-05
0.0
6.982309413121081e-05
4.1485408696343424e-05
0.0
0.0
3.283950580091429e-05
3.583858459795601e-05
5.518841427178319e-05
3.381919900241796e-05
2.701049210043624e-05
3.298104758540422e-05
0.0
1.5671096418448434e-05
2.412867764718181e-05
3.922794845299224e-05
3.310396769265354e-05
2.5916521130255357e-05
3.587481398836893e-05
2.3828935651379457e-05
0.00018312906940386859
0.00020238482245914187
4.1249531316569874e-05
3.546920560672442e-05
2.2825871569282833e-05
2.0399466519987333e-05
1.783470536839827e-05
3.7033196891180635e-05
2.9748628013638025e-05
2.9310133227094056e-05
4.448499613071407e-05
0.00016989614224965837
2.6348309516939072e-05
4.4657615236690955e-05
4.201830318176648e-05
2.298852845333476e-05
2.860006634659405e-05
0.0002250840508411619
8.387437817386576e-05
2.9513079534597617e-05
3.16678692280662e-05
2.2959690927175585e-05
4.9012551021467235e-05
1.9410906042687774e-05
2.603579026973977e-05
1.594906855934756e-05
2.878705491819918e-05
2.9420927216802032e-05
2.7875851851010222e-05
3.956635799312421e-05
7.346713616969929e-05
0.00011884604909604503
2.648726192252122e-05
1.8095964761334652e-05
3.097878635729388e-05
8.390401143447094e-05
3.69587921790628e-05
1.7103766033318042e-05
2.599016441865215e-05
3.0453773340658914e-05
2.8792068136322053e-05
3.441931518067591e-05
4.334235967156196e-05
2.4181184851554935e-05
1.7674046530099395e-05
8.664529942249553e-05
2.5612724858609074e-05
9.413605740813422e-05
4.1432024089827835e-05
0.00016285928374848595
6.937682236007735e-05
3.7828629449903046e-05
4.4724282981015886e-05
2.0961549269711807e-05
2.9160265471618215e-05
3.3843896077840714e-05
3.588764900488236e-05
3.492098023498489e-05
3.810759461522756e-05
5.1512718744444235e-05
4.3886578984362386e-05
3.072611318611657e-05
7.817973614533798e-05
3.285761808694401e-05
3.777643464541795e-05
2.5224947273065436e-05
3.147320103508343e-05
0.00012989548536929628
2.0267115786902955e-05
2.517148677384159e-05
0.0
7.820441305973706e-05
0.00023239607170984504
0.00012776034611583126
2.9459570980150544e-05
2.621535905988029e-05
2.6141309571203462e-05
2.2591188416136193e-05
2.3482661501995568e-05
2.922566154163516e-05
3.5310014737274205e-05
3.143137508010043e-05
2.3811909654575304e-05
8.341388671238135e-05
2.210869165827422e-05
3.471676462471157e-05
0.00015060362223902652
3.014887471504233e-05
2.3616616870930668e-05
4.2928708103521585e-05
7.268217622116196e-05
0.0
3.699485326026981e-05
5.326397999711141e-05
6.68273601396153e-05
0.0001004336502791829
2.9137293571232688e-05
3.475388892046789e-05
2.3944967704485588e-05
1.6796227148813546e-05
2.8676807819220623e-05
3.122976959993778e-05
2.4581893804913163e-05
2.9974051473574075e-05
3.226875242415261e-05
4.587928291436237e-05
3.846819698661533e-05
2.291478502678383e-05
2.4642749795615883e-05
2.347739006781452e-05
2.7897955108874833e-05
4.439448704308903e-05
9.33039636431408e-05
2.617682610214909e-05
2.784542943702905e-05
3.0550235145487775e-05
1.8196250313980064e-05
3.162697823781307e-05
2.7989061531472604e-05
3.7299472534969985e-05
4.30711941096362e-05
3.140831669233402e-05
2.8100991505465732e-05
5.7697869066720606e-05
1.2949765615701898e-05
2.6252447092687947e-05
0.00012707219939824807
6.449012114453169e-05
2.782912605537993e-05
0.0
1.846266634835009e-05
1.9961031066252405e-05
2.5158631284484528e-05
2.1203923410390436e-05
3.0445514088092582e-05
0.00011271446351458584
2.7880809338347813e-05
8.425726925312357e-05
0.0002711938916481867
3.6853200417217565e-05
9.488462588463203e-05
0.0001257823465568919
2.3686904518134742e-05
3.523986026496981e-05
2.175134617323238e-05
0.0003184123524319387
2.737105146421147e-05
0.00010484538947740052
3.1967519992135783e-05
2.4877048434108438e-05
0.00012671427049006166
0.0
2.035491058208131e-05
2.9431092751274387e-05
1.8028126419594585e-05
2.692549075880132e-05
2.3912182225072858e-05
1.8263359913012877e-05
3.375778243407079e-05
9.167719090270346e-05
3.527847515387594e-05
2.3502271921538105e-05
3.232817125241279e-05
2.451301303016011e-05
2.366852858292114e-05
2.4752929659134006e-05
8.383172361027252e-05
0.0007578598089059546
3.67778697197928e-05
3.19491274951152e-05
0.0
0.00011322077818988185
1.837080752275424e-05
3.4205735214620686e-05
3.1922281422288966e-05
2.732014799198894e-05
2.6822187428056096e-05
2.7327024902523763e-05
2.1823865906219842e-05
2.7468334988946117e-05
6.674091562810535e-05
9.3289181195437e-05
3.7088461766289066e-05
5.409491371808977e-05
2.87687677066442e-05
2.7367685994019094e-05
2.6633282570408208e-05
9.149055137953636e-05
3.5452456376144035e-05
9.539596317369513e-05
2.44759128300206e-05
0.00032434591089277974
2.711618288742458e-05
2.5765680386830367e-05
2.4022809471308384e-05
4.6470821316427263e-05
0.00011398375334061366
0.0002315487707569073
0.0001453673839197906
2.9932811032764182e-05
1.965320641809678e-05
3.424490835308011e-05
3.0431686392996667e-05
9.568924241366069e-05
0.0
9.837037285026487e-05
2.138323390652483e-05
2.3863654264155753e-05
3.3277264374662956e-05
7.863254703746731e-05
0.0
3.3698825563493396e-05
2.9278356720527615e-05
2.488713840478955e-05
2.5561070556424945e-05
0.00020227558949602594
2.1993885198646382e-05
2.74547723032978e-05
1.957598891504269e-05
2.138470815969935e-05
2.214344464668204e-05
3.951269199808918e-05
2.1387569492023804e-05
2.5130549885190223e-05
1.7859499826009205e-05
2.7532623095432045e-05
2.8163678587493578e-05
3.1324204105293654e-05
2.8995501682881228e-05
0.0
0.00019689030713386909
0.00027283372864745584
1.6019270360620126e-05
5.491742762315015e-05
1.737069702923608e-05
0.00015257329144993854
2.985493232467986e-05
3.1865703264353674e-05
0.0
0.0001257888893262337
3.123633200121896e-05
0.00010288335873369066
2.7518545411185064e-05
3.92954640525868e-05
3.76060328316537e-05
3.442178266019002e-05
3.9737979364662836e-05
2.34205183647868e-05
2.213346469659223e-05
1.6255868753608805e-05
2.144757953083756e-05
3.073109660053291e-05
2.792346515155315e-05
3.426155192686505e-05
0.00010813300634980433
3.165138582592903e-05
2.248726841953079e-05
3.476208540752861e-05
1.804806100443979e-05
9.468406844081067e-05
1.8211436702389662e-05
3.25564306745671e-05
4.580817089944918e-05
4.990915081570925e-05
3.3881639860713774e-05
4.0586553487527045e-05
0.00015297552636455553
2.495897034017312e-05
0.000440764244002002
2.4109137311018525e-05
3.13629646945903e-05
2.0734142005579918e-05
2.7621610700553453e-05
4.015796730172645e-05
2.718112017549571e-05
9.118304621527794e-05
2.224498312950987e-05
2.0201636092885916e-05
2.1434831538081808e-05
3.535966638770097e-05
1.5582889504892212e-05
9.38677694269824e-05
5.776581392368045e-05
8.118870632260077e-05
2.5376782095908688e-05
0.0001379917596055365
0.00010256833954532573
8.691279432540898e-05
3.783079367242084e-05
3.643993444330429e-05
2.6274472352785547e-05
2.5450016093777507e-05
2.3691698622827883e-05
2.3630929497443223e-05
3.21854133264598e-05
7.02516073803413e-05
0.0
6.592983378670884e-05
0.00014814278016851565
3.108101485938331e-05
0.00030457598971686447
3.480853294670788e-05
3.754931383873473e-05
2.4284512804081388e-05
3.1630665021284386e-05
2.9307406959415e-05
1.9052130737139962e-05
6.294434581411347e-05
2.2393604303068737e-05
2.5370929723057967e-05
1.9634621739566913e-05
3.1099258995852524e-05
2.4269483041701494e-05
3.9558435339232196e-05
6.0986301458935236e-05
4.364568129925012e-05
2.2138754783376232e-05
3.084125541301972e-05
3.446347116421753e-05
0.0002329019674171021
2.9795428892658475e-05
2.5185715363730153e-05
0.0
2.8814621953082242e-05
2.7979335159600398e-05
5.666171157764501e-05
9.281745746017364e-05
2.313230343637128e-05
2.826127450148442e-05
0.00018680338815309984
3.130956890209331e-05
2.8683158134836998e-05
3.578931683839613e-05
2.2333993041018584e-05
6.786691175860009e-05
1.4212098309882266e-05
3.267008572019681e-05
2.36449728714366e-05
0.00014339411094738878
3.0714668275712164e-05
1.6466416500488044e-05
3.581948171827553e-05
2.1781446930501573e-05
0.00014160975145289454
2.037919271963499e-05
0.0002666866119077603
3.2722593489480206e-05
2.6031299351097416e-05
0.0002824089574480077
2.281612603498009e-05
2.322304903927283e-05
1.197219314854752e-05
5.990724547487858e-05
2.379343124774285e-05
8.530587790428057e-05
1.976896740560076e-05
3.0197433838015967e-05
3.259742510067849e-05
2.5080825438206512e-05
2.0330024057617887e-05
2.318676993540761e-05
0.00043545414503504956
2.6060891311996514e-05
3.219633939890532e-05
2.2895837906122707e-05
3.059617325257549e-05
0.001683347826865225
2.5007103570780288e-05
0.00015238529435616718
3.3070685825603584e-05
2.299435113811524e-05
6.264349352583046e-05
0.0017248480075838996
2.5420310549796535e-05
2.0366169502379503e-05
0.00014405264534854582
7.815434574566206e-05
0.00012808377266240064
9.534777863005184e-05
3.44689098573749e-05
8.32231549709414e-05
1.4569213466252349e-05
3.654216589389241e-05
7.894553251273233e-05
2.0300635758745947e-05
2.515223725073508e-05
0.00014217296643156274
3.099079559436731e-05
8.460640618522056e-05
2.5142443735228345e-05
1.9299878213957515e-05
3.7335154942510706e-05
5.066635233070174e-05
2.8617010557726904e-05
0.00012595384820349953
2.7644228917543177e-05
3.84647559645693e-05
2.19133501878584e-05
1.7876762663984944e-05
2.032297896445573e-05
3.6263810328219084e-05
2.8843611491043122e-05
3.0398459445111045e-05
3.401102437033561e-05
6.88765817585373e-05
3.0205649827624802e-05
0.00019476975945775278
1.8872434784279057e-05
2.112985036971445e-05
5.298361727356142e-05
9.186914861887251e-05
0.0
1.945264921501565e-05
8.852212955028028e-05
2.652199760585728e-05
0.00011674316313443037
2.8274517332103253e-05
1.8940183963576057e-05
2.6199822676889554e-05
3.0400788034933115e-05
4.233777436487696e-05
3.5490055342412416e-05
2.6525280232659642e-05
1.7870708682240156e-05
2.5865873400549933e-05
4.371058907095484e-05
3.287480267953937e-05
2.1240630332651034e-05
2.0426575586353394e-05
2.389760210677578e-05
0.00021430340963316772
3.995288090091311e-05
3.356736179617756e-05
6.626085174456987e-05
3.456030690014028e-05
3.300120372873872e-05
1.5758515480894797e-05
6.674148128405668e-05
2.9139624955931335e-05
2.7086325223307606e-05
2.5571169161552065e-05
3.153303310456699e-05
3.512063414596241e-05
2.4462249734568536e-05
2.9267083337700638e-05
3.1122902289868476e-05
0.0
2.5155404620620624e-05
1.950291041446221e-05
2.4983337418674792e-05
2.7432379258940433e-05
3.045917677500789e-05
0.00013576131078330692
0.00021865119166527162
3.475878496069126e-05
1.8317002606067876e-05
3.6141110629389186e-05
2.1182058775016116e-05
0.0
0.0
7.585669943517964e-05
0.0002443783079762507
2.5103346178125347e-05
2.0056872945862964e-05
1.7574537877327688e-05
2.3497076118436192e-05
3.204143579439862e-05
2.8696848386346277e-05
2.687177852757262e-05
3.227173458882515e-05
2.75380570271374e-05
3.8482181967589267e-05
4.6962815129871914e-05
2.4962917373263067e-05
2.2149640868602917e-05
3.318465892979426e-05
3.3728646236655856e-05
8.30582681021566e-05
8.117982911506808e-05
3.3979388155740196e-05
2.8898686287731715e-05
9.763993102012897e-05
2.0984190939323195e-05
2.3729173134064457e-05
3.128968372275672e-05
4.569817576067028e-05
2.3011462892111957e-05
2.1600895188724553e-05
2.97219177898094e-05
0.0
2.2069134430642414e-05
2.0616586190804573e-05
0.0
6.912153881138222e-05
0.00011263385081068515
5.421534106058677e-05
2.6378236296690376e-05
2.5387748744216428e-05
1.8755104040650463e-05
3.6917655120947e-05
2.8035541528012338e-05
1.636684856862057e-05
2.3390291427474527e-05
3.53344306826226e-05
0.0002101239355930396
9.060428761882138e-05
2.2453616988499052e-05
0.00017687491379344373
1.9451143952496347e-05
4.6411533138948414e-05
0.00013590960773730273
9.68558950933031e-05
4.757463827938775e-05
4.320460962200759e-05
0.00045269268540988963
3.1434319902168955e-05
1.99595414604382e-05
6.685278599969895e-05
2.7251197601125414e-05
2.1120640441966672e-05
0.0001021142886339972
2.3823879768911773e-05
2.6148750636641807e-05
3.666465675387092e-05
4.383073259005195e-05
2.0870451940771612e-05
3.4844702072093835e-05
1.7981259282921294e-05
0.00013055229943536396
7.18474306215455e-05
2.308809277376327e-05
3.431911330644602e-05
3.6859596417391495e-05
4.247670843999582e-05
2.8681739570807453e-05
8.376357663044735e-05
4.277924941008156e-05
1.7838452488308684e-05
0.00015857853844580458
4.1789678867252644e-05
2.55702924564494e-05
3.612498723685942e-05
3.40534291462161e-05
2.041110440542431e-05
2.7273848269931993e-05
7.450946359916801e-05
4.4414118708121165e-05
2.052560935786277e-05
6.787553478771485e-05
4.789473306632941e-05
3.268818763204447e-05
2.0456392778984598e-05
3.211431172772356e-05
0.0004468656630063531
3.197685583384841e-05
2.2528442842242025e-05
2.25304195924425e-05
0.0001236312707163984
1.621022314263396e-05
2.6209575341854033e-05
2.571305613035911e-05
3.068894031749192e-05
0.00012978799514392242
3.754748766019357e-05
2.674398109161906e-05
2.5384450796607145e-05
2.3482426209508743e-05
1.687893260000442e-05
4.8725541880116196e-05
2.017221913597481e-05
2.417783261144906e-05
2.2870000908837458e-05
2.581208637568065e-05
7.808556977545128e-05
0.00010665617554225848
3.635264744749089e-05
2.1597568266546216e-05
4.7589219890422725e-05
2.56807515686083e-05
2.5862111733708576e-05
3.062101445792129e-05
5.958568201263733e-05
1.582859401050847e-05
2.4505843424659158e-05
3.199049651819796e-05
