3.253992124676549e-05
2.5667132343106563e-05
6.818391246744864e-05
0.0001262465624855326
2.5558258840328963e-05
2.72419648576547e-05
2.086006910889784e-05
5.413371961043826e-05
9.283122391086621e-05
5.9152286407867846e-05
7.161389208216921e-05
5.8661838416402974e-05
5.172493609669224e-05
3.6100726646744075e-05
1.9175416851562547e-05
3.0482303686907307e-05
3.32279345146606e-05
2.965598258802542e-05
3.554806609801718e-05
4.224878397217011e-05
2.5376683740061323e-05
5.9857022919377164e-05
3.4323196644486505e-05
2.188629845073332e-05
0.00033723018211064383
2.086192223335151e-05
2.1988743698976666e-05
3.0142598482179837e-05
3.913501571917182e-05
2.5907121373412688e-05
3.54433501776287e-05
3.573548924610496e-05
2.9229317678596673e-05
2.405987386155844e-05
2.6699823341350223e-05
5.5035089399427366e-05
3.191191903454864e-05
2.532947608841295e-05
2.573814796739265e-05
0.00015687372339111188
5.287316574048956e-05
2.371981372977943e-05
1.7569454292637523e-05
2.6746356267473636e-05
2.9615557941637553e-05
8.766045175810393e-05
0.00011351848620569934
2.7091048496820128e-05
2.0051159613094665e-05
2.1190213478248922e-05
4.89810126005095e-05
3.149970346326987e-05
2.5737859052911388e-05
0.0003787077203708407
0.0
2.5702094346736677e-05
3.3657555256236504e-05
0.00011618164217714212
2.856676171653349e-05
2.3104074348404543e-05
2.665961001632423e-05
2.1440610397945142e-05
0.00012770408002587793
3.2227456037782124e-05
6.75215771231697e-05
2.6944007979083402e-05
3.143839801660412e-05
2.233842401889875e-05
9.051527836866431e-05
2.5788844655706124e-05
0.0003879963064725624
9.351485073813478e-05
2.995075161511245e-05
0.0
2.525534060184823e-05
3.1874310612985894e-05
0.00010118862064883007
2.7744587580584046e-05
2.628975485546183e-05
4.345026572229607e-05
2.116575205899194e-05
3.1635904798290854e-05
2.3097413092613673e-05
0.00012071154448312077
2.0540907171200884e-05
3.048100812945632e-05
0.0002049096691210816
6.107529222404614e-05
3.468133431558512e-05
6.061090262685977e-05
0.0
3.663192250652116e-05
2.693464743470162e-05
3.296202918028102e-05
2.526184391616425e-05
1.839732148355588e-05
2.8084588777082492e-05
3.213418247706919e-05
3.4543022535862436e-05
0.0001975800644254075
7.831232280707356e-05
2.7642302749724982e-05
0.0
8.367410918263327e-05
4.874905382472611e-05
0.0001644463171721554
2.6377731129408807e-05
7.276758793827181e-05
0.0
2.746054512943615e-05
7.384339776061159e-05
2.8472961806552287e-05
2.1654514095874124e-05
0.0001202376940927832
2.7760120348641797e-05
2.6817429030399407e-05
2.6919299241838866e-05
3.089061765669667e-05
2.1865829464772968e-05
4.7380285658042987e-05
0.00015844053208822164
3.6643552736246064e-05
7.04159449994764e-05
0.0
2.525564509578324e-05
2.018759961703972e-05
3.188867459863969e-05
2.6701425617683584e-05
2.2231263605880615e-05
7.355876178873224e-05
4.033562003402985e-05
2.116470681938797e-05
3.653742412621649e-05
1.939164169415659e-05
4.4783392661390946e-05
6.471432480550362e-05
2.3518072158003535e-05
2.8081624505028587e-05
2.2683358317161654e-05
2.4346904862127938e-05
4.530045816440281e-05
2.8339693112904386e-05
5.635407856140308e-05
2.2255247553868656e-05
2.4163963778756233e-05
9.435484793129236e-05
2.2391255787400978e-05
3.803118276525785e-05
2.3597189241696638e-05
2.4495212507151912e-05
2.2427205689061324e-05
0.00011999832805471546
6.0224234958348274e-05
0.00026947117737684707
2.5079695617560337e-05
2.1926034568291422e-05
2.7559681642310052e-05
6.616536470938235e-05
3.0231703656755092e-05
2.3937276146197917e-05
9.574667131655556e-05
4.3031591881527556e-05
9.489165921411142e-05
3.121719658364077e-05
5.888368531575533e-05
2.1500229056811002e-05
3.188590937667995e-05
2.0441111148331427e-05
3.72273088500763e-05
6.329311998110619e-05
2.610282149616161e-05
2.3526125792315998e-05
0.0
3.016655062016045e-05
3.442471160407306e-05
2.6735373664534828e-05
5.689705746385197e-05
4.864282865103381e-05
3.59049412420404e-05
1.8229600710760385e-05
0.00010320003669850097
6.460363425870677e-05
0.00010799574458258236
2.2741696541532197e-05
3.9211448704520664e-05
2.4389077330832974e-05
0.00012533661353778864
6.801781406200663e-05
2.5739862944895763e-05
2.292792922217602e-05
2.9790943094793352e-05
1.96830102666958e-05
2.016913046801687e-05
3.2847412747806107e-05
2.278595610966572e-05
3.02882589188308e-05
3.2827009224157885e-05
5.201818310592986e-05
2.5849470674663574e-05
4.1747892536593446e-05
0.00015472893003060385
8.064535980645846e-05
2.3313840715369746e-05
5.404845192470785e-05
2.0904081725371467e-05
2.469007873974481e-05
0.00015446886398754763
2.2044070137767946e-05
2.5979816926197018e-05
2.0196813782002106e-05
2.2352904344141533e-05
2.517149460515856e-05
0.00015087251695787947
3.277097567159626e-05
0.00014026216727504545
0.00013750636460713655
3.5229330225945876e-05
2.3730285518927747e-05
2.115004617798398e-05
4.9007623262595736e-05
5.053878950390862e-05
2.8994835901663514e-05
2.287454501677611e-05
2.4886651375930084e-05
9.529192325166007e-05
4.7168936593577007e-05
5.117711652028202e-05
2.331151699344424e-05
2.7542544778986047e-05
2.1615577889386435e-05
1.855398283498155e-05
4.780550640994513e-05
2.6972789164305513e-05
7.230549891611534e-05
2.246244347334278e-05
0.0001152205079361862
0.0007018683670131302
4.1230701328349856e-05
4.657448434416467e-05
2.5897775101448356e-05
0.0
0.00015768416897301313
2.665379168853439e-05
2.6121218458965198e-05
2.0184629080376057e-05
3.827519872097016e-05
2.5893861319292023e-05
0.00014929110421202894
2.8152490199304875e-05
2.5386874331010702e-05
4.739468283605014e-05
0.00010452561848385509
2.8658969037614026e-05
4.091348221909031e-05
3.165884389567758e-05
2.4837705847853422e-05
2.1708537289749092e-05
0.00010061402521102607
7.415832373357522e-05
2.6834307819947155e-05
6.869238511793094e-05
0.0001549607169326458
2.4640853641450175e-05
3.373980383405365e-05
7.326522823096251e-05
5.347236202355047e-05
2.5657848055230612e-05
6.249472703162307e-05
3.5684423700343256e-05
2.7139188712448993e-05
0.00011801698711465722
2.44770169723304e-05
3.37747870762187e-05
2.1931973480985676e-05
3.0162207383175625e-05
2.9565724718099187e-05
4.142190293057214e-05
2.1293191373974774e-05
2.844581793109356e-05
4.526033649123477e-05
0.00011186017999522676
3.327167210569976e-05
2.308992786579243e-05
3.646906668279626e-05
0.0
2.0633287065193784e-05
9.480334261259333e-05
0.0
2.238310240341202e-05
2.3904500249766507e-05
0.00012172199579788188
0.00015880202505313067
0.00012197541435344341
3.279399799098036e-05
2.314396830349716e-05
2.3442473634909288e-05
5.847650410369342e-05
0.00015399906522877075
1.8906815409219172e-05
3.0662105911027485e-05
2.747456910208625e-05
2.122637821965525e-05
3.0605257507778375e-05
9.990961161281863e-05
2.5729862856783325e-05
9.06242280689234e-05
0.000110648687035147
2.713832903001218e-05
3.7245789688804575e-05
4.772692240139728e-05
2.029371085532258e-05
3.094315243999317e-05
2.5292030427922434e-05
3.177409704317749e-05
2.5544301975078716e-05
6.427075646317546e-05
0.0002011292122441572
7.15803674914735e-05
2.905191908753252e-05
0.0010451938419983237
3.162174278876019e-05
6.873206521293098e-05
0.0
9.05114669281191e-05
2.2779220504730638e-05
0.0001195189470615796
3.137647665354396e-05
2.7693508533349942e-05
3.361567798183379e-05
6.458747009835538e-05
4.140709066044877e-05
6.092470806149177e-05
2.519798594896942e-05
0.00017285334185733846
2.1685309744520946e-05
1.972016418619415e-05
0.0001278792560413618
2.747488318559318e-05
0.00015555091017985218
0.00012027816009118106
2.803114785475877e-05
2.433089768693912e-05
3.175312995047362e-05
0.00011350309678279331
2.5229650360463348e-05
2.8961959724934628e-05
0.00016439470948085061
3.144981937740076e-05
3.707634240616936e-05
0.0002268845287974122
4.2148603183771956e-05
0.0006746459762443338
2.995429744955994e-05
0.0003033972301549352
2.5020845098363686e-05
2.4851287829173422e-05
2.0746344069000244e-05
2.6327135549121827e-05
2.830288076013983e-05
2.5579953337409602e-05
3.265397779508847e-05
2.823019673121627e-05
2.3528839476651732e-05
2.3630150207785384e-05
2.880410881919115e-05
3.337864792342779e-05
2.1076805452584237e-05
1.8950262570385204e-05
3.0418426982546937e-05
3.189608089556258e-05
2.1518276384575873e-05
2.6358556925805895e-05
3.9707364719470734e-05
5.6434936626691606e-05
3.4974888052049446e-05
2.5950649522504307e-05
0.00015480270260134353
2.109822444234868e-05
4.40516263787645e-05
2.5494637445251457e-05
5.914953599127912e-05
4.418066126457133e-05
3.5919056902795457e-05
2.1027053524048875e-05
3.074248839126009e-05
6.707780050063688e-05
0.0007331211806721977
3.0937987394448626e-05
4.622675843614065e-05
2.5027056093669863e-05
3.1176461547790466e-05
0.0001256388514945073
2.785750542921996e-05
2.121624897283736e-05
2.3125096391001202e-05
3.8026148234928155e-05
2.344088564056043e-05
3.357109101070324e-05
3.849747347711817e-05
2.6889404518176097e-05
3.6639077484080254e-05
2.522409925454261e-05
7.367887463816035e-05
2.8529905402403113e-05
0.00017874217720438725
8.060536270677372e-05
2.0025516623858584e-05
2.9115945343611034e-05
1.943288921983884e-05
2.5571372121965925e-05
3.161166744343816e-05
5.9494373969615634e-05
0.00011117367603161762
5.139821278699324e-05
2.3642657512324343e-05
3.5555966242784515e-05
0.0
2.2515224097001976e-05
6.096065688382742e-05
0.00010409750486691226
0.0
2.1862792204482083e-05
2.7472196073155234e-05
8.008796971622122e-05
5.811791936237162e-05
2.0917893928510123e-05
2.1892161110954462e-05
1.6961908984057104e-05
5.034630724252571e-05
2.0285298650065656e-05
5.6947008221694534e-05
3.249121823196701e-05
0.0002355385230904525
0.0
2.789821988606481e-05
0.00015371851951317603
4.3047959136964434e-05
2.4104736014271897e-05
2.6620862892362146e-05
2.3179814691355698e-05
0.0
3.348180619449634e-05
3.2553838975502614e-05
2.8610195700436456e-05
4.327589551938632e-05
2.2339826645063254e-05
2.9990378212836472e-05
2.6800015132146415e-05
2.123516475465502e-05
3.095080240260309e-05
0.0
0.0001076545337129699
2.4198434051624146e-05
1.9453127378266397e-05
1.5949722547934667e-05
0.00011808987802129406
0.0
3.608427089335768e-05
2.5916246763696113e-05
1.9855353280205646e-05
9.013842232979707e-05
5.546185688627877e-05
0.0
2.9703591525376238e-05
4.598917612465915e-05
2.412936740718638e-05
5.5152728054896586e-05
2.0334806900961658e-05
2.6887043912136312e-05
3.2606305502545e-05
1.905314472852909e-05
7.142187636859562e-05
2.95808750083099e-05
5.509438856777047e-05
7.946010420869112e-05
2.542775296772347e-05
2.3245125285170153e-05
2.1725572013175907e-05
4.0770462643225004e-05
4.40648260216007e-05
9.739781604962482e-05
2.9959872699208267e-05
4.3419362638509064e-05
2.3188013375488063e-05
2.5835782784215627e-05
4.98757493795281e-05
3.782128225961169e-05
3.168762147157161e-05
3.631016254578322e-05
9.804586137974833e-05
2.3047560906695105e-05
2.4763107611494327e-05
4.010177481917117e-05
2.7865832421485093e-05
1.613904667439447e-05
5.125846346936094e-05
2.0129544318785367e-05
2.465225173446289e-05
4.0175384248755475e-05
2.3453775437852524e-05
3.0465886620584222e-05
3.44861845046064e-05
2.301099372730032e-05
1.8490919047185964e-05
0.0
2.6030807235911575e-05
0.0
3.2824015271408944e-05
3.120136507004948e-05
1.9646390741985088e-05
3.383083355726422e-05
3.3141384572484094e-05
5.410903278541079e-05
0.00018943450319722303
8.610118518612369e-05
2.342303049154582e-05
8.29028201646167e-05
2.174930598073167e-05
2.699381625619233e-05
4.2862870147195106e-05
7.375944249674325e-05
2.5854991743529635e-05
2.9214286637389563e-05
2.2252079997846183e-05
2.4740390277480472e-05
5.517521970444282e-05
5.2197086823128346e-05
3.2238926747070725e-05
3.00897075534101e-05
2.92433362045877e-05
2.5779465018785666e-05
7.963683225902912e-05
6.278729197590407e-05
7.839154630745835e-05
7.126938750030994e-05
4.3881370941002783e-05
2.9536066717990117e-05
3.734571161638973e-05
4.879278417798912e-05
3.15408699373804e-05
0.0
2.2214130919912804e-05
3.2699885251613265e-05
4.790805315433292e-05
3.710191955160196e-05
3.686438364109178e-05
0.00021039614583779638
6.191118584568121e-05
0.0
6.010553572624493e-05
3.49737726810443e-05
8.03239329351885e-05
3.1709204244448405e-05
2.886340343916209e-05
2.1474237517228946e-05
4.8629385587496744e-05
3.8370338859628935e-05
2.7816881476205134e-05
2.3073739339343387e-05
2.1199699182821403e-05
7.019055172023577e-05
9.849946807100048e-05
5.851296019813752e-05
2.226790210666951e-05
2.4685516806390592e-05
3.065939369057888e-05
2.3686542840581422e-05
2.910587580585169e-05
5.2226830975009076e-05
3.4513891966679485e-05
2.844300577026222e-05
3.19936562126408e-05
2.102846668918402e-05
0.0
0.0
2.0479639046252474e-05
3.0712581323607693e-05
0.0
2.8328619855426512e-05
1.8007870450886567e-05
5.283144241942149e-05
3.472885064133517e-05
2.2821349489237975e-05
0.00016895285719676064
0.0001326424692495276
0.0
0.0001125389549602333
0.00012165973540357104
2.5182225496472884e-05
3.606223042134847e-05
0.00036165308193686574
2.7224336351899538e-05
3.937337481433713e-05
2.9152429265283385e-05
0.00013963365038046572
0.0001650066586483533
9.129950723061132e-05
2.935340853649195e-05
9.429318964725081e-05
2.29981057909509e-05
4.170888538083808e-05
2.1238770411107348e-05
2.4268553744284678e-05
0.00010223196708567528
2.5369567680428195e-05
2.675193535715072e-05
4.3788420840217426e-05
0.00010409224715766247
2.3228646844825226e-05
3.218219699882408e-05
2.597262449871036e-05
2.575799893839851e-05
0.00024359743114517148
2.8225143599094402e-05
0.00010960859420800046
6.956567387079662e-05
3.144770745638202e-05
1.9819324211996342e-05
2.357718334892343e-05
1.364853242859098e-05
2.4059589278176766e-05
0.00010979252781040832
0.00013241268454500122
2.3675023180676064e-05
5.4303687851673466e-05
4.0156234277706074e-05
2.5021621386330093e-05
2.0259668643346068e-05
2.545876645696956e-05
3.991108813418508e-05
1.7600536955454114e-05
0.0
0.0004700855366205496
3.0762301001095564e-05
8.6410514819644e-05
3.1058676052544404e-05
2.4457959891481424e-05
2.4608015980330736e-05
2.4509591033484075e-05
0.0001926541358729423
2.5965149109493422e-05
4.995560702991328e-05
8.087751228657943e-05
3.472227380403317e-05
6.310314188954408e-05
6.754739327164623e-05
2.3687976757721033e-05
2.8482496468662614e-05
3.452658525806223e-05
2.9037322566856072e-05
0.00024721363355520264
3.512515821960745e-05
1.9766146062455554e-05
4.7410025828752326e-05
5.60924357231067e-05
2.2760814615339647e-05
3.6312931365408815e-05
2.5031727417331822e-05
4.2798701768045035e-05
2.56702896210932e-05
5.581945301921899e-05
9.192447291702478e-05
2.9164180022709576e-05
9.018921974167069e-05
2.4458349734195246e-05
0.0002523865561995653
2.6528978692707877e-05
4.702271042736703e-05
3.025490764454954e-05
2.260733965333896e-05
0.00010866626325490463
9.578917437146453e-05
0.0001613361177139778
1.9481964669896873e-05
2.9249175907249762e-05
3.4464713788567404e-05
2.8861985698903996e-05
0.00194195061076419
3.3662516267167794e-05
5.4186805485517945e-05
6.207421885589287e-05
1.9074028752031433e-05
0.00013061757997597352
9.916960424008302e-05
0.0
7.292784969421488e-05
8.834893340229042e-05
0.004365946007570402
4.1464878684991346e-05
1.9094061641770027e-05
2.760275135303233e-05
3.0079456717517326e-05
2.5154751443483992e-05
3.225072829142919e-05
5.1894940296625124e-05
2.4859408236451378e-05
2.1993306302936524e-05
2.8622202899868153e-05
2.3043956766236424e-05
2.487015939157153e-05
0.0003871303012332704
7.931382039075776e-05
0.00014352723951058634
2.7375127141608393e-05
0.0
3.099590214044274e-05
3.8687735828893155e-05
2.3751105346775852e-05
1.8555525356930703e-05
0.00013247203677656293
3.0796752122861714e-05
0.00013767842055277012
3.863219059590197e-05
7.91825445376532e-05
0.0
8.158780692707852e-05
2.960524264144995e-05
2.106341956884254e-05
2.2211523973672523e-05
3.1010747249316565e-05
4.9934191225594455e-05
2.3835158543761166e-05
9.257985967976608e-05
4.110889964207555e-05
4.832944507180371e-05
2.7339682010541294e-05
2.64592905332729e-05
0.00014569395288862238
2.6282663707699585e-05
3.165461115636323e-05
2.6267677825585683e-05
2.5807770129026518e-05
9.109225371813526e-05
3.320735461766709e-05
0.0
3.8409651856000856e-05
0.001033927515680454
2.1999906687835154e-05
7.352174112558316e-05
2.6375752527900814e-05
0.00017179257852783708
1.944672298969679e-05
4.8710471680613966e-05
8.114644573144652e-05
0.0
3.741818267739332e-05
3.3843602873056816e-05
2.3363799437027346e-05
6.632782666232056e-05
6.0861569710859725e-05
0.0
4.6561947958226595e-05
2.4730179012607088e-05
3.217759660090244e-05
3.556075648659963e-05
9.286022210146385e-05
2.993866950124584e-05
3.269513971448306e-05
0.00012863276633691615
2.523257948623532e-05
3.182727396191943e-05
5.098795290293267e-05
1.965464629826598e-05
0.0002530730739535664
0.0
2.7853796727631215e-05
3.782530231451601e-05
2.945375071837234e-05
5.01557034881411e-05
3.196590217197428e-05
3.061634729213849e-05
2.204184938769809e-05
2.4570910290244655e-05
9.421570861852426e-05
0.00012276524626278652
3.9458571424283204e-05
2.1464494127030223e-05
3.9167425303046395e-05
2.8147249697620592e-05
6.674788043445705e-05
2.671417391761993e-05
2.7746719726533066e-05
2.9769917735772934e-05
3.410767418649623e-05
2.664841707378603e-05
2.6322667493624853e-05
2.8184763261564134e-05
3.496743963759596e-05
2.4847599989654637e-05
4.447924108898873e-05
8.985727305288497e-05
3.403791923062275e-05
1.909095273415915e-05
9.758686207519825e-05
3.587267657753869e-05
0.00032221646491585604
9.715729978162351e-05
1.2545669070135839e-05
4.889402295494141e-05
3.184582104926683e-05
1.8971925661957192e-05
2.242243591577771e-05
0.00019320026375941097
2.778394495157354e-05
0.0001228094274306507
2.8151475873639632e-05
4.259636911049803e-05
2.770406076924552e-05
2.2804702670537974e-05
2.377373210128036e-05
3.0590693599899205e-05
2.1852168998961316e-05
2.1938662733086128e-05
4.3303808419114205e-05
2.83019495085518e-05
2.8950498356393258e-05
2.4225092198593957e-05
0.0002616050510666284
7.926693861024498e-05
9.004228133659285e-05
5.265660037041242e-05
0.00014504910755749065
6.420976955231079e-05
7.399235810064918e-05
3.1065051216012735e-05
0.0
0.0001028107890515404
2.6997991547411007e-05
1.927849726153425e-05
9.852944160538182e-05
3.1564166244563523e-05
1.794793695571197e-05
2.0586151123542075e-05
0.0004818439668293509
1.974985773188007e-05
3.602959390758914e-05
0.0
0.00035489504481966673
2.3263860242012492e-05
3.822564734156228e-05
2.7182999788394633e-05
3.3778428737241944e-05
3.86978948215142e-05
1.717542919046518e-05
3.5578133319060284e-05
3.570853331732696e-05
9.198380247836165e-05
2.16160489621679e-05
2.2336698808244026e-05
0.00010479836437984434
0.0
2.6002952554041303e-05
2.8158426375831215e-05
2.000663955061532e-05
2.070939166557574e-05
0.0
2.694421360304204e-05
3.0377233985775072e-05
2.661718294232808e-05
2.418583320776199e-05
2.0928119353598433e-05
2.7553774055638775e-05
1.8442269334930268e-05
0.00017994634042182184
2.279858693762695e-05
2.797294542219111e-05
2.208665341801626e-05
0.00015836340504135757
3.5775752916584746e-05
4.286664093546714e-05
2.9424492971552243e-05
5.9816474648413406e-05
3.750801620040723e-05
5.0777923713502936e-05
5.35465097399681e-05
0.00013877215224855445
4.0773255620577464e-05
0.00017636587730172153
3.519248284874363e-05
2.7371506270751578e-05
2.7467174335012954e-05
2.527997768001575e-05
2.8207694346388487e-05
3.986398146470703e-05
2.7117731731499084e-05
0.0013375146252550152
4.381822473734163e-05
3.274848580928977e-05
8.145092802505329e-05
6.58997759400382e-05
7.431092341466255e-05
6.265462125978225e-05
8.806644756593858e-05
0.00010589072097700186
2.9242384129515786e-05
0.00010733617587277563
5.130648983831389e-05
6.36567147975628e-05
9.283078231057563e-05
3.4931017664392926e-05
2.4754366071008353e-05
0.0
1.890664275437262e-05
4.299009431610347e-05
3.356461827324936e-05
0.00011534634307843262
0.00013588000938293834
0.0
3.5208385876254614e-05
4.238528000215635e-05
2.5276354985089734e-05
2.4318622527043115e-05
4.9503887086619e-05
2.0031215095008182e-05
9.549144326820237e-05
2.992351799781839e-05
2.4152248537855646e-05
4.8247009934813186e-05
2.7937349908927825e-05
2.6171238385061708e-05
6.050186012810077e-05
3.372742554431171e-05
0.00022484476831242063
2.997151326600212e-05
7.801376129696004e-05
2.5325070102764003e-05
2.5993159962316315e-05
3.409979939221298e-05
0.00015952219491736843
3.13229340113705e-05
5.043125791505665e-05
9.350056170690422e-05
2.3315857233628127e-05
5.428027888129108e-05
3.874524513827594e-05
2.4131737174081546e-05
2.5299409569231838e-05
0.00010918619882525343
0.00035187422453272267
4.323773582648664e-05
2.2707630512002734e-05
2.138994344855967e-05
3.6921233314490985e-05
8.988156773151717e-05
2.1934664433642712e-05
3.668395018237092e-05
2.087446080051886e-05
2.7140394491095478e-05
2.048630025569226e-05
6.85786625774437e-05
3.178765080299046e-05
0.0
3.0092841538373253e-05
8.254268585605882e-05
2.80868763393092e-05
6.65239010328925e-05
2.9731325530589064e-05
4.8730066795283784e-05
2.18327516442743e-05
2.1628373339758113e-05
8.95583946840434e-05
0.00031063460257080077
3.659313863112803e-05
2.1856931205464452e-05
9.76041521267407e-05
2.3729531534658318e-05
0.00022479621001978605
9.730994131254602e-05
4.985023348369698e-05
2.0066156341999955e-05
1.928828744582212e-05
2.9386896343102812e-05
4.35809314576336e-05
0.0
2.1494991849737644e-05
4.1158951443498614e-05
0.00014776226994045287
0.0001528195891861819
2.5187962530588458e-05
2.110004916609461e-05
5.212391215503019e-05
0.00013342277253960887
2.2225985045329293e-05
2.5542341957054917e-05
2.011898692839248e-05
2.523000079117761e-05
3.374850390070876e-05
0.00012143150966475166
2.886966297361109e-05
8.539089246904422e-05
2.068540410050029e-05
3.3658818203045825e-05
0.00014274806653982966
2.3893457460129452e-05
5.3634834337982344e-05
2.4966017457843627e-05
6.670093329191174e-05
1.752338915341427e-05
1.748650422306209e-05
6.176270481435783e-05
