2.0739668864253405e-05
4.306641033110311e-05
3.154763950716389e-05
0.00010810042581177868
3.579948196593078e-05
2.108500725742594e-05
3.312119105940708e-05
2.8942967754380482e-05
0.0038529533268399324
5.199979020419433e-05
1.885115356086868e-05
2.315783350353276e-05
2.818603190962103e-05
3.601051097300573e-05
2.443068673759844e-05
6.232116380845756e-05
2.8795266637453038e-05
2.421845425118384e-05
2.732527512387555e-05
2.691959738343677e-05
2.5904894929808714e-05
0.00017835210365111325
0.0003043889970521143
4.320452131845428e-05
2.7484319330979702e-05
2.5259298391914184e-05
0.00019788378565266832
3.930223280503767e-05
6.210119558229792e-05
0.00011213542678746489
0.0002456556121235495
2.2573295529787086e-05
8.488766428090447e-05
2.2427215855920392e-05
0.0005334985217224382
3.8830819966470955e-05
2.32763623171847e-05
2.3000813753200688e-05
2.0234193307417108e-05
8.329062110820847e-05
3.230744268689957e-05
0.00017120174345966842
0.00016940219416432335
0.00017197343897841743
0.00010334697995707947
0.0
2.9016420611369703e-05
4.139635819563069e-05
3.481800842178212e-05
2.330644342294853e-05
0.0001285760018770383
2.807346178255471e-05
2.7209407219835587e-05
2.13362274199453e-05
2.686519903932508e-05
2.649058594908793e-05
4.5522522270028944e-05
6.610843744570493e-05
3.784215490326975e-05
3.7923983014200106e-05
0.0013049944870611552
2.103231833374929e-05
1.557111417840136e-05
7.54671287261228e-05
0.0001630870440282762
5.029452104126535e-05
3.0792137252898445e-05
3.3037012203798826e-05
2.3404669891036534e-05
2.4015632197029173e-05
1.9796228676672306e-05
0.000127323332783239
3.1141492846026074e-05
2.162411799396209e-05
1.944387551333991e-05
2.752717983111032e-05
9.257283668565086e-05
2.585601628991089e-05
2.5008191658240624e-05
3.2891253082475035e-05
2.5152423174326797e-05
0.0002633150176135774
5.137228234247645e-05
1.6643955279147828e-05
2.1050825141390785e-05
3.26848538915009e-05
4.558252031118959e-05
8.656211197306624e-05
3.2515727922748225e-05
1.8920857322154165e-05
1.9497024609498145e-05
0.0
2.1051050681402813e-05
0.0005293068210957292
3.256482978881407e-05
4.1533407075005496e-05
2.0947571584386407e-05
4.607454832145853e-05
2.995243124935303e-05
4.470073915270344e-05
3.6851414471208206e-05
2.5916684586602413e-05
2.4199559589842393e-05
3.4035135861369926e-05
2.5555647251405933e-05
2.5517523069328e-05
2.5221313582889325e-05
2.3676420940706064e-05
8.577324315314911e-05
2.3641737217454197e-05
4.761973209241879e-05
3.729090691294303e-05
0.00011316925208626712
4.842784818914976e-05
2.7836450099529106e-05
2.9786110769768126e-05
1.7546753484371076e-05
3.2215563587848254e-05
7.054594671773251e-05
2.4316593476248948e-05
6.256392181173934e-05
2.4364428324489774e-05
3.0273794688872768e-05
2.049601123151879e-05
0.0
2.370022615891736e-05
7.109075717603346e-05
2.6767251577914364e-05
6.778625582923675e-05
5.111323727929598e-05
2.5366297509736154e-05
2.7860900607512134e-05
2.5615092163525314e-05
0.00014466537277199896
2.3255424974504108e-05
2.6690609209386158e-05
2.2051459035869038e-05
3.14885048739388e-05
1.4627802522290185e-05
2.9604701273891553e-05
4.701971626503e-05
2.7937629852063653e-05
2.4152564611083193e-05
1.8313968773737337e-05
2.6258539844924238e-05
2.9752387911946267e-05
2.7541293632666965e-05
2.457785031224405e-05
2.6019802916936042e-05
3.0403744572597056e-05
2.0209518935636496e-05
7.687338524629612e-05
1.873760507513846e-05
2.9415271230679022e-05
2.873527298868038e-05
3.0125972598649886e-05
5.225317306566029e-05
2.175918929653341e-05
3.085464671092118e-05
1.912254093146595e-05
0.0001294680206254564
2.5412828491750363e-05
2.627378769689618e-05
1.9837523769280995e-05
2.0551269384984954e-05
2.2173660818228363e-05
8.091724709195028e-05
6.564441253099477e-05
2.606596328609311e-05
2.642032029311506e-05
2.5445275945082676e-05
2.2769865405253425e-05
4.269125931299687e-05
2.1812415680631186e-05
2.2764792956640255e-05
3.502069370776576e-05
2.1603561300815082e-05
2.7457997202835838e-05
0.00010290901046656734
1.9849264621286132e-05
2.1172377537186135e-05
2.335221203626445e-05
3.8651926002945736e-05
0.0001234827558489717
4.7531412822245006e-05
3.1376335236867284e-05
0.0
2.4759786852561902e-05
3.183322165188857e-05
8.802970005367442e-05
0.0001185397451696197
2.1985217655707128e-05
0.0005456564238351294
8.775358451946561e-05
1.9018860273456187e-05
4.450334156131306e-05
0.0
2.581668047046687e-05
3.2471960500195826e-05
2.2784691926401423e-05
0.00012310559996273526
0.00020196921224105817
2.4749390550962084e-05
2.0734947647709563e-05
1.3790555959356631e-05
8.48921633799605e-05
0.00014398785283356618
1.6153799429658006e-05
1.8457173619421784e-05
4.080731977476982e-05
2.701238939936963e-05
8.575500889124381e-05
2.5694825575369883e-05
1.9299790092405843e-05
2.1081199770345797e-05
0.00023915947328339386
1.4635434632166894e-05
3.0331230029662705e-05
4.624973651618268e-05
3.072479449547059e-05
2.97581196983407e-05
0.00010673827092889334
2.4305348602248524e-05
2.177744029763332e-05
2.813031150502522e-05
3.7999248697870294e-05
2.2175328977438434e-05
3.753521199564278e-05
0.00010071272966687307
0.00011205844740350874
2.8640748461115483e-05
7.323366925910195e-05
1.9821065402049077e-05
1.5987849436155883e-05
2.1795770575207667e-05
5.2964070987045604e-05
2.3428035078068752e-05
2.9628946533301738e-05
2.5790012768705908e-05
7.911122582417577e-05
0.00011497806963201273
4.022855335557801e-05
3.4390256404754966e-05
1.947156954972152e-05
1.9376776331791227e-05
9.904201416582553e-05
2.1728125367194886e-05
2.9268089483377964e-05
2.9866596111663336e-05
2.996109145064724e-05
2.4926999602830697e-05
3.08359758513789e-05
3.2114079935451885e-05
0.0002714226869006577
4.3694511806288816e-05
9.038075906496152e-05
4.4023873608989736e-05
2.6368360405572498e-05
3.4481720671047047e-05
2.397915101947427e-05
2.2486483968179637e-05
9.40809617706829e-05
2.1611709168490486e-05
4.570896227980518e-05
3.789669747687474e-05
2.5599371286715514e-05
4.698153516515457e-05
2.778266363536264e-05
2.1276646336405753e-05
4.0138535846822495e-05
0.00010291538090911302
3.995234001820506e-05
2.5319919409227434e-05
2.5869659125087297e-05
3.5909331850264774e-05
0.0
0.0
2.1078521013388273e-05
3.1554997860115206e-05
0.00011345645230379856
0.0
0.0
3.069447211117474e-05
3.7138157521963405e-05
2.303081021517951e-05
2.7848473980875187e-05
2.1328714843691663e-05
8.132792538697117e-05
3.564300189663256e-05
3.188737663760781e-05
8.087901650660783e-05
2.235052580611594e-05
8.939274743960323e-05
2.656598217884779e-05
9.558555983598757e-05
0.0
2.5340596823784036e-05
2.3645750011450032e-05
6.585644933217732e-05
4.577222161981132e-05
0.00015482033959324901
0.0
2.3320549132961122e-05
3.0989225190457974e-05
2.4221097566343246e-05
2.4669554649631718e-05
0.00010295175901114424
2.0287992911849617e-05
2.490005720895164e-05
0.0
4.618033623843826e-05
1.8720763366603806e-05
3.77439525548027e-05
8.834996434822078e-05
2.8253100300699894e-05
0.00022648558562379548
2.1744180318860318e-05
2.5615065337498905e-05
0.00017145658026745996
2.3162655112092245e-05
2.992878773166531e-05
2.2482855987779572e-05
0.0
1.930537954906134e-05
4.6698394866308493e-05
3.5527305080332986e-05
3.4279282211762106e-05
2.9071693394208448e-05
6.069177823223009e-05
2.5743578105716297e-05
3.183060170435737e-05
1.4785493336070607e-05
0.0
1.972278580287199e-05
2.584040849648598e-05
0.000263984999329426
2.7239822087837384e-05
0.0
4.5211987184287445e-05
2.9685983184989306e-05
4.817842379679279e-05
2.547742441760104e-05
3.4722279615950827e-05
9.719923146674216e-05
4.210404260852248e-05
3.329710360124585e-05
2.4153332471813044e-05
2.0184012860802926e-05
2.488893682202171e-05
1.9025387991598297e-05
0.00010741636644497648
2.0410017947794427e-05
2.5981445673428074e-05
2.2710820073876155e-05
0.00013245158188423224
3.269182709809796e-05
0.00038828473916226235
3.1532910517116316e-05
1.8701492244403193e-05
3.207421496539605e-05
2.5362298359793356e-05
3.5142885013431806e-05
5.8843774450093247e-05
2.99873755237442e-05
1.5919623632223287e-05
0.00016869685843155652
2.1100719516989935e-05
0.00010611605863256184
2.5473985862664584e-05
2.124111749111418e-05
5.135406727250016e-05
2.0325192164988172e-05
0.00017689643058315215
2.3472771837466026e-05
0.0001349395028504187
3.309591915137526e-05
2.6162155813557296e-05
2.9948412476522497e-05
5.6375133575024605e-05
5.044611245900473e-05
1.9076690032185598e-05
0.00031851824253726436
4.13538701513641e-05
2.8685351574640796e-05
3.787093645754549e-05
2.2477041095206382e-05
2.6489419239372832e-05
3.769987090429496e-05
2.6535880907091266e-05
0.00011749147102770929
5.138759765873322e-05
9.468474767115958e-05
2.4121421847474414e-05
1.9953019602949055e-05
2.3750061390681216e-05
1.757734548969725e-05
2.7809081428722703e-05
0.0
6.35721377507883e-05
2.7842111601519308e-05
1.923513043008807e-05
2.0109649263707898e-05
0.00012242499744559088
0.00010674389525988515
4.343943397160843e-05
0.0001888382168001356
2.991749596363664e-05
0.0005150680431266444
3.2080440016204284e-05
3.156088824376122e-05
2.1575623540130674e-05
2.776095114515936e-05
0.0001556183730490071
1.6444698551331563e-05
7.845160154869496e-05
5.098954915334735e-05
2.765762885620061e-05
1.2806850898904387e-05
2.6092316357593693e-05
0.0
4.339542206901981e-05
1.7552824265264327e-05
0.0
2.3984651320958036e-05
9.031858017723225e-05
2.312520323809914e-05
2.690761052878752e-05
3.1981635507046155e-05
2.907750666111286e-05
2.501828840145209e-05
2.681408923078064e-05
0.0
0.00010817996640560129
3.133639142148192e-05
1.8405323530495252e-05
3.354468390480866e-05
2.802702651397404e-05
4.032317052804667e-05
2.0611855778400712e-05
0.0
5.757997320555781e-05
2.1529404116740617e-05
2.38442993475554e-05
2.008651158502802e-05
5.2788773630027346e-05
0.00014588149947466277
2.9197494214694656e-05
2.4105711004969666e-05
2.584010441442608e-05
2.397790210537294e-05
1.8726056030220807e-05
0.00016103656338890105
2.1996669871889428e-05
0.000172213559163097
1.818674149551413e-05
0.00010675248688931943
2.3570045799380144e-05
5.6551738777318775e-05
3.6121455049617855e-05
2.7153734114758484e-05
2.854565003758682e-05
2.2595447291363768e-05
2.8645919904787985e-05
3.70272329110272e-05
3.3248992813144986e-05
0.00013104810055158367
0.0001810933664615439
1.793099667574818e-05
2.2048658145996357e-05
3.84302279385897e-05
1.9212780829580073e-05
0.0001184717508511905
3.4484488604687076e-05
0.00014272786591732552
5.35080931172887e-05
0.00013241985238545545
1.8266278888653413e-05
1.807300449906406e-05
8.622221357565638e-05
4.604030775707212e-05
2.708170536169649e-05
0.0005215969122162264
1.8216707977571052e-05
2.2504693398539748e-05
7.099444903923078e-05
2.342784715937599e-05
2.0675573029968773e-05
2.4959736929607688e-05
8.94932421664023e-05
0.0
3.052015259235979e-05
4.6763497080669e-05
7.399205896503532e-05
0.0001209391310559358
0.0
7.362442511049109e-05
2.160611461414994e-05
1.744626180409628e-05
3.3724952647177944e-05
2.5672071093187202e-05
2.999609012626509e-05
3.135066875510931e-05
2.1545175385428007e-05
7.157447270163379e-05
4.36256577400581e-05
4.436751184494839e-05
9.798249868379554e-05
1.6803017697324768e-05
0.0
6.123290136389033e-05
3.5755899874747864e-05
0.00013681123714220195
7.662449385208744e-05
2.0140528483569783e-05
5.2950104752141544e-05
2.6201752435704982e-05
0.0001036171548812365
2.5612055559392412e-05
1.937701955856563e-05
5.384482471883754e-05
0.00010441891662325827
0.0
3.781128121075606e-05
6.518108910014192e-05
1.9554784826642317e-05
2.51496540734394e-05
3.828768868569645e-05
0.00019933270054143097
2.9800605824601056e-05
3.109635796389955e-05
0.00020673896080888638
6.93150910325548e-05
2.6177011092221353e-05
9.264494580084865e-05
2.3523838606067385e-05
5.907962420125397e-05
3.136259072447631e-05
4.6791110131048276e-05
0.00010471491155623985
2.6120858940995435e-05
7.504514857046784e-05
2.8971302677846363e-05
1.792697296969193e-05
2.437969266532836e-05
3.115583511569461e-05
3.10158562347681e-05
4.288969774308623e-05
1.7667527948434992e-05
0.00015031425511227698
2.7606904237334772e-05
6.41824037655995e-05
0.00020906049004177236
1.3279447365713425e-05
2.319764030000908e-05
7.262651097889747e-05
2.1792960369965635e-05
3.08488684571428e-05
0.00012320990709852194
7.007784867478166e-05
2.41677459140402e-05
2.8102504323117477e-05
1.733648688373558e-05
2.0952678033308453e-05
3.307301773509898e-05
0.00011817429696415694
2.9869895428638604e-05
2.6632879365736368e-05
2.6727468146119265e-05
4.7485023212058744e-05
2.2085982138576256e-05
3.860525214353486e-05
2.211720134084459e-05
2.1619582899572706e-05
1.4803419174103031e-05
0.00011905400376744689
2.883339617835381e-05
3.434612866543235e-05
2.9056090735632723e-05
2.8440354339273508e-05
2.6810314074658437e-05
3.599142881403277e-05
2.409225999546144e-05
2.5564236353718818e-05
2.694820859714019e-05
3.177178572956029e-05
2.6556507916881772e-05
5.86295458416554e-05
2.5405287499892747e-05
2.3097468949832738e-05
8.011617867444829e-05
0.0002045747059810509
2.321778683916709e-05
3.3644228952306344e-05
4.140359833194942e-05
2.3279601366878615e-05
9.797635416394937e-05
6.687075129950065e-05
2.0284255370492972e-05
2.8064185320304866e-05
0.00012965515013479208
0.0
0.00010952496816418579
4.453783823688851e-05
3.068613205329089e-05
2.280115871837507e-05
5.56815534817693e-05
1.9690321629668688e-05
2.835591746678093e-05
7.830731882551577e-05
1.4184365117871035e-05
2.6788719872180134e-05
0.0001273068781332303
0.0
2.225257124429714e-05
1.652665939767342e-05
2.0305372470411193e-05
0.00016295405211876724
4.3007017416219586e-05
0.00010013150183981324
5.342131185111348e-05
2.7350479075762443e-05
2.9178467783814347e-05
2.0209642196872404e-05
2.3779869015365775e-05
1.825743691237098e-05
6.29886746200289e-05
0.0001396344971754987
0.00011534000835344294
2.96274755755265e-05
1.747324835100329e-05
0.00011002983178528769
6.972471897745506e-05
4.134595994374548e-05
3.954277930189459e-05
4.4998431367917743e-05
2.6289307424212963e-05
8.605042004964313e-05
1.753950466377732e-05
6.110545907819518e-05
2.2990922708525317e-05
2.1130029160463987e-05
0.00015776060734707254
2.9166417132356896e-05
2.3292421844335725e-05
2.648021270851984e-05
9.202649121616814e-05
2.443659858180996e-05
4.669443280504282e-05
2.965600304509533e-05
0.0001390339414839849
1.7462877942895344e-05
2.1213489375857144e-05
2.6771021264293635e-05
4.0265761968826896e-05
2.2165713403743014e-05
2.9935993756399338e-05
9.159205951743747e-05
2.1571767742591158e-05
1.511718664220229e-05
1.9352063702476847e-05
6.299850402731649e-05
5.800715210650653e-05
5.649019632013334e-05
0.00026638069644201385
2.619215466898218e-05
4.6456190490377016e-05
0.00010136577993704584
4.7726072772150485e-05
7.400420963862327e-05
3.012871942844215e-05
2.323971518672321e-05
2.9062602762868505e-05
2.7675410405506666e-05
0.00028669175069682805
5.4680270104423655e-05
3.034118424285863e-05
6.194214069875515e-05
3.0307730409719598e-05
2.2597705951044357e-05
9.556222202524382e-05
2.4551886728258785e-05
0.00011446438414818332
2.6682969085072334e-05
2.695184533717658e-05
2.6261590998093798e-05
3.48185889423176e-05
3.014642392205168e-05
0.0001774022211135902
2.2412166690353413e-05
2.8737172805303723e-05
2.6880098849224684e-05
2.661120915994724e-05
1.9982326460112557e-05
3.6293638581047795e-05
4.554204682238824e-05
3.610352975063208e-05
0.00010614432214970396
2.7318397934238267e-05
0.0
2.007062031015605e-05
6.491285614899086e-05
2.5880267597787793e-05
2.720856108161351e-05
2.4725912842753696e-05
2.161118599456398e-05
1.9876294800062312e-05
7.460830511699366e-05
2.8369003040703688e-05
1.9674239362695817e-05
0.00011070665604262445
8.64959296891274e-05
7.027206661037255e-05
0.0
0.00010548188792987286
3.890044761571136e-05
3.0006330387251073e-05
0.0
1.7622651965931283e-05
3.368519299931025e-05
2.1048457778521452e-05
0.00013397680538528289
8.778431398544138e-05
0.0
3.0349363563842667e-05
1.9759509068650598e-05
6.370964059638443e-05
5.8618377357826885e-05
0.0
2.164961892648436e-05
2.458955861862681e-05
4.8184671395993304e-05
2.1657840710086646e-05
2.8453524077842287e-05
3.9832433935312685e-05
1.70808279810986e-05
3.481370385095695e-05
2.274527513157671e-05
0.0018697766247390384
2.4448762454595046e-05
2.3143142121834255e-05
3.299859013539148e-05
0.00019292559952263568
2.2620383082899312e-05
0.00017329919744267437
1.9963353339687043e-05
3.9227767415902454e-05
3.4951597115832776e-05
1.5103894512225472e-05
2.473519319058892e-05
3.150449548840685e-05
2.3511667932037796e-05
3.55340674037476e-05
8.647274220849498e-05
2.7597734918701894e-05
0.00010977320328288805
1.9080940886642625e-05
2.2813284653116287e-05
3.3322248633700776e-05
3.3595836211633316e-05
1.4570470712542216e-05
2.3760459609445615e-05
4.2299704751560084e-05
8.222037605449223e-05
2.454860530943418e-05
1.9469542108541928e-05
0.0001379693900309641
2.3847585316331858e-05
2.6408788066787295e-05
0.00010471697340208262
2.2186788039371097e-05
4.549392750005183e-05
1.9940961196611083e-05
2.258291311092033e-05
8.214117604491888e-05
2.1174175536358724e-05
2.3862437938920354e-05
0.0
3.2642771761803644e-05
3.0961507468269626e-05
2.2109281875505218e-05
2.463774570579051e-05
2.651100855653093e-05
1.702644946971656e-05
4.726992059080076e-05
5.342884226091362e-05
0.00012341064329809758
3.141867793289188e-05
2.5435387234937217e-05
1.5134648702120738e-05
0.00020006575541409085
3.483317771669156e-05
0.00010727586280825235
2.3969968949295203e-05
8.89064406945752e-05
7.697566492795496e-05
0.00014777447330680945
2.0308546184319793e-05
3.756215817946346e-05
5.628436016546439e-05
2.4451053023076083e-05
3.674600258921631e-05
2.6715130394753583e-05
0.00013969825766222256
3.3359072994814915e-05
4.183160727232151e-05
2.7323910858237033e-05
1.864916458976781e-05
2.1427524461298084e-05
7.612805530088586e-05
2.5601390869636277e-05
0.00011197486158612925
4.331442451354894e-05
1.9423608603667466e-05
3.215250066360942e-05
3.121383017181306e-05
3.623717972233681e-05
3.369073215494019e-05
2.0816819235644175e-05
2.8477487343973545e-05
3.062792928844799e-05
2.388115515041088e-05
0.0001300234746214996
1.9474699852061496e-05
8.630251358458271e-05
4.787829150855301e-05
1.913318680951987e-05
2.597928788388157e-05
3.062415573443449e-05
2.8497163304215357e-05
2.4404592005730715e-05
2.0226841698283783e-05
2.5016723841949747e-05
2.7831278083236744e-05
2.3490845063371832e-05
3.3461256343898986e-05
8.895263449213219e-05
3.3562877363441855e-05
2.63782083243012e-05
2.3494407561996558e-05
2.1964879673336942e-05
2.1389668765254337e-05
2.9764581362174426e-05
0.00011972986423147598
8.48799948386588e-05
2.7590320977521338e-05
4.4933391578570274e-05
2.2816942020022232e-05
2.347717866147522e-05
9.863693540163726e-05
6.94570165261943e-05
0.00010788591321274285
2.6682511084473435e-05
8.771753857637122e-05
2.4173117023445022e-05
1.779454106872913e-05
2.4595963285304134e-05
2.33473190080018e-05
6.034174050957854e-05
0.00012566734398244717
3.200135730053596e-05
3.2133405423913244e-05
0.00013961531369852554
9.292637120370063e-05
0.00023427430653579653
3.2489748219642765e-05
2.212633363046142e-05
3.0693770532108014e-05
2.3461337661050963e-05
2.4159052673588924e-05
3.651775702210734e-05
1.947143598198166e-05
3.0542105263307057e-05
3.497630173051473e-05
2.3404416930128624e-05
2.5580508500064717e-05
2.439810671019232e-05
2.098764338363236e-05
2.7917732365315945e-05
2.6738141188736945e-05
1.683704791172208e-05
2.2435113550558856e-05
9.497103902896868e-05
2.473284527834083e-05
2.5876548520877283e-05
2.694926184320864e-05
0.00010539953949536015
5.107260461667859e-05
2.7979438208314657e-05
2.2795598280763928e-05
1.8335623424315697e-05
2.7351276649487637e-05
8.273433704432009e-05
3.004165089828126e-05
2.2751937491963413e-05
2.0425373214900748e-05
3.1614401893555225e-05
2.0408940393422013e-05
0.00021278465190326088
2.280036421049937e-05
2.7636887479011132e-05
2.3715795979557002e-05
0.0
3.0190178620079242e-05
2.8366046172004536e-05
4.01481979310102e-05
0.0
3.217071667082708e-05
6.996585120319995e-05
6.935422724637535e-05
1.9760454153345726e-05
2.6792110710713736e-05
3.173580634371414e-05
7.519753478136328e-05
0.00012990419819015143
2.9412466509528197e-05
2.732626168922846e-05
9.441580919454802e-05
2.283845859201718e-05
1.870833947575318e-05
7.887269345448628e-05
2.453389796333481e-05
1.4697194025791048e-05
9.871108362221619e-05
2.7006622834548237e-05
8.119775586343212e-05
3.881124465250371e-05
9.269511592330582e-05
0.0002358109896564662
1.791202904088924e-05
7.83740558507831e-05
4.236688290293244e-05
2.0882013996060673e-05
2.0589675495572667e-05
2.552020260118018e-05
2.795204081043889e-05
0.0001755098385976688
2.2342997431168818e-05
2.7756880289142625e-05
2.8361935416488796e-05
3.225723554864951e-05
2.900507096992433e-05
7.788215557057484e-05
2.3246767820936945e-05
0.0
3.5593824824311306e-05
0.0002001731393522541
3.528980526104618e-05
8.48083312286533e-05
2.5670853589492573e-05
3.310113562894187e-05
2.912894039821064e-05
2.4053197399349167e-05
1.5668946696440594e-05
2.2178074783823594e-05
2.038455978128735e-05
8.621678653514419e-05
3.707893017263597e-05
2.232462017718946e-05
2.4156117073374623e-05
0.0001298935822632574
9.798947228728498e-05
0.00014538434656319565
2.689327076913925e-05
3.519468694981973e-05
2.615685389090656e-05
5.08547306175807e-05
6.645016280102861e-05
2.542524687506386e-05
2.460134026864279e-05
2.028760032355814e-05
2.8282336390285047e-05
0.00022334519310302504
3.2847943091879214e-05
2.686816118630854e-05
2.237272144285626e-05
6.035778292242833e-05
1.6538847146794632e-05
1.9280971694660564e-05
2.2213670183663853e-05
2.5075691575121954e-05
0.00023189640797252633
0.0
0.0001881662949278035
5.142224738790827e-05
2.9035400677527353e-05
0.0
3.874806249022303e-05
0.00012013558414362959
3.4016495594411e-05
2.645608353671946e-05
4.017389474505144e-05
1.9456070316673116e-05
0.00013035039302654105
4.4956235547448606e-05
3.771606000229657e-05
2.899721436895315e-05
9.067857389339409e-05
5.0177465046357574e-05
6.10832973273137e-05
2.1785499680007778e-05
