0.000460152180612375
0.0
0.0
1.9164539976049627e-05
2.895127315888713e-05
2.702149733239168e-05
0.0
2.3794112583625432e-05
2.5926184058723858e-05
7.494630470549491e-05
7.55114101858018e-05
0.00010740669963593763
0.0
4.6202442501029426e-05
4.5256725745917574e-05
2.4907681706358576e-05
0.0
1.751845402434311e-05
0.0
3.254388114755795e-05
0.0
8.958314067225476e-05
7.185059127497618e-05
2.9327857939457937e-05
0.0
0.0
6.0555724476367426e-05
7.737874000199053e-05
4.2618172632541126e-05
0.0
2.4002565170343486e-05
4.8232573218778394e-05
2.981759448598153e-05
2.987905403348552e-05
2.8520654028503513e-05
4.561773412731521e-05
1.8322129940482004e-05
6.491625756972209e-05
2.7376887492940405e-05
2.0788563437617578e-05
2.1269539102376986e-05
0.0
0.00012405805713243225
7.808652602689419e-05
2.436191958395493e-05
3.539113286266205e-05
0.0
2.6722943601173173e-05
5.0695490471156265e-05
2.4881283885018372e-05
3.09926140487411e-05
2.6296035622115186e-05
1.725878265195522e-05
3.127399440055217e-05
5.4366829877874984e-05
2.0884724584036467e-05
5.89062893242019e-05
2.2115318491519878e-05
0.0
0.0
2.0254778746982606e-05
2.7967232024159016e-05
2.534713854987593e-05
0.00016165962880411967
2.2812019423687306e-05
3.932902585144484e-05
0.0
2.6414653018358688e-05
0.0
0.0002252979016994959
2.5809227040571002e-05
7.92606219228671e-05
5.3879416690659696e-05
0.0
3.070722020331763e-05
5.8802054525051483e-05
0.00013588381042767877
0.00028206967937061887
1.9358710866379233e-05
0.00011422192440246578
0.0
5.907473504118688e-05
0.0
1.5823019864430322e-05
3.330091950533074e-05
0.0
2.944899852818937e-05
3.0292244819335778e-05
3.843172348797691e-05
0.00032809628705697086
9.360236279882622e-05
0.0
0.00011916787491960818
0.0
0.00010938850534177795
0.0
2.3331986695020367e-05
6.00223321785351e-05
0.0
2.4164729932797654e-05
5.1573638192574215e-05
3.637991452586199e-05
2.3149769071211383e-05
3.1618746454823443e-05
7.699715616227461e-05
0.0
0.00011755182041451876
0.0
2.0668401853053874e-05
0.0
0.0
0.0
0.0
0.00012354175272094863
0.0
2.007787987765411e-05
3.465361222085624e-05
8.615140895949991e-05
2.62207200842047e-05
2.7380230677456786e-05
0.0
1.910391878863828e-05
4.1479662517670215e-05
0.0012858546489177146
2.1049274375197585e-05
2.888834837491801e-05
5.736850562921657e-05
2.5511316147477338e-05
0.0001835989749221473
0.0
3.328760483875076e-05
3.452452854997498e-05
0.0
4.108612589070191e-05
3.822821813308667e-05
2.2782855536135662e-05
2.1157923393060126e-05
0.0
3.461125002905442e-05
2.429105815667189e-05
0.00020023662559077275
0.0
2.8495263382740518e-05
0.0
2.5768958453836735e-05
3.511740238246859e-05
0.0
0.00013232204025836564
7.400366028544357e-05
9.237423914541721e-05
0.00020169395374652823
7.56597776218492e-05
2.2341168551235504e-05
0.00010934474705388971
9.557314079438918e-05
2.473010704780618e-05
2.6715493684664307e-05
5.693307421977165e-05
0.0
2.0680986559270372e-05
2.6901656277273708e-05
0.0
5.4845262509943356e-05
8.90950761656077e-05
2.3029784652209603e-05
0.0
0.0
2.284395750602974e-05
3.375394154641663e-05
2.7237828993878653e-05
6.776982749797488e-05
5.879521901722697e-05
3.0471727318494328e-05
6.985419237234631e-05
1.92959790203511e-05
2.506906148754208e-05
2.7066033187547692e-05
7.08152816280823e-05
0.00012947427247756913
0.0
2.8166512846097675e-05
2.4912764379722547e-05
1.62617109886432e-05
0.0001262654137598077
0.0
2.4852469396203576e-05
6.606605929905956e-05
5.819536712469971e-05
0.0
0.0006350938515623597
8.390438534126197e-05
0.0002319498972586759
0.0018563195287685272
0.0
2.196144058611097e-05
3.895848025371089e-05
2.777015302531501e-05
3.9387438611087995e-05
7.229252783663573e-05
2.8015028102166063e-05
8.974685675606093e-05
7.332890508047544e-05
6.787057452364521e-05
1.8750093439757557e-05
0.0
5.215902487489806e-05
2.8940804452976025e-05
7.521045314978004e-05
1.9689356589664237e-05
0.003858195041526414
1.8479756204244165e-05
2.661884732427028e-05
4.408024061553789e-05
4.831704947833174e-05
2.110368631185924e-05
2.2666282867025748e-05
0.00024936960322291703
2.5509690465859156e-05
0.0001189954142380376
0.0
5.692945719077844e-05
8.875792669618506e-05
2.7930196103264004e-05
0.0
2.4364073003333717e-05
0.0037475321147536766
2.5169872231188093e-05
2.333931944270177e-05
0.0
5.079465340174048e-05
0.00014604901203695453
4.247439241405618e-05
3.167358343495399e-05
0.0
1.5333575859434963e-05
0.0
4.538196073639091e-05
1.9898817829551505e-05
7.66059641743868e-05
0.00041311585782858234
2.0471828053748902e-05
2.7496394153529025e-05
3.337112538801264e-05
0.0
0.00010208453653030291
2.6597603050380265e-05
0.00014443750843122198
2.0078746541770517e-05
2.210583147002794e-05
0.0
0.0
3.245913365991246e-05
2.8755309816256144e-05
0.0
2.4946365667931178e-05
2.954633411904861e-05
2.5662499540337084e-05
9.007352130350166e-05
2.5019132739791607e-05
1.842449583572221e-05
1.8212148699518286e-05
0.0014763162979721178
2.264330692112662e-05
0.0
9.599801077837599e-05
2.3293309319260905e-05
3.01622201432274e-05
2.7426744902304378e-05
6.317318545272551e-05
4.8279960604165185e-05
2.5539464022431774e-05
1.6814635547018874e-05
0.0
2.8660581354725932e-05
0.00013620814818915427
0.0
4.094741770364375e-05
2.218064471574827e-05
0.0
0.0003674919217780112
7.80797596117463e-05
2.861281178035814e-05
0.0
0.0
0.0
5.4382379367781955e-05
5.496952238677065e-05
0.0
0.00018635300793050735
2.8813266016667804e-05
2.5199570494166112e-05
2.1095343157196795e-05
2.4681167356475676e-05
3.4842408912879065e-05
2.305758831621822e-05
2.2583886289995205e-05
2.1613701489547786e-05
2.5103065978695326e-05
1.8782442458823e-05
7.652365045765678e-05
0.0
0.0
6.972943879370071e-05
0.00014286932597572718
0.0
2.1937234109999314e-05
3.063626784629999e-05
9.642926987340115e-05
2.071464649764823e-05
0.0
0.0
2.143941819332516e-05
0.00025404429525331386
0.0001642178635091063
8.134300928307443e-05
9.629771460866332e-05
2.6872021754376664e-05
2.5509630470536156e-05
1.525003618758755e-05
0.00044270341766116663
3.847701100542377e-05
0.0001415414192422934
2.524651575959882e-05
1.9611093537625137e-05
0.0
6.701114903704682e-05
0.0
0.0
3.5226697654234355e-05
0.00010457548398010676
3.669143941675451e-05
3.8744536901285414e-05
0.00029845703217975064
6.420467482418558e-05
3.0540964499482006e-05
0.00010355003743630806
0.0
0.0
2.127192564670558e-05
6.623566388836615e-05
2.4296204143031915e-05
8.593436581248868e-05
4.725383081389534e-05
0.0
7.914167680927312e-05
1.932985443983263e-05
2.708553724570811e-05
0.0
5.8494494896625775e-05
0.0006468777303920148
8.424991290363874e-05
0.0005327761674860577
0.0
2.338716858817526e-05
5.071422728112243e-05
0.0
0.0
3.050613065623705e-05
0.00010038171977270754
0.00022416953592257626
2.3222205147550913e-05
2.236590508996398e-05
2.6165983149533553e-05
2.089118742303756e-05
2.736556719355397e-05
3.182960815374251e-05
2.2850398365074143e-05
1.8467991433425582e-05
5.913278555614917e-05
0.0
4.9310080558755556e-05
2.3831146567164634e-05
5.970420181720927e-05
7.521915977895591e-05
0.0
3.8489008908572444e-05
2.2487756047699273e-05
0.0
0.0
0.0
7.796073291262482e-05
7.984352736538632e-05
4.162939058831716e-05
2.5262541641370877e-05
2.423365572390379e-05
2.2915634652039628e-05
0.0
1.5221776183260249e-05
1.8648964221267153e-05
2.067773846895936e-05
2.683793770042569e-05
2.0276017245205633e-05
2.869290714005044e-05
0.0
0.0001428180472445127
0.00010586831091726289
0.0
2.993576866803372e-05
7.811768501629545e-05
2.8611245488610957e-05
0.0
0.0
0.00010733534126630595
8.076863502652069e-05
0.00028226303707030927
0.0
2.4214992527145404e-05
2.1796734312441195e-05
2.221352116748003e-05
0.00013104270114309662
2.3392507192655878e-05
3.10444800050428e-05
0.0008104517646194661
2.3379561436481162e-05
2.1672623177654925e-05
7.971498719916881e-05
2.8629415564557805e-05
0.0
0.0
0.0
8.111243325267606e-05
1.9373462337235746e-05
2.207932198286467e-05
3.818420843653675e-05
2.387428201338907e-05
0.0
7.936825749340735e-05
0.0
3.1419542595731216e-05
2.17771964530971e-05
3.626795762740195e-05
0.00011629965483040411
0.00010961781280636337
3.791997515147359e-05
2.226966162503171e-05
0.0001164592815010945
2.5032141658801314e-05
0.00011643141370613058
6.243494731041519e-05
0.0
5.834263293968699e-05
2.6515703931877963e-05
0.00014167091550622722
0.0
9.988108517949092e-05
3.0301957835017925e-05
2.5224535896343595e-05
4.507145943714342e-05
5.95307651592788e-05
3.0200079387619226e-05
5.867430548583089e-05
0.00011126672415358019
0.00018508548800428348
6.909880851547044e-05
6.207490155008714e-05
2.431571043987851e-05
3.5371855272978617e-05
2.8361282391902446e-05
2.360135146267494e-05
0.000206867762963547
2.345624370003169e-05
5.884697025935292e-05
2.538207100790438e-05
2.6543239444044914e-05
6.1647476589536e-05
0.0001162207470589676
4.5700214432775484e-05
2.2018857801874933e-05
4.017994871712502e-05
4.1274364333899596e-05
0.0001612288742147958
7.888349721543306e-05
7.742343813237158e-05
0.00018979029048822244
9.21945589681567e-05
1.8025341700217618e-05
0.00017008150860856543
2.726918735384255e-05
1.816663285374396e-05
0.0
0.00011702615522846611
6.63582000972615e-05
2.3927275819074018e-05
0.0
7.829954916794761e-05
2.9172795934957216e-05
1.9342442101419844e-05
0.0012128983186536818
1.779143863165316e-05
0.00011207115621771858
7.069488326230594e-05
3.07123305828194e-05
7.433930721241311e-05
7.399570410600705e-05
6.722326472990915e-05
2.7744895684830094e-05
0.0
0.0
0.00011929433506313727
0.0
0.0
2.397457730186904e-05
3.598199223153849e-05
0.0
0.00013550954658253088
0.0
2.5791238704616492e-05
9.71011420151807e-05
0.0
1.8985652678531855e-05
2.8847164876800977e-05
0.0
9.271090120417457e-05
0.0
1.691335355987683e-05
0.0
1.9737979781086268e-05
0.0
0.0002038712892065356
3.49274946466227e-05
3.1289482315914914e-05
3.1701117132780966e-05
2.8454331244022116e-05
3.767394566678686e-05
6.421151620336091e-05
0.0001036029789018599
3.6761665195073865e-05
0.0
7.165553115474672e-05
0.00012534023630482932
1.6934021573938417e-05
0.0
0.0
2.012442894837399e-05
0.0
0.0
5.605576272327092e-05
1.9082590622074422e-05
7.445895522371034e-05
0.0001825383012117102
6.099237599799161e-05
8.778765363888955e-05
4.2679225630152903e-05
0.0
2.014163611186499e-05
0.00011744105693342372
2.4060786810995202e-05
2.1122103150023972e-05
0.0
0.0
0.0
0.00012213840450001873
0.0
2.197707227755266e-05
0.00010786912132368576
0.00010481458369587899
2.1806382542270817e-05
8.627171332360982e-05
0.0
6.246389228142903e-05
2.4898651582161745e-05
8.907323203116641e-05
0.00018979507274284957
1.802446771251286e-05
0.0002396073990471623
2.2938449133291017e-05
0.00012543812960282084
0.0
3.79613547068641e-05
0.00011925053631923644
6.789303594479289e-05
9.110778721977409e-05
1.9867444441059603e-05
0.0016364957108728365
8.955258092268036e-05
3.343815019210878e-05
1.9151748886553763e-05
0.0
0.0
2.9654073011032273e-05
2.367007371384904e-05
0.00026962378524641843
8.86385598510208e-05
2.0908747725597365e-05
4.5952118673654755e-05
2.8353864153856536e-05
2.6248963415486616e-05
0.0
3.392898410042306e-05
0.00014422334895349231
0.0
1.9203378398857545e-05
0.0
0.0001615283497783039
2.8796403542886285e-05
1.9548995239982996e-05
2.189589495529994e-05
2.633321065767754e-05
2.142384756041716e-05
2.0906631183243248e-05
5.1312303886499676e-05
0.0
0.0
0.0
2.314478646620732e-05
1.6474783442344343e-05
1.771645432751762e-05
2.7427676319911702e-05
2.1798664733720427e-05
2.671378543597855e-05
1.7445594888598173e-05
0.0
0.0
2.413171138024915e-05
2.809593036754487e-05
0.0
1.923691052222377e-05
9.260484157102027e-05
2.0990810057111074e-05
0.00016184662914880605
2.051825670239275e-05
2.1696962405431482e-05
0.0
2.414420982984537e-05
0.0
2.5459799229140675e-05
0.0
0.0002808309661264887
2.9273796928096995e-05
2.5272865526064297e-05
2.714141425040328e-05
8.421406985117892e-05
0.0
7.331353813652023e-05
1.623743564838512e-05
2.2456616094255382e-05
1.8638108987526855e-05
2.861904782895481e-05
0.0
0.000273491239490218
0.0
2.811930430679509e-05
2.3005314452173384e-05
2.3700593449947455e-05
3.578608799796687e-05
5.783548506627834e-05
7.97673863366434e-05
3.544700648388807e-05
0.0005103179625581206
0.0
0.0
2.1722919330954326e-05
0.0
1.904974454086078e-05
3.2640247729830694e-05
0.0
0.00040291715304757123
0.0001710249899190426
0.0
2.6284209944500364e-05
1.6912373134627136e-05
2.457805496165746e-05
2.0790400293584286e-05
4.3139453587334815e-05
3.310110951417215e-05
1.750908479420989e-05
0.0
2.7776144283946264e-05
0.00013280517324939608
2.4175848554246798e-05
0.0
8.419687589557157e-05
6.622701248488963e-05
6.203647878302011e-05
1.8149727012628052e-05
0.00021311659498702147
3.351215490328069e-05
4.033688639924717e-05
5.197357877400197e-05
0.0
4.634794841472784e-05
0.0004541271204540427
7.412561483946856e-05
5.461954917201246e-05
0.0001838163423661633
0.0
0.0
0.0
2.406959951165984e-05
0.0
6.681084190634677e-05
0.0
2.3697075351200763e-05
2.5775496113752994e-05
0.0001249812709220771
3.842218565519274e-05
2.3745904780095908e-05
4.526505996819408e-05
2.1808473211975534e-05
0.0
0.0
0.00018575222729435293
2.0794214081096774e-05
0.0
0.008507488124336953
6.427306154175059e-05
2.5129398906736252e-05
0.0
2.0313762769310096e-05
7.640678790466763e-05
5.95231034311897e-05
0.00012228994521559897
0.0
2.3167350603192956e-05
1.8456016010008976e-05
9.957110572619668e-05
3.1512743194414754e-05
0.0
0.00013234569463502902
0.0
2.641534476014278e-05
2.11965172129225e-05
0.0
0.0
4.1774242263949695e-05
0.00010534038982127519
9.615383994730382e-05
0.00014514822945781687
0.0
1.7720921675915147e-05
5.516662210908975e-05
0.00017278592516521826
0.0
8.788578282511151e-05
0.00022573513714813589
2.286500628685463e-05
3.097363329139906e-05
4.894841402435869e-05
2.1991590422449945e-05
2.747049424689134e-05
2.4917543512411393e-05
0.0
2.9773425492667143e-05
4.2157558246393214e-05
7.742649145804527e-05
0.0
0.00014486104871234168
2.8876097966052763e-05
3.716972280978412e-05
1.9413480286025796e-05
3.486590184541983e-05
2.77677534491612e-05
0.00010630627130287056
0.0
2.620815393065946e-05
9.035538564827979e-05
0.0001962872505670208
9.821368943535111e-05
7.511659385845063e-05
0.0
2.059599411927209e-05
6.362449383552756e-05
2.237930304456288e-05
2.8770400228052496e-05
2.5552668790474036e-05
2.4810259996846773e-05
0.00010154566431764722
2.5002656964248565e-05
2.38340808542668e-05
5.891955421605219e-05
2.246316960548898e-05
0.0
0.0
0.00029485679639299834
2.6792516036593167e-05
0.00011659637660013934
0.0002465170265030527
3.4657851591542486e-05
3.368797476368009e-05
0.00013214432703721862
3.3934045419572404e-05
2.60856638887299e-05
2.350598257007317e-05
0.0
2.5680143975966492e-05
5.863281365079707e-05
2.7225242150519205e-05
2.1133828809433078e-05
2.486745083532116e-05
8.555344760379439e-05
2.5405892067631388e-05
0.00011570611886201517
0.0
0.0
7.61391915558382e-05
0.0
0.0
2.586823439280396e-05
0.00010062884352147679
0.0003931655021064861
0.0
0.0
3.0136073991413573e-05
0.0005287424371965185
0.0
0.0
0.000304950707815107
0.0
9.643956217620143e-05
0.0
2.3047203103990553e-05
3.222611355218447e-05
7.526071752353517e-05
2.9038751475728906e-05
0.0
7.149084793325431e-05
0.00016522525081619932
0.0
9.214123816598528e-05
1.8866243764965992e-05
6.942882497813551e-05
7.354165960944277e-05
2.422039494657029e-05
0.0
3.954727957828066e-05
0.0
5.87874950290819e-05
1.74734450592876e-05
0.0
0.0
0.0
0.005152235651495841
2.4560573711532886e-05
0.0
0.0002061580014839751
3.236671252646303e-05
2.074670137705651e-05
2.525214468864835e-05
2.9376853987945197e-05
7.016993704237476e-05
6.902291305649152e-05
7.680421243744785e-05
6.29018575443559e-05
0.00016442130489779664
0.0
2.719247760788941e-05
0.00012955797884340792
2.0383386778631656e-05
3.1162968455089734e-05
2.5636824743088653e-05
1.6425609015985662e-05
2.551964951750452e-05
4.652514746710464e-05
1.92003093338854e-05
2.534418725538555e-05
0.0
3.210856074616176e-05
0.0
9.354510004073236e-05
2.1044547473312318e-05
1.9765072322075088e-05
0.0
0.0007845970204104938
3.1558643492368696e-05
0.0
3.713089218251366e-05
2.63564960035906e-05
0.0
0.00010095666016621111
7.790090143786318e-05
2.5078992535541548e-05
0.0
0.00012293002640329122
0.00017164107747323724
2.8646815652613887e-05
0.0
3.240256833856084e-05
0.00017200917498019308
0.0
2.6376872864657746e-05
0.0
9.896701246021415e-05
1.8733393807510946e-05
2.2096056516704263e-05
0.0
0.0
5.8384540836311203e-05
2.719189003887291e-05
4.364829507275614e-05
0.00010787304505912466
3.5551061787914356e-05
2.8388185066621773e-05
2.2411155155146973e-05
2.441067812111326e-05
2.2238180489063097e-05
2.7673810915526098e-05
4.827127410262532e-05
0.0
2.3955553713558986e-05
0.0
0.00036016861607648097
0.0
0.00021017625749405455
7.462389614342897e-05
0.0014571873673104299
2.079841528330647e-05
0.0001030814457532549
0.0
2.213330542579419e-05
2.4530813296721745e-05
0.0
0.0
0.0
0.0
8.498622619834013e-05
0.0
0.00012709143631761243
7.355851256773084e-05
0.00131342749637109
3.9969339371134246e-05
2.171707940228949e-05
2.52164367454897e-05
6.0202436523100514e-05
0.0003701940030961405
0.0002672835663851511
3.146575489547678e-05
2.0288181594140322e-05
1.4460623589032324e-05
0.0
2.692545014406756e-05
6.533869070576362e-05
0.0
0.0
3.883735271781852e-05
6.334332158914577e-05
6.127399232247602e-05
1.8389330135250696e-05
0.0008786505929836485
5.413257922738737e-05
2.513972183732033e-05
0.0
1.689890435385571e-05
5.286873980136933e-05
2.323393612318365e-05
2.9782917503137044e-05
1.9143466772536753e-05
2.6139383567960388e-05
0.00012491597493871593
1.6338720615712794e-05
1.8757446420318098e-05
0.00027491748143333375
2.3112974083749843e-05
5.481385907982484e-05
0.0002721238095252931
0.0
0.0005605609724280045
2.9940252648100887e-05
0.0
4.323685889356851e-05
2.5059415635844832e-05
4.691737856952342e-05
2.0154698930277658e-05
3.489047623230366e-05
2.082806078997048e-05
0.00010932928470490429
2.154364784001614e-05
1.929531454997224e-05
2.4576134924118908e-05
2.28010413473655e-05
0.0
2.6969862817214237e-05
2.868513025160833e-05
3.346348763039261e-05
2.5113051935086065e-05
2.2077761878225573e-05
0.000886352144358028
5.841855285682242e-05
0.0
2.1521566362746797e-05
0.0
0.0
5.277017317065253e-05
7.337572260774723e-05
2.0280232677065168e-05
0.0
4.70358673222113e-05
0.0
5.826061485903776e-05
1.892294682014531e-05
2.766177474457039e-05
0.0001193717346554989
0.00016235133785894737
5.317880481337463e-05
2.69299537693998e-05
0.00021624210710638212
2.700738494861455e-05
2.0940836578568155e-05
0.0
0.0
1.8532767352818618e-05
