2.0360685678721397e-05
2.983722592139545e-05
2.620957304570148e-05
1.870217462496066e-05
2.5712883382230176e-05
0.00010299507312123742
0.00016618559296656992
8.613953582374983e-05
3.012267106626807e-05
6.108088539563316e-05
4.9111168702903926e-05
2.261961769793603e-05
0.0003283287786311103
2.887604981499783e-05
2.7117521808962015e-05
8.723381081420801e-05
8.572606432708481e-05
3.337006786160796e-05
5.303219779728438e-05
0.00011253366329193948
2.9559586636697498e-05
1.8071741301114664e-05
2.5225003304948624e-05
1.652631163596107e-05
2.5994925761693073e-05
0.00010637930154487135
0.000172083149686122
2.599861085928554e-05
2.8358926934973343e-05
2.819140458799856e-05
2.7032379067931996e-05
2.425415421985261e-05
9.481186531027304e-05
0.0002248957293958907
2.1590578664222627e-05
0.0002762407375553931
2.3854419902387413e-05
2.3135701715570783e-05
2.6431801701211776e-05
2.7470847546011573e-05
2.1764697316860447e-05
1.8037979912974366e-05
1.703502223243983e-05
0.00015806277193035492
9.297858494957566e-05
2.4401874461720895e-05
3.2902599684301726e-05
9.391168862397731e-05
0.0
3.2085376964268586e-05
3.216736407480176e-05
2.3322471186870593e-05
2.84924452065831e-05
2.3265286565115535e-05
2.419743956489987e-05
3.708102670436141e-05
0.00011297059420609616
5.463265447515064e-05
0.0
0.00016486715611644745
2.4878764302845823e-05
4.6319724843032026e-05
3.233596721141376e-05
2.678804531953766e-05
9.783978837796936e-05
1.7249128942034818e-05
0.0003339498682379459
0.00014725356322838233
2.520998913680921e-05
2.4184460615814392e-05
2.6846287164803435e-05
0.0
2.486029669625513e-05
3.77270626514514e-05
2.307656422690097e-05
0.0
6.43512995585413e-05
1.7769958537041138e-05
0.0006534784293159725
9.734444422681756e-05
3.8536141953843406e-05
0.0
9.353169681736823e-05
1.8421205465566773e-05
8.373188448812123e-05
3.74923067837642e-05
1.869932655126895e-05
5.816515231515153e-05
7.225205083821225e-05
2.269993370654987e-05
2.00606558062968e-05
2.258937183644625e-05
6.111586337621804e-05
2.6829742059967073e-05
4.922140474547333e-05
2.4215070824065757e-05
4.1977701503507466e-05
4.59549207247074e-05
6.530501097598568e-05
0.00014701832042422828
8.760762345019481e-05
5.6792014378385494e-05
8.645978408114264e-05
2.5009456867038562e-05
4.197926525651045e-05
2.601048412562339e-05
3.849130697422283e-05
3.504041976172172e-05
1.994532480987184e-05
5.733012461900478e-05
4.0380373885937215e-05
3.7949920173946e-05
7.98805019034914e-05
4.7874845726815676e-05
1.907452269629953e-05
3.097943491604602e-05
2.33483845362162e-05
2.100275844231182e-05
0.00015531168927615825
2.559080697317569e-05
2.1148849755659794e-05
0.0001089893104406601
8.267160801561849e-05
1.543079277175029e-05
2.602010333788492e-05
0.00019967683473600103
1.7363922725192823e-05
2.5273799880302002e-05
8.8275684062748e-05
4.493626239966011e-05
2.291301316179915e-05
0.0005375649484192335
2.6700261151053875e-05
0.0
7.513509448471837e-05
3.053662506347851e-05
0.0
5.100855512681284e-05
0.00015601773829662435
4.5218217803467935e-05
1.9277358434665776e-05
1.860762089078291e-05
7.435354189868696e-05
2.9789569210386103e-05
1.982689174862956e-05
1.965767889011028e-05
2.266833328805911e-05
6.0228027984796894e-05
0.0
9.814294795376859e-05
2.3433818835168257e-05
2.9432721353989693e-05
2.42493685420222e-05
0.00010073160657328977
0.00010603529914800992
2.4769793526956112e-05
7.201073352006916e-05
4.745409985623653e-05
2.1131470142979585e-05
3.241833423819307e-05
2.106593218061039e-05
2.2764457270619188e-05
1.9679578768739378e-05
2.2995687105832744e-05
7.560726571056185e-05
1.9944528218412096e-05
2.295538417220146e-05
4.161391077390954e-05
2.6941631345681963e-05
0.0010088479493266709
2.502821564966346e-05
3.0093462295068683e-05
2.2559853809607043e-05
2.6548120782634275e-05
2.6169703417472446e-05
0.00017413847592966886
2.3737305220316764e-05
2.5239146177840903e-05
7.315623453818621e-05
5.6872471998856395e-05
5.7915490680450634e-05
8.789328262517169e-05
2.9526563545839302e-05
6.847521793019732e-05
1.816802913357595e-05
5.3210439413488676e-05
0.00012624255069872654
3.414418725600896e-05
2.522705447435803e-05
0.0001776244855428703
2.7788516729036718e-05
2.909340508572335e-05
2.5721143416709233e-05
1.846090932639491e-05
3.7162050244787464e-05
1.8047997531013736e-05
1.996270475491917e-05
2.3116442736428675e-05
2.312651918946782e-05
5.126550221137238e-05
1.735517907847569e-05
0.00017802585634562725
2.0033164526623993e-05
2.8991986093431578e-05
1.9298679556761513e-05
2.3849321452932155e-05
1.9759700914046416e-05
2.4016735581691127e-05
2.178117023981794e-05
1.5086143008273762e-05
1.8524665141939693e-05
6.470065636145449e-05
8.126453745494876e-05
2.366232535025658e-05
3.374541435972103e-05
2.5520757770539347e-05
2.707342114873417e-05
2.433741883605395e-05
2.5179824822780413e-05
6.227968038450701e-05
2.2020605450763136e-05
6.717180927945077e-05
6.142278668266874e-05
0.00011843690231439256
2.9222512599182152e-05
3.316677577541676e-05
0.00018133791984849805
3.053117346552327e-05
1.6427596050166073e-05
2.2280235427050962e-05
1.4996299097142668e-05
2.442002363849586e-05
4.3005797465670904e-05
0.0004214397521370127
2.7958404389781263e-05
2.5214461307060655e-05
9.0732566748717e-05
2.344930722390943e-05
7.010401440229378e-05
1.894292128867976e-05
1.2295720816095656e-05
3.46985468974658e-05
4.7644114965144846e-05
2.150836647901796e-05
2.6537150732012426e-05
2.258603618596134e-05
8.005542804442662e-05
3.390870294369713e-05
4.010053723672618e-05
0.00020068596068030273
0.0
4.811521621753846e-05
2.3761521215539467e-05
0.00010156535084885734
2.5162419649860357e-05
3.489878450812495e-05
2.553843243132332e-05
1.973108136364903e-05
2.766259256021639e-05
1.657107141575524e-05
0.00010353110382318323
2.85245437001555e-05
2.4655297057040953e-05
3.21448294197477e-05
0.0027046868161657947
2.4119892454881203e-05
9.403106649647618e-05
0.0
2.3360573186491912e-05
3.326019479030748e-05
1.988571867174476e-05
0.0
2.2828335772094162e-05
3.6878933167583816e-05
3.135081499337641e-05
0.0001005616334415835
1.4038413457239632e-05
5.989173332051295e-05
3.864653125625444e-05
1.6968047913235324e-05
4.200721235006988e-05
0.0004240170673164949
2.346996967740161e-05
2.142892497932816e-05
2.0118881254058885e-05
3.426119314605305e-05
2.6433731017273064e-05
2.4359864732262228e-05
2.5613863209004754e-05
1.9606226802155278e-05
2.1442301670804625e-05
2.0034373270722394e-05
7.453770091645993e-05
2.4565125923302045e-05
0.0
3.0732023683432985e-05
0.00012988094888907446
2.1220219190952667e-05
0.0017265843117867728
3.429117509105128e-05
0.00019094859810600667
3.6058396487268973e-05
6.993601509225216e-05
5.789004868951724e-05
2.1634547868373996e-05
7.468588297949168e-05
2.898263036138708e-05
2.7073498852523973e-05
0.0
0.00010714953766821011
1.8028149747525765e-05
2.072112229732326e-05
0.0
2.1362237913059516e-05
2.0808606753313633e-05
2.8742113368458383e-05
2.3964886290000303e-05
2.9371313779400372e-05
2.8783600114356373e-05
2.608895949366046e-05
2.7212764914450894e-05
6.52058892379827e-05
2.9083605605254227e-05
7.212396630715106e-05
2.690613260031704e-05
2.2114924574298624e-05
2.4789752049896054e-05
9.529383511958533e-05
7.698266800014137e-05
5.006162060838274e-05
9.615889350758785e-05
0.00011171800522679761
0.0001676394113211116
2.534453293923608e-05
4.376079794620185e-05
4.716808118573757e-05
7.595974558777262e-05
2.1174176949014686e-05
1.4151756198991889e-05
4.510616521329348e-05
1.89920489502013e-05
5.9602865923380034e-05
2.55950821521659e-05
2.3610173178675772e-05
6.614556893555935e-05
0.0
6.152009945831003e-05
7.227601324432947e-05
1.8618877615552703e-05
2.430305455507274e-05
1.617441552489444e-05
2.4227544518597435e-05
0.001897032368309321
2.7975277111830443e-05
2.2341872121099705e-05
3.791734995035939e-05
2.109956149079738e-05
9.522827338256464e-05
2.415521230858729e-05
2.2328871392885556e-05
2.3604192083389216e-05
0.00017102602024913693
5.735532696187516e-05
1.9399761797578905e-05
1.6384092204949023e-05
5.9306595954383876e-05
0.00010945453581453804
7.172590617732114e-05
2.128629515881127e-05
2.858950986791343e-05
4.696352226158506e-05
2.8772607515616357e-05
2.059739763979365e-05
1.9073928747998076e-05
2.230178006216205e-05
1.5247354801293381e-05
2.0244200947618887e-05
2.0455956737674114e-05
2.589312184353633e-05
0.0
0.00018522993266678993
2.0526424548310986e-05
1.8171969765906168e-05
3.169551479663838e-05
7.057796939664031e-05
2.5165255272247168e-05
4.747644713698469e-05
2.317659335163825e-05
3.4824313146804695e-05
2.2808872539223425e-05
0.00011631762792012664
2.6194907147968014e-05
1.6153844695975763e-05
1.8971373034117476e-05
8.618097296991303e-05
0.00926794618255378
2.2645499432319595e-05
0.00010327900768643531
7.415012686857953e-05
0.00012050045053046386
6.903721837824582e-05
2.04296675261995e-05
0.00017143363232420924
0.00022642095740149016
8.008835360441509e-05
3.3033605708803495e-05
2.860024019251673e-05
5.045988341027469e-05
0.00030590743698234404
0.00014911038944336578
3.574176571126461e-05
2.4968483489753593e-05
2.0732676532460947e-05
0.00010395695217294843
2.3606792800126882e-05
1.701522223857173e-05
2.340294526216916e-05
0.00019236179560327716
3.7120512597689755e-05
2.9149863169900795e-05
2.1157997156205416e-05
3.3205729245736685e-05
2.464378740864954e-05
8.593142403536445e-05
0.00010138706108519275
2.4008222588541404e-05
2.2144343258684575e-05
4.751330004152346e-05
1.6091151251247545e-05
1.8992904646584118e-05
0.000112521184263942
5.3794604005999744e-05
2.5559024948833913e-05
2.8316519740000337e-05
0.0
2.7419132467757076e-05
5.637656885636841e-05
4.2583326942454746e-05
2.419162092567795e-05
3.043344536007216e-05
2.1831068398866034e-05
2.328579592977953e-05
9.298342345797275e-05
6.69284597602565e-05
2.3322327968000798e-05
2.0700764363573516e-05
2.715639300843485e-05
4.5751366223441434e-05
3.425232625970307e-05
1.703943615797591e-05
2.4117884876598613e-05
2.0867989067845273e-05
2.3218761628998324e-05
8.366786564629736e-05
0.0001690396658325626
2.5664514830324124e-05
0.0
8.294291492600066e-05
2.766290766654926e-05
0.00015850913572434524
1.8481150554815303e-05
2.2249982226440783e-05
6.854523340960652e-05
5.3442451907707945e-05
4.51293598204632e-05
2.2693785250209513e-05
3.1663060244733354e-05
2.842618085205309e-05
0.00011334643890612041
2.7284932332837488e-05
2.7483266587091413e-05
2.2521051832441344e-05
2.1265812188935197e-05
3.654872011984304e-05
0.0
3.299019930616583e-05
0.00013243317215075936
2.1219058157753242e-05
8.990505077756161e-05
2.528993367630084e-05
0.00011657073810654537
0.00011012423458123564
0.0002115414213936078
2.149309751729664e-05
2.4666788627627093e-05
1.77405761746612e-05
4.4185626657352906e-05
1.9067739357655996e-05
0.00019451518617954965
0.0008835719635258129
2.2728892303824457e-05
2.9125766973498512e-05
2.4088824612857958e-05
0.0015267159110625493
2.062794803628696e-05
7.040515438630532e-05
2.320600043986762e-05
1.9083618331326465e-05
1.9443730497893105e-05
2.442486661076668e-05
0.00021227150977202528
9.938699574003594e-05
0.0
6.380631676061775e-05
9.743868248250112e-05
3.22046579049475e-05
2.9590267823993214e-05
1.6473324892337435e-05
4.8284208450502336e-05
8.541680059876866e-05
2.543704571101799e-05
2.215096890520036e-05
0.00011339780860618384
2.1406505959135277e-05
2.3883754852154363e-05
2.542388119103089e-05
1.5969121442936683e-05
5.1775862495554765e-05
4.5135483745850425e-05
2.976352928763199e-05
5.004235957120631e-05
8.906379720748468e-05
2.6250226777542275e-05
2.8678332402379936e-05
2.2734382539733434e-05
3.236418629512287e-05
2.712427675087188e-05
1.8146641446407084e-05
6.169123810644156e-05
2.767896112480845e-05
3.1422053807974676e-05
5.993572490476503e-05
4.297132156751005e-05
2.731709172826809e-05
3.733592774482542e-05
0.0
0.00011935291419721361
0.00022043035717675606
3.299420107979733e-05
6.644948738821678e-05
2.881155414653141e-05
2.3675093716874436e-05
1.624707092382721e-05
5.021485785565853e-05
2.101155260352813e-05
4.778390948979062e-05
3.4712079116948665e-05
2.192543262903415e-05
4.0491696633039e-05
2.6795411289486836e-05
2.971624859517655e-05
9.311722666322803e-05
2.4500903405254663e-05
2.3231876844038264e-05
2.136398163254456e-05
0.0001387935742433292
2.4484223207996192e-05
2.4893947022797452e-05
1.862927956649093e-05
2.114855695619731e-05
3.5513705231140904e-05
0.0
6.675298011126491e-05
4.8085854333296224e-05
2.052801411317672e-05
3.978659332809502e-05
2.8143670461252223e-05
2.584585662568518e-05
7.276416913252892e-05
4.338022703980877e-05
0.0
8.008297812726492e-05
5.3401120663170406e-05
0.00010188771490977012
2.6958867135913328e-05
0.00016941596418689668
2.5241901993922215e-05
4.824236736781112e-05
1.8681288358609908e-05
0.00014484817667115323
2.0096915734084145e-05
3.290531020422722e-05
2.7624861064197176e-05
3.5935571094298046e-05
0.00012978893722588827
1.8535852496499575e-05
2.4814061134627485e-05
5.7926888392602214e-05
2.4671210593000966e-05
2.459221012282483e-05
4.113415374470764e-05
2.2987195659372925e-05
0.00014865493121035453
3.264548707144749e-05
6.925504701038463e-05
0.00010305918976706205
2.4542753533647477e-05
2.7296278321544198e-05
0.00043311210890223384
2.0381290126446956e-05
2.9028093641428173e-05
1.952342155344761e-05
3.5474537540780415e-05
3.982514705485769e-05
0.00011132308124924722
2.3048662946934576e-05
0.00010276609430386592
3.266685946628366e-05
2.477573009955095e-05
3.456000508161739e-05
3.604403759370218e-05
1.655161984675594e-05
3.4126746415333856e-05
4.5556624324444535e-05
2.7427968650411953e-05
2.9011655809679298e-05
3.419345813120663e-05
5.985038279701034e-05
1.915152923184581e-05
0.00023016547106409163
2.1928288463930965e-05
1.9160178796126968e-05
2.054495494584801e-05
3.1147339608388407e-05
8.741867250916717e-05
0.0001466710554108733
5.634789332980447e-05
0.0007193664363097118
2.3201633067242024e-05
7.565513491580037e-05
3.0760954781465055e-05
2.441350958258906e-05
1.5941671759320677e-05
1.8293278652259896e-05
6.78203914799246e-05
0.0
3.100928592233535e-05
2.5134149663363374e-05
8.810516227293966e-05
1.993581517168018e-05
0.0
3.806623589680754e-05
2.2412656745869074e-05
2.8688524683763153e-05
3.2257631459223634e-05
2.7329872989792755e-05
1.964125406872033e-05
4.6244218237825496e-05
4.6732404829352636e-05
3.22758666478568e-05
2.673363468360999e-05
0.0
0.00059414820711246
6.916371892537434e-05
1.7505205148758095e-05
5.976383883955082e-05
3.5892771572993635e-05
2.008570092153034e-05
5.652334790431773e-05
2.1167045315118224e-05
4.186279097837378e-05
0.00010003451620772957
2.552459847250413e-05
2.95130755449157e-05
0.00028474161071192355
1.870581331806628e-05
2.8346365982337314e-05
3.377790229789221e-05
2.1560848216117532e-05
7.081361069201023e-05
2.3519596282205215e-05
0.00010836993762675235
0.00016182283411823178
0.0001068049128657027
0.0001821485032224765
2.273734409274476e-05
2.9907427038215658e-05
9.583875086478045e-05
2.7727654896959312e-05
3.0295040330214927e-05
7.27953902284302e-05
0.00015091804105118645
8.521556825249095e-05
2.4834640050789844e-05
3.147412324060955e-05
1.98053367562907e-05
9.495868339684781e-05
6.166731064157158e-05
7.822620216134536e-05
4.7535351488225615e-05
3.360269521770713e-05
3.515573071898316e-05
7.472860445813347e-05
2.062693985738415e-05
3.181996529475e-05
2.2289950327586728e-05
4.1583686951296064e-05
4.011774275381524e-05
5.0380573452884606e-05
2.6860487909914992e-05
2.8898930693170098e-05
6.551662560668797e-05
0.0002941813497755771
2.1392265682071183e-05
2.4479173647741555e-05
7.400761448127965e-05
0.00012414067484905802
8.988924946901102e-05
0.0015462227110995153
5.083095552509549e-05
4.9047279144703215e-05
0.00011143301434846873
4.438730892810736e-05
2.5464694888851317e-05
1.978724119291913e-05
7.63879069120941e-05
2.706950059169776e-05
2.186937849423796e-05
1.8159691270344697e-05
4.1029923957835165e-05
2.4993596107647147e-05
2.1315369980480933e-05
0.00013885655626456677
2.86536953909695e-05
1.8796514079261522e-05
3.821417357976655e-05
2.1926525026550013e-05
0.00012407173677524225
2.393080319688312e-05
6.981265465862553e-05
3.0390888717186084e-05
6.926993533687538e-05
8.34790781377243e-05
2.460422050983806e-05
1.7078087149667e-05
8.246706479617101e-05
0.0
2.6000839853826192e-05
2.8945954618242045e-05
0.00012908784072823294
0.0
7.10347958859379e-05
2.731526635224277e-05
6.0554906369102516e-05
0.0
2.3846921635501008e-05
1.7122500159788148e-05
2.152086895333683e-05
3.86305324517931e-05
0.0003499906836443335
6.932516300233599e-05
2.1413760291795487e-05
2.099021904106937e-05
9.245680608830306e-05
0.00012017965546148284
0.0004874068216189598
4.0531193614475935e-05
2.1262355383841435e-05
3.1462765541999846e-05
0.0002149693795246272
3.9955061884203206e-05
2.335615876739844e-05
3.086376224368394e-05
2.95278178406478e-05
2.206058478209007e-05
2.9606979641971826e-05
4.903137641623132e-05
1.950087877738576e-05
1.788777897368673e-05
3.3347384805329315e-05
2.1286407952102955e-05
6.399821633406228e-05
0.00017502790337232003
2.176777290442031e-05
1.7420526511902937e-05
2.4906350588270117e-05
2.150149418065928e-05
4.487924823208253e-05
8.38602455068546e-05
9.00767484520971e-05
2.1462855295122082e-05
3.8254131508873896e-05
7.634090844832177e-05
7.145873330170052e-05
3.0180369642943457e-05
3.403116354326101e-05
0.0
1.7702082361475893e-05
0.00016635184119899603
8.057027028340886e-05
6.633635649131274e-05
1.9312835841289557e-05
1.913468532002191e-05
1.8922973050401067e-05
2.135502864918181e-05
0.0
6.474840770174026e-05
1.0393843351853364e-05
2.1828496081003308e-05
2.171522576627703e-05
1.957356960463047e-05
0.00010607088474552389
0.0
3.498382735159504e-05
2.660797304013597e-05
1.9880110199599093e-05
2.779899364020017e-05
7.424586990267888e-05
2.6809023365764354e-05
0.0
5.2701259470454836e-05
2.803986775133734e-05
8.347942380469783e-05
6.055965177092496e-05
4.4134384900536344e-05
2.3971355034648004e-05
2.1507752111421492e-05
0.0001319266321467315
3.7056045760851684e-05
2.8347706731860962e-05
0.00020761580357975352
2.8087399598048163e-05
0.0001793695667737568
3.912860455314597e-05
6.469557052139781e-05
0.0002199083522078404
2.959969401415941e-05
1.9669937032875948e-05
3.5151989655647027e-05
5.0924917214690445e-05
5.681809673471403e-05
3.5300588045143914e-05
1.780699453835474e-05
3.456712491749026e-05
2.5106444267073172e-05
1.769385709313939e-05
2.0683027358756474e-05
5.2855193036491646e-05
2.195416824763546e-05
0.0
0.000150191443087665
1.8617686394968005e-05
1.885870647738046e-05
2.224183419863181e-05
3.0931937415651673e-05
1.65132283969829e-05
8.687672027895502e-05
0.00020448885584713544
3.3906661468519536e-05
4.6469455497807656e-05
0.0001712210863257803
0.00013933734906742027
2.9833615546494303e-05
2.03011503914376e-05
2.1108976280827897e-05
4.580691718380328e-05
1.2876445661429669e-05
7.342207490292237e-05
2.9225909281793705e-05
1.587794931391886e-05
3.02448263092342e-05
0.00019697845259084026
3.172388593205716e-05
3.295830902991758e-05
9.182089391313905e-05
0.00015700265674757543
1.963938944146781e-05
3.5728901171188874e-05
2.757456876953907e-05
1.5673476644644297e-05
8.675173063099112e-05
2.310763661109275e-05
3.3420227384403314e-05
0.00042029413561657953
2.6294754875321874e-05
0.00012261771268200626
0.00010168962864216759
2.485430230225712e-05
5.417611004851616e-05
2.1511627820037746e-05
2.507453990291427e-05
2.7830679590302106e-05
4.582931542865977e-05
2.985775927603209e-05
2.1213280175844647e-05
1.883308035168044e-05
0.0001560222481230277
2.2930812480492982e-05
0.0001450092892423177
2.4206358468872622e-05
3.1392444429544084e-05
2.273218485053676e-05
3.540800894411142e-05
0.00011933616381914401
4.3850782298427394e-05
2.2068961150677297e-05
0.0
7.295298206384477e-05
3.063266834909549e-05
2.7477218027049764e-05
0.00013752675867673497
2.3479693595131436e-05
2.501414612599028e-05
2.722646848933851e-05
1.6241949165638836e-05
0.0010136894389429173
2.5306359171796164e-05
5.72352686954276e-05
6.258888124013232e-05
3.997480700924174e-05
2.9525124094095794e-05
2.731824081170992e-05
1.935274185069908e-05
4.5055786404420765e-05
3.0424251959257835e-05
6.822878734700686e-05
0.00013925170535348036
0.0005674447460353843
0.0
2.0275331991575437e-05
2.1957663748518103e-05
2.0226580962665263e-05
2.947533883421707e-05
2.5207446584628304e-05
8.620490355528001e-05
1.6691225659898706e-05
7.387667550081156e-05
9.26793195342244e-05
3.0280940854825528e-05
8.169236126317687e-05
2.7856810904911957e-05
2.1384529925380182e-05
9.222933457097702e-05
2.273463346444879e-05
2.2662715476367467e-05
3.210841644818347e-05
3.821903307558159e-05
2.573551397551686e-05
4.4138836355782986e-05
7.227356656230637e-05
3.4262088887034816e-05
3.2207031193202635e-05
2.1430145639192936e-05
4.4627699683657114e-05
4.225348565461662e-05
2.1342626654678523e-05
5.737376388280919e-05
2.1683654943042425e-05
2.3683956834862285e-05
0.00010100259438887692
3.915314824810627e-05
0.00047514015764412603
7.831836527935375e-05
3.492216513696305e-05
5.4303195330984526e-05
6.40361178428383e-05
2.34557779885211e-05
0.0016553253251982163
6.179450959923745e-05
2.5703428350330037e-05
1.9911544785727946e-05
2.37302201786353e-05
5.9871283491592245e-05
0.00019134959445657533
0.00016387270133060526
2.1493999404946796e-05
3.036899158285809e-05
7.131575772548753e-05
0.00012428194857295154
2.5685448262386234e-05
0.00016676536669038363
3.0820531853890355e-05
5.360498842430441e-05
2.1652342198194974e-05
6.512830431283985e-05
2.0039987217244716e-05
2.1715307564357346e-05
0.00046549846386055257
0.00012180161820611497
2.1156885814050846e-05
2.2221024394988487e-05
2.508506848977102e-05
0.0001378518313730082
0.00017365906507263164
4.17293831622174e-05
2.294594120626171e-05
0.00012857492213119015
1.99792351397999e-05
2.30787006116715e-05
0.00016311031731917167
2.6071697777928776e-05
3.167526001350208e-05
2.5432313407471904e-05
0.0005391489923690636
6.249628370316984e-05
2.5505277893375185e-05
3.361511155008599e-05
3.466899547273483e-05
3.993192057945278e-05
2.5931277375308902e-05
