8.483767373694121e-05
2.2633912920780067e-05
0.0
0.0
6.721709378965825e-05
3.355872192999313e-05
6.71126394412026e-05
5.043392381698111e-05
3.3387559042240876e-05
0.00020760168770565145
0.00010117783477388849
8.372543343494179e-05
5.218919182883736e-05
2.1406454535982896e-05
6.94816189708905e-05
1.7707161717866534e-05
0.0004073873947011514
6.0718521279688154e-05
0.00015475906406633945
0.0
2.4098580544468413e-05
1.945294385058965e-05
2.028350126233269e-05
3.0645384887547346e-05
2.214578037332791e-05
3.9642349315134975e-05
0.0006733851036980116
2.0863326550253943e-05
1.913843881319181e-05
2.276983053400209e-05
3.6518313986940355e-05
0.0
0.0
2.24703143293994e-05
3.6886205321917954e-05
0.0
3.576283754661393e-05
1.4225554475221646e-05
0.0
2.929079520124179e-05
0.0
2.3408706537066683e-05
1.9525412246269995e-05
3.033114445771513e-05
1.882499814131854e-05
2.575211415374003e-05
3.5077185527875414e-05
2.5987562619892847e-05
3.761984040056394e-05
2.7455278344947674e-05
2.355067918150097e-05
3.6866956880088914e-05
6.183425330250144e-05
1.8442211485267304e-05
2.9555643190497557e-05
0.0
3.443681538377032e-05
2.1956141015487313e-05
2.4620183434166858e-05
2.7149014685587074e-05
2.2542304416849806e-05
0.0
0.0
2.273067298989102e-05
4.062119484407953e-05
0.0
2.0883454269985228e-05
0.0001877534903733171
0.0
2.1426736364795014e-05
0.0
0.0
0.00010355013930971328
0.0
9.182037236437562e-05
3.389464789879248e-05
0.0
4.916980736762215e-05
0.0
3.0476184819131107e-05
2.5600407886650998e-05
8.204526632005412e-05
2.4163353452791336e-05
1.890850992028516e-05
0.0
2.135395689722179e-05
2.5678204978274917e-05
2.574258083799202e-05
0.00015261380274282573
1.7002720310437918e-05
2.2871490361235356e-05
2.766737980725121e-05
4.505342933864147e-05
1.5041662895036034e-05
2.0121799376321704e-05
0.0
2.7252131806939433e-05
6.446083650532451e-05
2.817554710031023e-05
2.3902023748966656e-05
1.6236920115466923e-05
1.8983411596217444e-05
2.161334873801187e-05
2.633814830030339e-05
2.6969405348935575e-05
2.121814120087001e-05
3.9354689340319306e-05
1.9573616094477275e-05
0.00012121792078048792
2.96134580085818e-05
8.433036778270022e-05
2.0595677732817893e-05
1.4760143864890118e-05
0.0
3.3794275894154875e-05
0.0
1.9732194673655072e-05
6.1715455945509e-05
2.8505167767429234e-05
2.6642026889566484e-05
2.819089133451707e-05
0.00011058950858610596
3.101006893684638e-05
0.0
0.00015264815383184794
0.00012730622814748635
1.992666895791327e-05
3.524241237937578e-05
3.2173976214347876e-05
3.102927660095183e-05
0.0
5.806861863571875e-05
1.9384740516310353e-05
0.0
3.192366708966152e-05
2.4104683963686247e-05
0.0
4.219294622066603e-05
0.0
2.1343852379787296e-05
0.000114520790958876
0.0
6.625961605379929e-05
2.5862517484003552e-05
4.145267410737856e-05
3.226819640277023e-05
0.0
2.970889499824626e-05
0.0
2.766029010243317e-05
4.406045517051379e-05
2.3155812720846626e-05
2.0877940829739202e-05
2.7775049809611714e-05
2.7966663168087444e-05
2.8469873046554326e-05
2.2090265251755978e-05
2.197235844053984e-05
0.00020199863368760152
3.68522265999323e-05
0.0003749158315253622
3.1325498760779147e-05
2.0873346005964672e-05
1.7121338580511807e-05
2.7324345320003476e-05
2.8096816286506417e-05
2.567399156516298e-05
2.5858606249835325e-05
0.0
0.0
2.3200064651991163e-05
0.00010794297411301622
4.399968525732688e-05
2.6196957540540962e-05
4.813042001104051e-05
2.750126725929972e-05
1.7193209324081878e-05
0.00010489270312939746
2.7813777620565002e-05
1.5240532550675799e-05
0.00018968270218315333
0.00011791107323405736
2.6784596192528776e-05
3.1294260201007464e-05
3.281501739069622e-05
0.00186125574264348
1.9784332156073322e-05
0.0
3.171633446935657e-05
2.101088804876529e-05
3.65281347669243e-05
1.9171530450277412e-05
0.0
1.4976695348430496e-05
0.0
0.00013141239954780068
0.0
3.093501061398756e-05
0.00011643299646417421
0.0
0.00021228861927698777
2.5489294890493795e-05
2.2072678991171154e-05
2.3919104130806587e-05
1.9778312210086115e-05
9.036671377824592e-05
2.60824484557393e-05
1.9180801298464596e-05
0.00010814892011097096
2.709040334461566e-05
0.0008027770157465475
2.119007086755786e-05
2.6032313466209676e-05
2.331973281335078e-05
0.0
1.3320548716459771e-05
3.1197589561273485e-05
0.0
3.026472607930736e-05
0.0
0.0
1.9464551353281504e-05
1.336167712137016e-05
6.425357068367628e-05
0.0
3.103031859425942e-05
2.2118556523052008e-05
2.5263858809147886e-05
0.00016967803834572195
1.8324514999988116e-05
0.00010823181731801523
2.420284844668546e-05
2.7404536528254124e-05
4.5687862795711325e-05
0.00016445333255923862
3.269233085871333e-05
2.2117364179271177e-05
0.0
2.4752902707625534e-05
0.00022459168392091855
0.0
2.2330419226836817e-05
1.5325187041993588e-05
2.8969601815388288e-05
0.0
2.0998011898780265e-05
3.18450186241026e-05
3.060244493838607e-05
2.5524499328638717e-05
7.190886143727191e-05
2.8229964850428632e-05
2.9449924643816773e-05
2.7208660253365342e-05
2.209707872376788e-05
1.6619883744711405e-05
1.7490178361842623e-05
0.0
2.4836631147149284e-05
3.17184979707723e-05
0.0011950597967222852
2.8530481150422855e-05
2.7122134341758074e-05
4.232680275337954e-05
1.9271090386182174e-05
0.0001297428553508223
7.156655062081554e-05
3.12180440636776e-05
0.00019083338761210252
7.371217537462235e-05
4.98803870370742e-05
0.0
1.8272822727246685e-05
2.5490317803929486e-05
0.00017080673443935088
3.4783941224197285e-05
7.928360736681305e-05
2.1317408543230986e-05
3.2254572023505616e-05
1.968901095710723e-05
7.300358612590484e-05
2.0564276020400653e-05
2.3138950794425045e-05
0.0
0.0005047541717541518
3.571752419954642e-05
2.5191734621487895e-05
5.587918092920606e-05
5.934642833464334e-05
0.0
0.0
1.9211531412846622e-05
3.510005325968044e-05
2.051149811747249e-05
1.3485019892311343e-05
0.0
2.3311511594135793e-05
0.00013825649998478557
2.588545253172542e-05
7.493014021228357e-05
2.1128905949524253e-05
0.00012464714422276231
0.0
3.208247495709196e-05
0.0
4.042022297999514e-05
2.452049592622425e-05
2.540662699083198e-05
6.044130497209369e-05
7.347094036224849e-05
2.2283369882931284e-05
5.915043057845221e-05
1.9897321733260245e-05
2.732494645651167e-05
2.8737038203558487e-05
0.0
6.985844849993024e-05
1.966198785383231e-05
3.002890319484446e-05
1.984327185921696e-05
0.0
7.669885973836785e-05
2.8857739972110088e-05
0.0
2.0288269803724853e-05
1.9444786737957048e-05
2.6690078204767047e-05
3.705604158390528e-05
2.7374136505972642e-05
1.3031009330756402e-05
0.0
1.586621985155025e-05
2.4237724941311457e-05
4.013350499919619e-05
0.00012961553123986668
3.131396972863958e-05
0.00014026784217277582
4.337095156806774e-05
0.0002763469284805209
3.828163713403349e-05
1.9979344686365546e-05
2.8144179708910883e-05
2.0693397231059623e-05
0.0
8.165281121050793e-05
7.57121309591868e-05
0.0
2.1498495103767608e-05
0.0
1.9934491254801685e-05
1.5863062725538634e-05
0.0
2.8038621107031947e-05
3.9254374798166184e-05
0.0
0.00012002767679043791
0.0
9.609599889382058e-05
5.291755772858694e-05
5.766518245121859e-05
1.589092136344498e-05
5.952093470813285e-05
2.5994087623980797e-05
2.6014091329831957e-05
3.624626694249774e-05
8.337399377178363e-05
2.5430334501850066e-05
0.00016700699348221737
9.379335064539335e-05
3.137005981840348e-05
0.0002582718987097682
2.3894369107327956e-05
0.00010868670905060571
2.349477910642449e-05
2.1344767955376527e-05
4.349093600173275e-05
4.4312649763372296e-05
4.389570562092239e-05
2.4989748850127037e-05
3.341532823867802e-05
0.00010174661082032508
2.37955518025385e-05
2.5400318453621997e-05
2.6858536142337167e-05
5.357946200664585e-05
0.0
0.0
2.3606176506057614e-05
7.60004941929685e-05
2.5686209674814333e-05
0.00022468526364971916
2.68019762425441e-05
7.733926429224366e-05
1.7824357791881823e-05
2.8488190645769275e-05
0.00023345771344283458
2.2077268508577208e-05
7.394434236281333e-05
0.0
0.00018148665754877993
2.5122718718968205e-05
2.893749191614557e-05
2.3463874382976843e-05
3.40053770367304e-05
2.7901508058241923e-05
3.2888499968472975e-05
2.860197669179685e-05
0.0001637029039085419
4.708611238318472e-05
3.736671251893415e-05
3.159441549470607e-05
5.123536392240218e-05
0.0
2.436385677520977e-05
3.0920728694136406e-05
1.8784294892412245e-05
2.2147625839668856e-05
7.041577947531553e-05
0.00022170290480109258
0.00010625282844343953
2.6073456506759185e-05
5.204868070699836e-05
2.414307974077235e-05
3.0399073437276224e-05
3.2312849994602994e-05
3.2712901488191856e-05
3.483046170143042e-05
0.00021050179130394984
0.0
2.6376639885110677e-05
2.6908650503501987e-05
0.0
2.6104333521630096e-05
2.5750998997828365e-05
3.129623119935461e-05
3.176045109585803e-05
2.658868386569303e-05
0.0
2.2943014349146566e-05
3.4831848924019804e-05
0.00011171266030452562
2.634049279018766e-05
1.1526623723828297e-05
0.0
1.2813593783842475e-05
0.000357510052153568
0.0
5.870749341887816e-05
0.0001143042463797678
0.0
1.7649640185340405e-05
0.0
2.341932275335851e-05
0.0
0.0
0.00025890284144651
2.3970659446341974e-05
0.0
2.59112997438062e-05
2.5839103343288297e-05
0.00014631697219451853
0.0
4.734337930696999e-05
4.1180760586127366e-05
6.805370811926047e-05
2.1968721826130586e-05
0.00016673918866164664
0.0
2.262310137853036e-05
0.0
0.0
1.953061579130341e-05
2.424816862525879e-05
2.349195999740551e-05
1.4716169030765572e-05
2.70254027052245e-05
0.0
1.6945275279923186e-05
2.8163395095593494e-05
2.191072971842001e-05
2.8128629580213855e-05
2.482418373978855e-05
2.5467474557345452e-05
0.0
3.087473233726297e-05
2.2965235683037923e-05
6.186939227025969e-05
3.5548627619307686e-05
0.0
0.0001739400942832024
2.3465745719875776e-05
3.323025948165131e-05
0.0
1.9691841029556526e-05
0.0002665254638081959
1.9714207696627205e-05
3.319330960330174e-05
3.0287167347166923e-05
1.742683750098944e-05
0.0
0.0
7.522223509941789e-05
2.9561130804880938e-05
3.323947673738008e-05
0.0
9.319548688040698e-05
3.276339020003883e-05
2.9585038267074285e-05
3.744461683083325e-05
0.0
2.015633391680139e-05
8.116598916959179e-05
3.3958901027047883e-05
4.231527543083778e-05
2.179904773406802e-05
9.253418989108787e-05
1.5316647932371317e-05
0.00011184117124582052
0.0
4.870423622488557e-05
3.0282971846217673e-05
5.712894756838226e-05
2.237022586174114e-05
0.0
3.573170643187732e-05
4.35918498787255e-05
2.7343585309693368e-05
0.0003075687421678681
0.00036122099083933917
2.921758931095028e-05
8.067107651755099e-05
1.6337806300857447e-05
3.0084386414254447e-05
2.146860999725955e-05
2.139602616137864e-05
0.0
2.31250294476795e-05
0.00011652257476056331
0.0
2.5410726374357038e-05
1.4876143879766435e-05
3.2384599019926754e-05
0.0
5.274053108131824e-05
2.0751128618626273e-05
0.0
8.764802024978824e-05
3.012057461498833e-05
3.01415603290519e-05
2.930076284332889e-05
0.0
2.688257455496782e-05
9.001072995121171e-05
3.2866208381849665e-05
8.306031195041188e-05
2.9834163001224168e-05
3.165207505619865e-05
0.0
8.964837101425943e-05
0.0
2.7227705385897735e-05
3.0183439299683922e-05
2.6073287623096993e-05
0.006002012205985624
0.0
2.209806775916913e-05
2.3715981129547593e-05
2.042279944553605e-05
0.0
2.4835513857426636e-05
0.0003588504197844365
0.0
2.791410199953943e-05
0.00010816354964905525
0.0
0.0
1.990773110692937e-05
0.00014217676893747615
0.0
3.435493996372409e-05
0.0001436723093601231
2.5732114814050974e-05
2.5512743471686602e-05
2.6048827784221793e-05
4.196594998796707e-05
0.0
0.0
0.0
2.1378613746447823e-05
5.35372778601424e-05
6.194956800716225e-05
2.4890852041626636e-05
2.6144295363737733e-05
0.0001294093709940455
0.0002479652476172709
3.14550383327866e-05
2.5094625521962858e-05
0.0002335186238700356
8.008654907443629e-05
0.0
2.881079453731171e-05
8.997255829866045e-05
0.0
0.0
0.0
2.3923680413711455e-05
2.5050251705617994e-05
0.002491232434366712
0.000136596830985191
0.0
0.0
3.257662130641313e-05
2.8740604324075834e-05
4.324200790755719e-05
0.0
0.0
0.0
1.9235742398829096e-05
0.0
2.1937293822062164e-05
3.103577589422661e-05
5.434396546762282e-05
0.0
2.419570320460339e-05
3.434557815979585e-05
0.0
1.963625642514916e-05
0.0007622679886762046
1.750309059171457e-05
0.0029184029526409354
0.0
2.843141160613248e-05
0.00030725025778392654
2.2442201020845036e-05
9.993148478739212e-05
0.0
2.6861744624730222e-05
0.00011071262334516075
0.0
3.784220042905858e-05
0.0
0.0
6.205152375589924e-05
0.0
2.0490242050969602e-05
3.145340070971116e-05
1.72609232830023e-05
0.0
3.218010190613062e-05
7.929735218202039e-05
3.577631147331646e-05
0.0
0.00016562209455471015
0.00011274213512287632
2.7968317006210257e-05
3.578807437398323e-05
0.00029251491006877426
5.248886459503521e-05
0.0
2.4892877759594706e-05
7.82499936509169e-05
0.0002659982806014857
2.4588163579582486e-05
2.6630837042968264e-05
3.6759124424075906e-05
2.8138421161414497e-05
2.3921061710574605e-05
1.921084843954435e-05
2.3203327411966376e-05
8.057194104787055e-05
0.0
0.0
2.543367895140795e-05
0.0
0.0
0.0
2.500256992720467e-05
7.271215762957495e-05
2.55992310127209e-05
0.0
2.1351121645735503e-05
2.898265979730235e-05
0.0
7.214384761008871e-05
2.1947627603911046e-05
3.957513165893858e-05
0.00015773656938614618
3.1951471022073267e-05
0.00012296027727141132
0.0
1.7721386338561377e-05
3.098111467789455e-05
0.0
0.00024296956951582537
0.0
2.1215768855703753e-05
2.3369937289396947e-05
2.5337541366968237e-05
3.7744921939144916e-05
0.0002796645946602736
9.875173500181343e-05
0.0001131239489880214
2.8771961508562747e-05
2.260477466125593e-05
2.384792317664828e-05
0.0
2.1917373348203112e-05
2.3367676377223515e-05
2.132783420317929e-05
2.6078845132854263e-05
2.5168034447553517e-05
5.25071527113535e-05
1.9469501748716857e-05
2.7060910823067347e-05
0.0
0.0
4.375845496889461e-05
2.2342661831905713e-05
3.027971242778483e-05
1.4883655486974925e-05
2.1392091840281912e-05
3.120815130423436e-05
3.169897008224193e-05
0.0
2.0195865225996642e-05
2.9766586835844857e-05
3.082675913822427e-05
0.0
2.4191399489350636e-05
0.0002444641007674348
1.7350742754403655e-05
3.364040688664609e-05
1.675353445850101e-05
5.1301603054819856e-05
1.7879113589638193e-05
0.0
4.131276198024336e-05
0.0
0.0
8.38371020475671e-05
1.844983298173916e-05
6.356770965097451e-05
2.4973741845964215e-05
0.0017295551025994465
0.0002881450553969504
3.126889484110018e-05
2.2956558052613873e-05
4.233059923352594e-05
0.0
2.2913050388429685e-05
8.177524845114069e-05
3.271018560850666e-05
0.0
5.036511094419717e-05
0.0001822630794098875
2.3713925795708434e-05
2.382403900923828e-05
7.16429805659324e-05
0.0
4.7469379604589816e-05
0.0
0.0
0.0
2.1161797917550835e-05
2.7672554164349976e-05
0.0
2.0003963693043454e-05
5.9641646857988784e-05
0.0
3.804311599552023e-05
0.0
0.0
0.00016892097789392735
3.272068243296673e-05
5.4636461540981774e-05
3.4943967434749885e-05
6.41142329567221e-05
2.6441749243625224e-05
2.0164031864786958e-05
2.2392406481197973e-05
2.6435012651069466e-05
3.247999025806222e-05
6.474913346335927e-05
2.7008866548798456e-05
1.962974710806745e-05
4.376133907482565e-05
0.0
0.00011457304945495679
0.0
1.3841257626433196e-05
2.517460612306507e-05
2.3093819991541868e-05
0.00011247287548504701
4.821335801089657e-05
6.600393464945488e-05
0.0
2.5389670247990515e-05
2.1982415380409635e-05
0.0
5.2051933934003836e-05
1.6774075050134414e-05
3.3011048325157454e-05
0.0
4.061990693179932e-05
2.583753103440065e-05
3.562873231673342e-05
0.0
0.0001022164591097114
2.866477297798703e-05
2.32423995510561e-05
8.520262395553722e-05
4.419048022157756e-05
3.208858449401514e-05
3.843550308113005e-05
6.830375859247986e-05
2.091304017474246e-05
1.9731914188373105e-05
9.817504928758198e-05
2.3942623510480902e-05
0.0
2.7629555542216653e-05
0.0005208568552582445
0.0
2.1276846443051217e-05
5.655832182886169e-05
0.0
1.8819130999655196e-05
2.0135101140283644e-05
0.0
2.6422410861046867e-05
0.0012620588447538352
0.00021779938676305455
8.970776419075865e-05
9.269938850573384e-05
1.974265774029432e-05
0.00010891809052601305
3.5975760198147745e-05
2.0034368823779282e-05
1.9612287646475393e-05
0.0
2.9210412647782267e-05
2.2312426499002177e-05
3.471497544991395e-05
0.0
2.2042664944604268e-05
0.0
2.297890362977905e-05
2.9011166730657764e-05
0.0
3.263793008173711e-05
1.8822246352391317e-05
2.2426537448252042e-05
2.676340512736819e-05
5.089980182007787e-05
4.937827586475102e-05
2.2948531085832942e-05
0.00018658217642778598
1.872668974515248e-05
2.684130718475696e-05
0.0
8.22782916477807e-05
2.5141032080827163e-05
8.546233155240489e-05
0.0
0.0
2.3691617222814905e-05
0.00018970788814591858
1.7716893021975064e-05
0.0005061094528603923
0.0
0.00010221859265683278
0.0
5.094885822094971e-05
1.7067005672228635e-05
6.224044493106718e-05
2.452729551583247e-05
3.177412268589086e-05
3.2275699766459525e-05
3.212928413683139e-05
1.9459106363709803e-05
0.0
4.69963816064616e-05
2.729151532094334e-05
2.8281421935306846e-05
3.1288900300978085e-05
0.0
2.1933506690519428e-05
2.1337397931216938e-05
3.781206976592403e-05
3.057203756587118e-05
2.5044529672098265e-05
2.1636084879546728e-05
2.2180269713375492e-05
2.223705248959991e-05
1.6384931724943588e-05
1.4131307221463668e-05
2.321100819256822e-05
3.443849657503486e-05
3.374660682168647e-05
3.545557412480713e-05
0.0
0.0
2.122955703589185e-05
0.00013804063052081714
1.7951333557990295e-05
0.0006914592362053992
0.0
2.479337306161414e-05
2.9780762831366115e-05
3.4192416273507046e-05
0.00014659827872126144
1.6105483000326396e-05
0.0
9.722315369272778e-05
0.0
3.040116655436011e-05
2.4586637953449915e-05
0.0
0.0
0.0001673132316699495
2.9643377686891298e-05
5.928061886477711e-05
2.3045166165124433e-05
2.596882443160397e-05
0.0
2.324956850502355e-05
1.712544269817399e-05
0.00013389654429163804
0.00025289568412468095
6.054627561202309e-05
0.0
3.366269965548012e-05
3.558667440892213e-05
2.057814269904714e-05
2.0382423650287163e-05
2.7115818942113993e-05
2.4421074222007327e-05
8.010049923703119e-05
0.0
0.0
0.00012241358176265756
2.900656509215312e-05
7.506438457668595e-05
2.4521747080350404e-05
0.0
8.861201551036885e-05
0.0
0.003855400157793832
1.4436424070696463e-05
1.5313207531569414e-05
0.0
0.00020457335293298838
4.0722515586548635e-05
1.936791645563141e-05
2.536337137151038e-05
0.0
3.47239227414873e-05
0.0
8.73359376203063e-05
2.1400595767515493e-05
2.4780192390162737e-05
2.5997582072204803e-05
6.269066384644622e-05
2.643335247737677e-05
2.156294749093988e-05
3.631920145459922e-05
1.6642351181508604e-05
0.0
0.0
2.892229196166833e-05
3.4330361172074065e-05
2.843728899063404e-05
2.407666665182869e-05
0.0
2.5548686400149003e-05
0.0
0.00012622854609587063
2.0322150608526098e-05
3.135071634013057e-05
0.00010210801848746199
7.587668815110566e-05
2.754760061120334e-05
0.0
0.0
0.0
2.6706192317496843e-05
2.6075262529173853e-05
3.386599455969931e-05
1.819679692473992e-05
0.0
3.103279594719571e-05
0.00019737865480088502
0.0
0.0
0.0
2.314557206831349e-05
2.4180399727157633e-05
0.00012370398017333726
0.0
1.9583016413396953e-05
2.8320466479873876e-05
