2.5200659910376008e-05
1.814462149782825e-05
3.442718374760285e-05
2.7898715290232982e-05
3.167216803367182e-05
9.097885791241085e-05
0.00020368791222675104
3.2404699254515093e-05
2.428905078035117e-05
0.0007164439827671532
2.070566099207485e-05
7.44976909470419e-05
5.687214805314642e-05
0.00011676231030785856
2.8407883777687315e-05
1.9605305651728638e-05
2.3531463311591517e-05
2.5761912247554795e-05
2.117992039834256e-05
5.510084837975678e-05
2.5107127876055026e-05
2.610338297930366e-05
3.261121424154575e-05
2.8150510269244284e-05
4.8454722883963945e-05
2.903727070442727e-05
2.725904798053445e-05
2.503533830213758e-05
1.664534164444455e-05
2.8556590080233647e-05
6.494873722458998e-05
2.27712543401247e-05
2.2887743928404684e-05
0.00017909357089611704
2.9682011219981522e-05
3.262239964551084e-05
3.556623016064786e-05
0.0
2.0897914133357362e-05
2.1544311105735648e-05
5.1586729320787435e-05
2.685243007541634e-05
2.503479664805923e-05
7.349508409310126e-05
3.14027797742267e-05
2.596016524344741e-05
3.1550954671164e-05
3.4053718884715605e-05
2.5275017388186385e-05
3.10597400804639e-05
2.1049506258079967e-05
2.576297225845534e-05
1.9196011073956714e-05
3.863289254686557e-05
5.912942933765728e-05
2.9026430557253593e-05
1.7133747760352386e-05
2.6455787311928854e-05
2.684252228171204e-05
3.337392632640431e-05
1.5968932829597587e-05
5.045769753469901e-05
3.9050911080909935e-05
2.831818896868934e-05
3.0378286954505862e-05
3.202164294490791e-05
2.7026208226695206e-05
3.115887218983468e-05
2.2593444303399937e-05
3.599546042554772e-05
2.524845929670599e-05
3.267085062028046e-05
3.111401282276966e-05
0.0019738131290364305
3.3543325780957414e-05
2.8430310543854257e-05
2.5610499401275305e-05
2.4593710251294793e-05
2.35882257348651e-05
3.7923648557089614e-05
2.9427184114091853e-05
2.7082285355659057e-05
3.2887526021932825e-05
2.394385129583287e-05
7.047280376008613e-05
0.00016484417890295035
2.581740076639517e-05
7.6622824112471e-05
3.233113763535865e-05
2.5965853414370022e-05
2.2339330758852196e-05
2.6455157804127923e-05
3.714948547430062e-05
1.7475379502909757e-05
2.2516682731952007e-05
5.993389871878968e-05
0.00013269565114966026
5.4243105534000574e-05
2.634730695470602e-05
2.57937670536738e-05
3.7823601495530237e-05
3.050710312343166e-05
0.00013313786017068332
0.0018700101980746108
0.0008158567649630289
2.2586340586721373e-05
3.711137166139362e-05
3.7448269775949557e-05
2.4450171817532e-05
8.728137134543564e-05
2.5135042787179713e-05
3.1162356065629175e-05
0.00014006139621571353
3.970568497768241e-05
2.706381697711308e-05
1.6971391967787906e-05
2.0117818047575962e-05
0.0001387880921903005
2.5244969316176344e-05
2.417981194644262e-05
3.289989307056758e-05
3.440738894758051e-05
2.3554580276136e-05
2.397224640529759e-05
1.7927546738941775e-05
6.914783934185156e-05
0.00010951133581148648
1.684446842393256e-05
0.0
0.0022026796587732056
2.802718335255833e-05
2.864590513623521e-05
2.238712161622698e-05
0.00010101967535497529
2.7032316084678754e-05
2.4663618219457266e-05
1.725434169477132e-05
0.00017557174680681684
2.5937339254416056e-05
2.6590225249668647e-05
4.601627945626788e-05
2.388645412681834e-05
4.010097497936467e-05
2.0491864000539093e-05
2.061218066442957e-05
2.027568637452916e-05
0.0004126988375873623
2.7543956525838256e-05
2.336317636611272e-05
0.00017686540338397592
0.00010954209252074188
5.873374157987344e-05
0.0014288421564406613
2.1982287248193595e-05
2.9669822541339338e-05
2.7747769875384306e-05
9.429098218131784e-05
2.42385476484002e-05
3.1525469102911464e-05
2.6041609390393758e-05
7.73935430832456e-05
3.0077926925377084e-05
1.98838287198891e-05
2.5290134278877304e-05
8.687167993437953e-05
0.0
2.4492006314806312e-05
3.0149758388582723e-05
0.00014417140476962926
5.830181700397287e-05
1.940923310412773e-05
3.321362784548398e-05
0.0001536153144076091
0.0002556425470500054
3.577147620597633e-05
1.8858062780232884e-05
4.0335612649238706e-05
0.0001193994150932626
2.1706292248756057e-05
2.6365824526612252e-05
2.388159367187859e-05
2.0653124704402875e-05
2.593005517161354e-05
0.00010337127753621035
2.1684037733023904e-05
3.260209503440475e-05
2.0203864044604477e-05
2.122604374004362e-05
3.086054613694091e-05
4.5746697866382146e-05
4.8571149716682485e-05
5.90760868741328e-05
2.5820649473070746e-05
8.36822519711261e-05
2.5441453422266404e-05
7.539450477011891e-05
3.2285271974538804e-05
2.875231795150675e-05
2.8403168591643195e-05
9.012739149993624e-05
3.312929114617977e-05
2.6650994858962014e-05
8.4307847484546e-05
4.378558902864384e-05
5.1022860416867854e-05
3.298845311443257e-05
2.9804261411353608e-05
2.8024042568013728e-05
2.3545624615728334e-05
3.506783290038283e-05
2.376390550026227e-05
3.772084903038293e-05
4.720175167549152e-05
2.6404910563703692e-05
1.881861755497897e-05
2.044802384342753e-05
2.2701954887175663e-05
3.0062856365778137e-05
1.8463612830595423e-05
3.0394608683690216e-05
2.6502998646776155e-05
0.00022059441895729532
2.020361926897079e-05
2.2828966344179595e-05
3.5725615658766996e-05
3.116273535973481e-05
7.237221067397003e-05
6.016581233232109e-05
2.426390082825756e-05
2.3932826687367023e-05
4.061302352847822e-05
2.5320108692215023e-05
2.649166089522636e-05
2.1633185842286544e-05
2.3614063154014554e-05
7.455158517465426e-05
1.508953846853112e-05
3.1657805409976856e-05
2.5857336299921806e-05
3.363161073907858e-05
2.5235778763209486e-05
1.91528766048034e-05
2.3771201521100432e-05
3.561309450721077e-05
3.897557755498242e-05
2.054294516755418e-05
3.205031943612919e-05
2.0051946077770153e-05
2.397765578375938e-05
1.785807782288665e-05
2.6148773023313168e-05
3.057085415228215e-05
0.00010451227486756296
2.3625570083775337e-05
5.848118260524973e-05
5.09357314670665e-05
2.859218199071638e-05
0.0001232455268600493
2.453651191757591e-05
4.362378426780193e-05
2.576690401309507e-05
0.00014684112783081433
2.2490634017401212e-05
2.0166889495595872e-05
0.0
3.586348295622205e-05
0.0
3.428461510952095e-05
0.0001670905986865534
2.9965431862235208e-05
2.3818290251577203e-05
3.7699824569725175e-05
2.765901970875094e-05
3.539779366388383e-05
2.7361131555747105e-05
9.96470499691561e-05
2.005082130998523e-05
2.480270983356756e-05
2.8999465094564442e-05
5.5066008508780124e-05
2.1111561543983867e-05
2.4398769446645304e-05
4.388076621444969e-05
3.514799222256753e-05
2.7138323507120547e-05
4.5156576021912974e-05
2.8469125162620253e-05
2.416513523555776e-05
2.757281316433639e-05
2.5846586397869135e-05
0.00010492970209367195
2.252223783611226e-05
2.524504024056098e-05
0.00017035331266760756
2.0032855900707548e-05
5.56729146724549e-05
1.8789218037270824e-05
0.00015029439862826574
3.559203686346383e-05
2.800139931316399e-05
0.0002362532350058069
6.557495101772679e-05
3.376091948756085e-05
3.463430373362252e-05
2.1823688201236637e-05
2.8447831497471077e-05
2.049082538936455e-05
2.2084247363020184e-05
2.244705241257618e-05
2.1951476353745254e-05
2.876301536682148e-05
3.202109663335218e-05
2.8042528445513748e-05
3.0131017079045348e-05
3.0534929101610666e-05
4.9239632717722244e-05
2.193918578413655e-05
2.6541032765745153e-05
2.864732620550159e-05
5.26364558195533e-05
2.9435230111826433e-05
0.0001169753257987839
3.3100432462189396e-05
3.082759485998236e-05
2.3985544452948835e-05
2.5919717506004105e-05
2.032325895984538e-05
3.1239588603275085e-05
2.729648269492753e-05
2.4043535164460297e-05
3.0185202071609808e-05
3.078943526808587e-05
2.7013954365013582e-05
7.066223787574445e-05
3.582898866869103e-05
3.043573838590671e-05
2.8362109621340512e-05
2.6977706195598194e-05
2.6363459665580333e-05
3.654729153024821e-05
2.3095678846739094e-05
3.5521476797837494e-05
2.4783570068750495e-05
2.7046831076806174e-05
6.180925116926394e-05
3.215631019768947e-05
0.00011745572806144623
2.257472502493197e-05
2.8726416599123016e-05
6.64594305394908e-05
2.2582444426981475e-05
2.4728404957385358e-05
2.6726078755985523e-05
1.654905415004687e-05
2.855734616048599e-05
0.00013727217031930296
2.6906664112055343e-05
2.7259484243110557e-05
2.2508558135901756e-05
3.154818047113659e-05
3.5145665121313186e-05
2.7172113557031823e-05
0.00021324960446285135
8.071892530103886e-05
1.980750196401159e-05
2.317948740357083e-05
1.9063845376955122e-05
3.867222952557188e-05
2.547491423433896e-05
2.6037606932124386e-05
3.006826651561337e-05
2.759512059479328e-05
6.24080386019516e-05
2.1032622330664447e-05
0.00010340089391203167
2.8396982548742658e-05
2.3152880036877086e-05
2.6002138944933192e-05
2.997326943984604e-05
2.893537096054191e-05
2.702794852402325e-05
2.2872757870183033e-05
2.8156455536055e-05
5.1753810929183366e-05
2.8332659598526195e-05
0.0
5.5909552820126966e-05
4.2088318508661815e-05
2.737534681997365e-05
3.77400125382053e-05
1.9559391578776532e-05
7.62188604859751e-05
2.3420679562943908e-05
2.414263030875189e-05
5.9056029191129174e-05
2.7769143059445723e-05
3.0733536902554674e-05
3.512696446760432e-05
2.6205923566399672e-05
0.00010858673966832578
2.4453871032041146e-05
1.647270285917908e-05
2.3143954092672443e-05
5.490962273457057e-05
3.277316604255436e-05
2.259085445559427e-05
5.6647328099969585e-05
2.3314236301481706e-05
1.9463384891319388e-05
2.1277785360505324e-05
7.933726022388072e-05
6.775987827093963e-05
4.8592292120845015e-05
2.495676805443459e-05
4.23977754197288e-05
2.065555232984411e-05
0.00010053681429031019
5.779964106896184e-05
2.114427399631118e-05
0.0
3.389846836250293e-05
2.4429234848712566e-05
0.00016250552063244822
3.100798298011239e-05
3.473767383908644e-05
2.263993689297555e-05
2.0432575857898743e-05
3.0055053860191155e-05
3.783110388966525e-05
2.6308948965912493e-05
1.8315425548250697e-05
4.0043039266221794e-05
6.197672372980394e-05
4.136124079045337e-05
2.483753458727965e-05
2.7992589164136276e-05
3.701798467364916e-05
2.680184060745802e-05
3.442833844275886e-05
4.935342350667066e-05
2.5128198303728148e-05
4.243924268069925e-05
2.631207961365591e-05
2.4452159576752785e-05
3.497579934969738e-05
0.0
3.303259961249235e-05
2.547651279971144e-05
2.1940620297713645e-05
3.3120268744732395e-05
0.0
9.371966610781087e-05
2.1886007673969326e-05
2.192030061387626e-05
2.190125256603189e-05
2.3421845391323814e-05
3.178943915233023e-05
0.00010284887094249461
2.7159235699898125e-05
2.5319500107301416e-05
3.567925814840512e-05
2.629927007092021e-05
2.2816207322874915e-05
2.8440857403482525e-05
2.2053304884269656e-05
2.4905783182172512e-05
5.361958258932894e-05
2.678239080564234e-05
2.4013737500355025e-05
2.080711276676922e-05
1.9042743837882068e-05
0.0002201741368379805
3.0756315628305666e-05
8.05231717977449e-05
2.4813453545417963e-05
1.9036198270621528e-05
1.49477610903521e-05
3.424268865839462e-05
2.1161128754740843e-05
0.0
4.6870528044263334e-05
2.6226275370054483e-05
1.7432541733617975e-05
0.00011893287247760831
0.00010641183148849596
2.1190322466809845e-05
3.678720810416191e-05
2.2393920734115602e-05
2.499950059836885e-05
2.8800450532098803e-05
2.4100265623692146e-05
2.6746612323170922e-05
3.1092586047319695e-05
0.00017612513855880764
6.771854376237854e-05
0.0
2.7582035089947225e-05
2.4959160520817707e-05
1.7391459587456267e-05
4.404280237217964e-05
2.167214932278735e-05
1.9938242663354794e-05
2.9688194690192324e-05
2.619458708136552e-05
3.612053785238242e-05
2.5182458309949762e-05
0.00024315198322868525
2.6177175994023005e-05
2.2084215900279938e-05
2.0459490187925188e-05
2.7245584904008214e-05
2.947812690040601e-05
2.6272266983000807e-05
0.00010586769723211693
7.650121985446667e-05
4.983970261004715e-05
2.1082072878097673e-05
2.7268315310276855e-05
5.940503627508445e-05
7.449751330896387e-05
2.2118669785966443e-05
5.28848522555274e-05
2.1198623827001855e-05
2.5961586907756523e-05
2.0993260113964785e-05
2.549924315698675e-05
2.5099574763414575e-05
2.3415932220730692e-05
7.338825281244662e-05
2.578597522706446e-05
2.415681714147869e-05
0.00013662065853876646
3.122431272249228e-05
2.2028847070831067e-05
1.5956705428965348e-05
3.282319768244893e-05
0.0011118186088569183
5.194081714601843e-05
1.8928216518061007e-05
7.585708984644536e-05
2.7039936532204655e-05
2.318140325471257e-05
2.095188796713059e-05
3.469252455399013e-05
6.572904438100284e-05
1.9479608239610873e-05
5.2598087247360914e-05
3.0463574515835062e-05
2.6747155392645196e-05
3.545660673583464e-05
2.433867806486825e-05
2.958319718578754e-05
4.0061218052308755e-05
2.0813786648672392e-05
0.0003717569320374068
0.00011131356276324472
3.8201019648091384e-05
3.4606805242544824e-05
2.010571343775648e-05
2.6973033061295195e-05
2.9781588349105307e-05
2.7183769021143583e-05
2.2567625048402982e-05
0.00037512923680127795
3.843232812552237e-05
2.1124051225883578e-05
0.00014637479904214056
6.113401350411631e-05
3.2337676102828466e-05
2.522687245714961e-05
4.765269752907158e-05
2.4359022937273576e-05
7.334242042783562e-05
5.566128786778e-05
3.137811047587221e-05
6.811186220471538e-05
2.0542642300863972e-05
2.3142405932374912e-05
2.3132639914173647e-05
1.8992879699517106e-05
0.0001100664705611409
2.392370804906642e-05
2.3933919584503166e-05
2.173440390127274e-05
2.1893680128355634e-05
6.945296076626532e-05
1.8832166806324818e-05
1.5788406378858663e-05
3.123851843300492e-05
3.3642799653895456e-05
0.0
2.6766749441407988e-05
2.070520208247771e-05
1.8796104319850516e-05
0.0
2.758400188758006e-05
1.826574941122425e-05
4.608224886518862e-05
1.8118121597158983e-05
3.455863304955107e-05
2.2896369812530753e-05
2.658561062043231e-05
5.538389941658942e-05
2.280222527577968e-05
7.617769509836405e-05
0.0003084070870446461
3.9082292746234544e-05
2.5585930563500636e-05
2.1840811344326963e-05
3.487143768103005e-05
1.866997952893287e-05
4.022152948125741e-05
0.00015647894165692305
2.4222848749568745e-05
3.539324541323339e-05
3.209574478829191e-05
2.1525660537562877e-05
8.877808288858836e-05
1.979217727222959e-05
2.330041102602343e-05
4.106652310138574e-05
2.2068910715086856e-05
2.175026304676465e-05
2.4947378665509312e-05
2.4543742882487417e-05
2.1661107139865093e-05
0.00010184702036425747
2.7277022326688956e-05
2.446492255168094e-05
2.5436767535813073e-05
2.1160785237898725e-05
1.8233250799137215e-05
8.434591231392874e-05
2.834105775023825e-05
2.7389772866638416e-05
5.3605071076945794e-05
2.472485578545566e-05
4.0966613641070724e-05
4.257806918374967e-05
0.00011865543806874593
2.1930518435361767e-05
0.00015707179980296637
3.326566035348074e-05
2.5137810231316023e-05
2.233651264064204e-05
0.00010794733318416434
1.953308459458339e-05
3.391168459768689e-05
3.286262144235042e-05
6.824731449349366e-05
0.00010370899801510852
3.9885328036287365e-05
1.993309369588703e-05
2.3036841154185565e-05
8.669411750442795e-05
3.2471440122995545e-05
3.243135766137081e-05
3.564272949391501e-05
2.6515613437901837e-05
2.099057500234263e-05
2.8532402071334205e-05
2.437358543037902e-05
4.265559449530986e-05
3.196794849101562e-05
0.000113273142014823
2.2919793475576055e-05
1.8782041951874673e-05
0.00012210462087745066
2.1535854166326455e-05
2.580874304197465e-05
6.405246115760131e-05
0.0001506832196861333
0.0
1.6624213659999336e-05
2.074268786326725e-05
8.380738596645981e-05
2.028662892633453e-05
3.091643410290628e-05
0.0
8.820345174785272e-05
3.120163034276334e-05
2.7749802762692954e-05
2.138238885844782e-05
3.265769301172676e-05
1.736878804243053e-05
9.529471555444155e-05
2.2710002760499963e-05
1.9128946695088838e-05
8.665674881274633e-05
7.34102788505045e-05
2.4464197639545583e-05
0.00037636942079769995
2.5267084007473386e-05
1.853331357131843e-05
1.8647769308356916e-05
6.535549064040648e-05
2.6600212202030212e-05
2.391035053270778e-05
4.258471545189401e-05
2.6700904322699524e-05
9.010382679044358e-05
2.1988643184102573e-05
2.7970771019177806e-05
2.273834226107315e-05
2.1718657888753675e-05
2.0400740934133717e-05
2.148273734237765e-05
7.67217177840433e-05
2.69288817851761e-05
0.00045948897362377755
2.6022498386254307e-05
2.443647708462163e-05
2.6984716089506646e-05
0.000126619579852997
2.99442336001368e-05
2.596112321754351e-05
6.667040410235575e-05
2.4743277525122925e-05
2.5240815394203806e-05
0.0014815365683288578
0.0
2.779265494466493e-05
4.231277553196096e-05
2.304752130656594e-05
2.2254194366016263e-05
2.3179374047113344e-05
0.00011766789237497355
2.852984110965896e-05
8.942070146202874e-05
4.820962584930971e-05
1.9204426091544376e-05
1.7962013999747588e-05
0.00013888448059362548
3.127065746149627e-05
2.644518226445404e-05
2.45302676229917e-05
2.3790026197719586e-05
0.00012122834027396361
5.411467076373673e-05
2.3430641451199527e-05
4.765929159677548e-05
2.5676205368531073e-05
2.525465748203531e-05
3.6903394125586885e-05
2.012489535375634e-05
2.3634566048872923e-05
3.886055724221926e-05
2.2817954633405524e-05
4.953855216151525e-05
8.239936087719688e-05
1.9310118960695647e-05
2.717944923844624e-05
3.1739945746956066e-05
9.88419661947604e-05
2.489224862064462e-05
2.0801693407125937e-05
2.3041813522376114e-05
1.861785388701484e-05
2.3735946389607126e-05
2.2871090865448858e-05
2.109653657961907e-05
3.320242654586435e-05
9.788729438209052e-05
7.672703528916017e-05
2.1455571329007782e-05
3.113141848162011e-05
2.5557681559994317e-05
2.3067196415720817e-05
2.6656364574752915e-05
3.2533672743847014e-05
2.090916313935768e-05
0.00010095068166073551
2.317410680472034e-05
9.987356321259991e-05
3.1905980825642785e-05
2.9928803571239117e-05
2.32057561859463e-05
2.7326360585336935e-05
2.4895231316943503e-05
1.7000330098519123e-05
2.005889942518429e-05
3.753432878437439e-05
4.330001938884477e-05
0.0005127880077424816
0.00042001373120329616
0.0005322808596217754
1.9990537504253586e-05
2.8549066483339715e-05
1.884522990658298e-05
2.5570016967750936e-05
4.6156953835145006e-05
3.317446032722461e-05
0.0
0.00011002819404985646
3.702494723505457e-05
0.00011210002836847382
3.365559853830436e-05
0.0001270021422588921
2.575622525728784e-05
4.5258423639590516e-05
0.00010917190802166208
4.235590773481768e-05
2.1282312272016907e-05
3.075722619620949e-05
3.315600642709334e-05
3.3173366496647594e-05
2.851430960360817e-05
2.0370862060101925e-05
3.5941328516056427e-05
2.506824330488269e-05
2.9966749204776157e-05
2.4659662336962605e-05
2.7313196385546924e-05
2.206476526113721e-05
2.6224537730175974e-05
8.860792578935353e-05
2.726789076843627e-05
3.372012889981313e-05
2.4051988500838168e-05
4.200111948418642e-05
0.00016830650178166506
2.4231775095604594e-05
2.6654537239648438e-05
3.688105764371535e-05
2.8964761296797554e-05
1.897045891272433e-05
0.0008462118709517203
1.795257805985354e-05
1.9487214903744954e-05
2.3631739893982418e-05
1.7668102611252446e-05
2.0686615812980465e-05
2.1637793707279584e-05
2.214888025939473e-05
2.3311915873946664e-05
2.3349293543751667e-05
1.6287809147707474e-05
6.662942629573148e-05
2.1551079611365142e-05
2.3165279065158927e-05
2.3578993742187887e-05
4.20175190992714e-05
5.623426941416254e-05
4.5829649471936366e-05
1.9392700554274662e-05
0.0006522640668402985
5.0880458894222325e-05
2.047750068054638e-05
2.022118377216434e-05
3.1849130191286706e-05
3.404415395572032e-05
9.281506501471788e-05
1.720207298849004e-05
7.970857643160245e-05
2.669456373108674e-05
6.593765753439914e-05
2.2415260576782324e-05
2.3133028149092354e-05
0.00011471879137690343
3.332203087285457e-05
2.644922942760573e-05
3.082673767123055e-05
2.83880981900012e-05
3.026155530474976e-05
2.2771335162098063e-05
2.111725670161951e-05
0.0005991420270369231
0.0
2.3352284343580778e-05
0.0001019100513412798
3.8784223141529214e-05
2.5942023370568976e-05
2.502358371918128e-05
2.3740327591355704e-05
2.1530289356745615e-05
3.3450271476363206e-05
1.999987165831573e-05
2.505559969640634e-05
3.5127380051399535e-05
1.9391641679176446e-05
2.153334329115461e-05
2.279501909513806e-05
2.5212043327672e-05
2.0920487091181798e-05
7.437892682552892e-05
2.00077605121713e-05
3.0083051816712128e-05
2.741611012127296e-05
2.5489435280053327e-05
3.0344698002741275e-05
2.5829258443635887e-05
2.744092892086441e-05
0.0011619167690564702
2.9880409009560373e-05
1.45896086831064e-05
2.9550466539010895e-05
0.0
2.9783331676019385e-05
0.00028592843505197146
3.832781016644031e-05
4.044799556882148e-05
2.4597223760101575e-05
2.8500032978578572e-05
6.783329236157321e-05
3.248699286958333e-05
0.0
1.7044338737014653e-05
2.1929946580844608e-05
9.848255470212261e-05
4.710654001820068e-05
2.4072346680346637e-05
2.111526480700636e-05
0.0
4.8896965859596784e-05
3.077534576749352e-05
2.7226771825044997e-05
3.718033018993749e-05
0.00019348667798283338
3.7418381844107453e-05
1.9015802558297983e-05
2.2619980243864996e-05
3.5456429608394155e-05
7.022758767122359e-05
2.954056665313986e-05
2.430408804012022e-05
3.637189721495113e-05
0.0
2.4163523622865433e-05
2.5923955338623353e-05
2.1606329173894505e-05
2.590964330504358e-05
2.0230778830813702e-05
2.5890427549691568e-05
2.41419945719259e-05
1.4676187845912732e-05
0.0
0.00020419893071218015
2.5129166109757682e-05
3.667336422967904e-05
1.9222594816223203e-05
4.609521968277368e-05
3.218110129325424e-05
2.0546651023200704e-05
2.4023081011320475e-05
4.516712532078241e-05
2.4263485817886677e-05
2.332341939697557e-05
2.7428214103222767e-05
2.0856860114183793e-05
6.973645988292358e-05
4.247339885328298e-05
7.018894443972165e-05
2.530569999971201e-05
1.96801016100832e-05
0.00010123535845600185
2.3516703218058376e-05
2.3630347380886696e-05
5.604186606753168e-05
2.8531947933522982e-05
4.848050023984283e-05
2.0377135071067922e-05
2.1686038522878547e-05
1.7254758315804974e-05
2.1721102908229733e-05
2.2557069421934026e-05
5.470403185316333e-05
2.938401630776274e-05
2.8193114118624018e-05
2.2447326792735556e-05
2.197116435995923e-05
4.3981945493268285e-05
2.1305980395191422e-05
2.5281111167572585e-05
1.6796477286418124e-05
3.288190413659063e-05
3.627665813794229e-05
2.739133716876249e-05
2.3355134607260474e-05
0.0
2.0177665253500833e-05
1.855341017687398e-05
2.752476536835938e-05
4.8891920412533865e-05
7.533150208722678e-05
0.0
1.936456132964527e-05
2.6152488260484588e-05
2.7529256382468532e-05
3.473547932447108e-05
2.7715325378246697e-05
5.882406579042427e-05
2.0797762850146863e-05
4.389291599901716e-05
2.2946323844045036e-05
5.189523647244677e-05
3.4907993699357e-05
8.863819509942253e-05
3.034761451928768e-05
2.5912480154539445e-05
3.339261579325093e-05
