4275
30478
28240
25715
102
24025
24877
18748
11003
17525
16721
25720
6859
20625
22159
248
16698
25721
23412
20564
19957
28550
24884
28248
28238
10985
15335
17511
12327
12343
13063
12342
14130
78
25225
25097
19267
214
27467
18784
224
20663
20654
19266
28536
1507
24198
19499
24930
27772
24036
17522
22599
19281
16673
20554
6885
28494
6765
24881
28236
26899
16658
16256
28228
23681
28180
28179
25742
12357
6970
6879
23644
24888
17729
25716
19288
10172
24946
23905
14141
13825
24874
16639
26574
22665
27721
2051
18850
20518
12323
22157
28243
209
12340
26661
230
17444
16605
26596
