4275
28240
25715
102
24025
24877
18748
16721
11003
25720
17525
6859
22159
16698
28248
20625
25721
28550
23412
24884
20564
19957
248
28238
10985
12327
15335
12343
12342
13063
25225
25097
78
17511
27467
19267
14130
20663
20654
24036
18784
214
27772
24198
28236
19266
24930
19499
224
28536
1507
28494
6885
19281
16673
22599
16658
24881
20554
28228
26899
6765
28179
25742
17522
23681
28180
24888
6879
23644
25716
16256
6970
24946
16639
28243
14141
12357
17729
24874
19288
22665
26574
12323
23905
27721
10172
22157
28212
18850
2051
26661
13825
26596
12340
27628
5401
17444
20518
16605
