4275
28606
27007
18766
6173
23332
9769
17065
28483
1029
15519
9542
20543
22947
26289
20322
5244
22475
9640
9391
25858
19381
28809
12449
12082
18703
6313
29881
27173
12635
9966
18960
8577
17737
25726
22962
28119
13611
18756
27507
28450
3371
8822
28750
22294
4187
10611
26211
11871
14308
20545
19958
23589
7052
2865
5273
11086
21109
2947
20006
15155
17518
16685
19668
10107
6976
6425
2041
14960
23434
10749
28649
16299
4461
25586
16063
25513
3040
5615
11154
13620
19431
14127
17612
24151
9622
3186
7827
9431
28524
17775
5866
16227
17951
86
10592
2130
429
6250
23337
