4275
30478
28240
25715
102
24025
24877
18748
16721
11003
25720
17525
6859
22159
16698
28248
20625
25721
28550
23412
20564
24884
19957
248
28238
10985
12327
15335
12343
12342
13063
25225
25097
78
17511
27467
19267
14130
20663
20654
24036
214
27772
18784
24198
19266
28236
24930
19499
224
28536
1507
28494
6885
19281
16673
22599
16658
20554
24881
28228
26899
6765
28179
25742
17522
23681
28180
24888
6879
23644
16256
25716
6970
24946
16639
28243
14141
12357
17729
24874
19288
22665
26574
12323
23905
27721
10172
22157
18850
28212
2051
26661
13825
26596
12340
27628
5401
17444
20518
