4275
30478
28240
25715
24025
102
24877
28248
18748
16721
25720
22159
28550
28238
24884
16698
25721
11003
6859
28236
10985
23412
20564
12327
17525
19957
20625
24036
27467
27772
25097
25225
28494
28243
15335
12343
12342
24198
20663
28228
20654
13063
16658
248
6885
28179
19499
19267
24930
19281
78
25742
16673
19266
24888
28212
18784
22599
16639
24881
1507
24946
26899
28180
6879
28536
23644
12323
25716
14130
214
23681
17511
20554
14141
6765
22157
27628
27771
21915
6970
22665
24874
27501
224
28472
27139
28233
27721
26596
26574
28172
26661
16726
21916
27482
5401
28227
28145
12340
