0.0013634014960224436
0.0013634014960224436
0.0013634014960224436
0.0013634014960224436
0.0013634014960224436
0.000604130063766506
0.0014966509017648405
0.000991268169552478
0.00313067703612684
0.0013634014960224436
0.0017444895452609125
0.0012108928278044813
0.0017504751780480967
0.0007510256221951048
0.0013634014960224436
0.000745458118325224
0.0015766020319025768
0.0015756858935299847
0.0007764417675855213
0.0005785129794563657
0.001638238175752869
0.0017329203885973823
0.0007089078738757374
0.0013165410381152404
0.0014534497510083708
0.0006935053634765339
0.0008507229827979121
0.000774931485550365
0.0013432293413498232
0.0014891736704661423
0.0013867770752454534
0.0013634014960224436
0.0013065111384603302
0.0013634014960224436
0.0013634014960224436
0.0016730757376813255
0.0014510690176352543
0.0017028157788662964
0.0013275770478093343
0.0012059709241961452
0.001483014851331041
0.0012178848045317587
0.0011687036968278577
0.002053599755898744
0.0013634014960224436
0.0007490624316294058
0.0007239654762172229
0.0008557733625567584
0.0005182504331112797
0.0013634014960224436
0.0013634014960224436
0.00156409545751743
0.0008570589543743633
0.0013634014960224436
0.0012135468053184192
0.0013634014960224436
0.0006471418013182321
0.000633304098495203
0.0012134107317654955
0.0014701853227079593
0.0013634014960224436
0.0014043845335234304
0.0008278987933531586
0.0014902722481544585
0.000930959086772516
0.0010260466350028462
0.0013634014960224436
0.0018520268361764056
0.000954573728638568
0.0013045271805931882
0.001463336153898417
0.0017103466400599692
0.0014619300259201887
0.0006618091429427285
0.001848063708678973
0.0008294756264462
0.0008545076362012142
0.0007237297579131618
0.0013935464970944484
0.000888923641095539
0.0017206655866124545
0.0007211742063950302
0.0014325887294417872
0.0012167840874481924
0.0007623447088608179
0.001503075904115017
0.0009573410462504677
0.0013634014960224436
0.0012078255617167684
0.0017288209089365292
0.0003930941178897992
0.0014331187158635815
0.0013634014960224436
0.001373340450124777
0.0013634014960224436
0.0008259787267886133
0.0010472100288612105
0.0007869446516942085
0.0006931442764273077
0.0013634014960224436
0.0012127785038881732
0.0013634014960224436
0.0013487202855207694
0.0008214661515100688
0.0009419267573710302
0.0013026194094373318
0.0015672557909100656
0.0015780035176677827
0.0017119307524018435
0.0015886485088493637
0.0013498905997158454
0.00040383514990178257
0.0013634014960224436
0.0013634014960224436
0.0016719868754219468
0.0009890360269006154
0.0005621561185791496
0.00121353717034204
0.0008001004325942557
0.0013255903824371186
0.0013634014960224436
0.0010483633993245707
0.0011058675787961206
0.0014721792538059397
0.0008320402386459228
0.0013634014960224436
0.0013634014960224436
0.0012092785269203522
0.0013634014960224436
0.0017948375416950383
0.0013739088272511969
0.0007246124898959675
0.0007942214231546542
0.0006917055690067437
0.0014621491214156504
0.0013634014960224436
0.000782643906578794
0.0013634014960224436
0.0012155869784295675
0.0009214033078190884
0.0009777776059187548
0.0007209540599213763
0.0013634014960224436
0.0013876060877916054
0.0009531057346321858
0.0013634014960224436
0.0014989728377503549
0.0017972457118573773
0.0007246124898959675
0.0013634014960224436
0.0013634014960224436
0.0011254307554661841
0.0013634014960224436
0.0013634014960224436
0.001741130728948017
0.0016399016431303181
0.0014311139915852676
0.0013634014960224436
0.0018867637676059966
0.0013634014960224436
0.0013634014960224436
0.0014656146674072218
0.001083851073065517
0.0005732171040193654
0.0014299245645565865
0.0013634014960224436
0.0014783370237932642
0.0013634014960224436
0.0014619749826483665
0.0012340669137109446
0.00086114482364576
0.0015223750637865193
0.001330304415148556
0.0013634014960224436
0.0011501304619352167
0.001472100012877304
0.0015517405746814943
0.0016618633369241856
0.0011011746904210145
0.0031585508982835083
0.0013634014960224436
0.0010961986248509323
0.001129849472517694
0.0011307423629247396
0.001431209483853388
0.0013634014960224436
0.000698921613903897
0.0014875039906598485
0.0013634014960224436
0.0007416975726152886
0.0015833020491970858
0.0006679466016737673
0.0014584394438823321
0.0006570291332283475
0.0014441212817563115
0.0021259724618156645
0.0006839651061566381
0.0013634014960224436
0.0006631574796908343
0.0015740043073915106
0.0016720035732591895
0.0014973841062119798
0.0013634014960224436
0.0017288209089365292
0.0013634014960224436
0.001196964391380155
0.000809216425154213
0.001160138013815805
0.0017471287361467296
0.0011705854183156673
0.0007128845839060237
0.0015254210886483327
0.0007221884592945122
0.0008350725260581354
0.0013634014960224436
0.0015776779073387165
0.0007253379658475587
0.0018522042280156245
0.0010963333443008234
0.0006956360930097365
0.0004173234745574974
0.0013634014960224436
0.001130100944544445
0.001188402179674757
0.0005163512487763608
0.001413708288102812
0.0017585029158397282
0.0011647440228093194
0.0005152754167351515
0.0013634014960224436
0.0010124277081447405
0.0013634014960224436
0.001385237062519592
0.0013634014960224436
0.000825155784925791
0.0013634014960224436
0.0013634014960224436
0.0006687744166708309
0.0017402538859130267
0.0011214680827946054
0.0015014643984793844
0.0006838483691597194
0.0014308667563304818
0.0014645264384421292
0.0013634014960224436
0.0004575510502874992
0.000756771828666553
0.0013634014960224436
0.0013634014960224436
0.0007981077212780926
0.0009026987067924214
0.0013974487761899386
0.0013634014960224436
0.0013634014960224436
0.001343193905610886
0.0011597849517066073
0.0011323433909790086
0.0008317792864827458
0.0016799263880015898
0.0006482615701783653
0.001649156214510559
0.0006940048153867233
0.0012889752899436799
0.0008071723984574262
0.0013300129741664992
0.0013634014960224436
0.0014248901216960422
0.0006831151198245779
0.0013264531108996207
0.0014032553564039445
0.0011318662454211296
0.0008684074217526084
0.0008500498481243284
0.0013634014960224436
0.0009671025279625906
0.001498226564474896
0.000747750303155574
0.0013634014960224436
0.0012656819182451597
0.0012270644789054647
0.0017470415765301745
0.0017400406433194736
0.0013634014960224436
0.0012117424163386682
0.0012214433407315498
0.0022875778611765626
0.0013634014960224436
0.0010422640028021415
0.0014052186543429637
0.0009444299504088172
0.001133179036679039
0.0013856112052729377
0.0006615118756746071
0.0010025703459444694
0.0011944431226271243
0.0016409277208562208
0.0015471424061882476
0.000782643906578794
0.0011917143008183795
0.0006965103945841669
0.001123020233876975
0.0013634014960224436
0.000735120873341235
0.0005440382642600278
0.0013634014960224436
0.0009998121784310621
0.0014384226206769224
0.0013634014960224436
0.0014352909536377786
0.0018301551105630318
0.0012144715702950663
0.0013634014960224436
0.000932345895864555
0.0008244814259644096
0.0018167418542312385
0.0015220219928463127
0.0014625368978583213
0.0012650999407624003
0.0013634014960224436
0.0013634014960224436
0.0012993719113623679
0.0011478007826143807
0.0007254004346963992
0.0016987107089424566
0.0013634014960224436
0.0013001958010203556
0.0010462218087668627
0.0017360969937491317
0.0013634014960224436
0.0007223071113453076
0.0007318297069355102
0.0008674483819528216
0.0007193847525846942
0.0015402734196425475
0.0010461174324699338
0.0013634014960224436
0.0013634014960224436
0.0007287703688655088
0.001430267086487416
0.0006534519667597342
0.001504897312059884
0.0011957745547135047
0.001301527787838741
0.0013634014960224436
0.0008439648616937728
0.0009713544681384038
0.0013634014960224436
0.0007426753396366461
0.001301664196717024
0.001285434798892433
0.0010903067619111144
0.000855324341885346
0.001332558415665442
0.001533958565059745
0.001132821727572742
0.001455219551992491
0.000977729339965138
0.0013634014960224436
0.001443491695584323
0.0013634014960224436
0.0010212359853283902
0.0013634014960224436
0.0008080586649780848
0.001400998874440099
0.0007752864295611126
0.001657042282155528
0.0014616070762866224
0.0011804036267094432
0.001580593509366265
0.0012120981763136323
0.0008083108807931791
0.0007349205266590136
0.0013849094165148512
0.0013634014960224436
0.001264533586721976
0.0007081960760365972
0.0011035920127845321
0.0013634014960224436
0.0008480894282977971
0.0016388041510827151
0.0013634014960224436
0.0007651030183933716
0.0013634014960224436
0.0015748733546878993
0.0007274286176744417
0.0013634014960224436
0.001268285179502989
0.0018452116941079005
0.0008117342009700221
0.0013634014960224436
0.0013634014960224436
0.0014496704737334174
0.0013042417088042588
0.0013634014960224436
0.0014305117942254259
0.0007414294192112042
0.0012144991566806194
0.0014297527477342446
0.0013634014960224436
0.0016515560276634913
0.0008264570780610282
0.0009536677860593936
0.0014055770612192559
0.0018422133931551249
0.0015010144728318823
0.0014689487568807695
0.0013634014960224436
0.0013634014960224436
0.0009747863982148003
0.001385694261610044
0.0010469739903099233
0.0014638185305276693
0.0014072895229497468
0.0013634014960224436
0.0014300305075265222
0.0009412207099141507
0.0015212812980052342
0.0007239874260569894
0.0007725056914587633
0.0009913074695023776
0.0013252805822503945
0.001434394797782001
0.0012127144850308635
0.0015260177582275974
0.0007264540425859592
0.000735212183590863
0.0013634014960224436
0.0013634014960224436
0.0009762643709205861
0.0008557295891390851
0.0015049466542035386
0.0011002156818296857
0.0008236456263407301
0.000937416611945992
0.0017923877141728512
0.001213485532714532
0.0018505973711909949
0.0013634014960224436
0.0007247191525296429
0.0013634014960224436
0.0007379879693749713
0.0013634014960224436
0.0006288286308486255
0.0014730892053941762
0.0007234268027494942
0.0009586951407119182
0.0013448549331720834
0.0014965960324313482
0.0007957541675621846
0.0012247670815213802
0.0013634014960224436
0.0014690479068907916
0.0014485115646983274
0.0008440254587011894
0.0007643586800637085
0.0007006519655901087
0.00146316563275875
0.0010304760161965684
0.0015586329037331152
0.0007601944665014602
0.0014647341265746595
0.0014829066970631851
0.0013325034589332838
0.0007532390044858443
0.001502943713716869
0.0007067433667629322
0.0015026126942254026
0.0013634014960224436
0.0013634014960224436
0.001150953017555754
0.0013810927382740756
0.0013634014960224436
0.0014781034119531156
0.0013634014960224436
0.001215294758177916
0.0013634014960224436
0.0006987388534896759
0.0006928398377541048
0.0013634014960224436
0.00122523744697848
0.0013634014960224436
0.0007265282430345933
0.001737374302907567
0.001208528771388238
0.0012194604352523584
0.0014542126636319153
0.0015004504199280092
0.002009600078802385
0.00137528193842901
0.0006919030371172054
0.0011975012115629726
0.0007237320176849908
0.0016970321228005686
0.001421385251361275
0.0007322500582668376
0.0006416408128214366
0.0008878750292942741
0.0011679308823327227
0.0008083682644791114
0.00045755105028749926
0.001659522125112374
0.0011296955647506518
0.000745458118325224
0.0013949199448310941
0.0014620255826505817
0.001437758498262846
0.0010716873409780828
0.0013634014960224436
0.0013634014960224436
0.0015740973312659068
0.001003732351131797
0.0013947505060776578
0.0031585508982835083
0.0013012918433225253
0.0018575756431962523
0.001431307145121235
0.0017110459180687846
0.0011265302521237463
0.0017086665130373756
0.0013658897875202572
0.0013981966110899707
0.0013634014960224436
0.0009333228757191307
0.0012786653062303761
0.0014626999811337884
0.0013634014960224436
0.001524363019229658
0.0007454735801733436
0.0013634014960224436
0.0008250801902174942
0.0011458079865446467
0.0013316842851323054
0.0013634014960224436
0.0017318284126034748
0.0013945265006207461
0.0015048337374575773
0.0013634014960224436
0.001270190056458138
0.0011545294351841084
0.0009321023334028121
0.0013634014960224436
0.001344078691427206
0.0006965796680172549
0.000747313060418123
0.0013634014960224436
0.0007153680438799386
0.0015223750637865193
0.0012059709241961452
0.0013634014960224436
0.0012983133584148275
0.0008570589543743633
0.00122523744697848
0.001415386887637414
0.0008597627771485442
0.0013764028835877226
0.0017389389451461076
0.0015512745747269764
0.0013634014960224436
0.0013634014960224436
0.00147330725704374
0.0015707519756336778
0.0013634014960224436
0.0010175476347014333
0.0015261649515481836
0.0010224283501686735
0.0006820515626655346
0.0013634014960224436
0.0012295215964055184
0.0013634014960224436
0.0008516508353724755
0.0013634014960224436
0.0006345501935541624
0.000735120873341235
0.0011346407924555065
0.0013634014960224436
0.0013634014960224436
0.0018503952193883396
0.001235470810890997
0.0013634014960224436
0.0007852552223361145
0.0013634014960224436
0.0015228938816508725
0.0007057354461109552
0.0013634014960224436
0.0014635800709019188
0.001158907933234283
0.0015040238337325164
0.0013634014960224436
0.0013634014960224436
0.0020538731181126042
0.0005163512487763608
0.0005692462921934335
0.000831249718461093
0.001134887815981125
0.0011488944037439282
0.0016505735874829531
0.0013634014960224436
0.0013634014960224436
0.0007092090842242924
0.0014635250215140996
0.000590802139852507
0.00046079063138809766
0.0018496343188856045
0.0011999674922211453
0.0013634014960224436
0.0013346042458522679
0.0014807051401049818
0.0019780026230197248
0.001519988061493254
0.0011485794454354449
0.0013634014960224436
0.001107617329484981
0.0010163421969555946
0.0015747630147932435
0.0014204088517602432
0.0012358067042131356
0.001511207654992219
0.0013634014960224436
0.0011015875177847814
0.0015093184273010417
0.0012149545671562283
0.001462792139905931
0.0013634014960224436
0.0012358067042131356
0.0005169504301707454
0.0014652583771197936
0.0009588274585016995
0.0006955216015378772
0.0013634014960224436
0.001131272147583224
0.0014194231568182005
0.0007092090842242924
0.0016339726892209954
0.0016764333118246552
0.0016142070080026958
0.0014975873272700206
0.0013634014960224436
0.0007106864222007467
0.0013634014960224436
0.0015048525896641258
0.0006004944139780628
0.0011320649252271069
0.0015837939244213134
0.0008868164092123132
0.0013634014960224436
0.0013634014960224436
0.0015768526930440654
0.0013634014960224436
0.0018494184078723913
0.0007057354461109552
0.0013634014960224436
0.0019396213374916088
0.0007286614631616181
0.0013634014960224436
0.0009331269607223505
0.0013634014960224436
0.0012337803711864122
0.0007484924238790116
0.0006620295452886763
0.0013634014960224436
0.0013634014960224436
0.0009489405470792328
0.0006965141143174082
0.001131280688506475
0.001216321564725007
0.0018509209540932227
0.0005185083825533766
0.000709893346755541
0.0013416907034000717
0.0013634014960224436
0.0013634014960224436
0.0008579565150234286
0.0018886834522597192
0.0011500145266015358
0.001673500936766435
0.0011328049189327045
0.0013956409765554084
0.000707407032902003
0.0011626670499087879
0.000694562278418667
0.0011376507210783258
0.0013285567703943278
0.001418703480669338
0.001006242605435961
0.0005072088661478159
0.0014223183898745457
0.0015191896651460407
0.0007283975044531559
0.0006534744745377687
0.0013634014960224436
0.0014295967156271556
0.0007244020412477105
0.0011509087419924798
0.0014311139915852676
0.0013634014960224436
0.001429724100781691
0.0013634014960224436
0.0016800675642377355
0.0010442040188916586
0.0013634014960224436
0.0008519263042735595
0.0017368914719588628
0.0018438557460618826
0.001673458261224052
0.00064034554741062
0.0013774824248904366
0.0012336266102592674
0.001013026294960359
0.0008368973902585413
0.001327315202027711
0.0015726986472284965
0.0014143239827564508
0.0008839832508655743
0.0013634014960224436
0.0013634014960224436
0.001399226606895527
0.0013634014960224436
0.0014770780400159907
0.0014542126636319153
0.0013634014960224436
0.0011928379944779245
0.0014632237937038063
0.0015614691271903336
0.0007666212863861087
0.0017403007719398239
0.0008374474413382327
0.0009028262299474794
0.001145479498008518
0.0007063682854871702
0.001400318675061704
0.0006835866839490632
0.0013634014960224436
0.0009766259619128621
0.0011673006033001074
0.001473971140879538
0.0008579565150234286
0.002049367467930048
0.0014732789907963015
0.0014647645812525141
0.0006067314261770048
0.0013634014960224436
0.0010692134907184393
0.0010960586500859246
0.0007330238053778947
0.0008470145387793997
0.0014755069822632396
0.0007721039430257452
0.0013634014960224436
0.0008259777120641382
0.0013634014960224436
0.0009826827036420029
0.000863464645903678
0.0013634014960224436
0.0007248363359870139
0.0013264992396164969
0.0010358880717822015
0.0013634014960224436
0.001632782052258938
0.0013634014960224436
0.0013634014960224436
0.0006917766400559065
0.0013634014960224436
0.0014377476850649937
0.000985114178343715
0.001480491343254052
0.0016734032121651264
0.0012162899643540384
0.0007810736692667382
0.0015033371459773895
0.001212956071895233
0.0013634014960224436
0.0013634014960224436
0.0013487202855207694
0.0008297075146680386
0.0008649295315969412
0.0008818652017181962
0.001741407957456325
0.0013634014960224436
0.0014626951618224775
0.0013634014960224436
0.0009767624390954767
0.0016477211590413975
0.0013982121714785013
0.0022859038664722873
0.0011937688199767666
0.0007999164465759142
0.0007790063876976895
0.0011551184941065741
0.0014290166855467606
0.0014053311821339441
0.0008569988341614732
0.0013634014960224436
0.0009430891025174038
0.0006978217267667865
0.000582503100162247
0.0010439773178672713
0.0010178873855620385
0.0013634014960224436
0.0011606058839648545
0.0005154062653445415
0.0014441479851606963
0.0014680481876821042
0.0013634014960224436
0.001522182585849936
0.000823945125887554
0.0015260177582275974
0.0010188225596706427
0.0005442352833184246
0.0009335990224841336
0.0013634014960224436
0.0011318999644763825
0.0013634014960224436
0.0013634014960224436
0.000683174049351963
0.0014643018658438136
0.001398804256740248
0.0015028494746293626
0.0013634014960224436
0.0013634014960224436
0.0012345386211037577
0.0007465716683408647
0.0008491272339468018
0.001380078667543179
0.0014314064525301525
0.0005608209062763676
0.0013634014960224436
0.0015028214611898557
0.0011966327282739056
0.0013634014960224436
0.0014131827701741285
0.0015041430282524632
0.001233792173864478
0.0010718914596474073
0.0013634014960224436
0.00121541518377395
0.0015363516768989267
0.0013865932562112425
0.0015020410960003639
0.0012150689072895477
0.0004579120358759053
0.0014745217469836261
0.0007338963720326845
0.0020547774399865635
0.0013634014960224436
0.0006999165146070421
0.0013634014960224436
0.0013872097941151648
0.002055013619955619
0.0007895090038771118
0.0017096065803748357
0.0013418042921389194
0.001152296801230821
0.0013634014960224436
0.0012623482348841967
0.0016459021682092981
0.0014051873167708253
0.0011300156598224903
0.0017008519155773186
0.0006462677479436792
0.00147271287126547
0.0008579565150234286
0.0012029747829756239
0.0009464505207869357
0.0009839551110551882
0.0014781616440439533
0.0013634014960224436
0.001433588412218518
0.0005164381178926603
0.0014339542797336116
0.0014331053123656952
0.0012023898186690057
0.0015207811149207555
0.0015572831431375183
0.0013634014960224436
0.0013634014960224436
0.0009899458845127294
0.0014278082734758472
0.0014714806323834562
0.0013634014960224436
0.0014381658763029813
0.0007248214248478399
0.0013634014960224436
0.0010239443632727619
0.001504596657787197
0.0007459578542310259
0.0006891230806132006
0.0011368805156113822
0.0007578418618239843
0.0015274777507817902
0.0013634014960224436
0.0012351466244189585
0.0013634014960224436
0.0013634014960224436
0.001096218620691233
0.0013634014960224436
0.0013634014960224436
0.0008351796847667406
0.0015033371459773895
0.0008850374381375142
0.000820091327571171
0.0013634014960224436
0.0015029250879540833
0.0008543239847976058
0.0014780935873346648
0.0008530661202605729
0.0015522208421077383
0.0008598359020963822
0.0013634014960224436
0.0017462291243855864
0.0009339603497703272
0.0013470906342816433
0.0007431886927952043
0.0005563601582881517
0.0013634014960224436
0.0013634014960224436
0.0013634014960224436
0.0013634014960224436
0.0014305950591337175
0.0012993247419002703
0.0007254384353723033
0.0008878750292942741
0.00147330725704374
0.000823945125887554
0.0013634014960224436
0.0017086665130373756
0.0017015034530239294
0.000810957136056119
0.0012155869784295675
0.0008222682707482347
0.0013634014960224436
0.0008483647051748866
0.001241083850699809
0.0008589246158288205
0.0004034527828638405
0.0013634014960224436
0.000769339585020782
0.0013302062895797944
0.0007265282430345933
0.0009455331900031363
0.0007247713658548037
0.0013634014960224436
0.0011607917425510955
0.0009904500700438229
0.0009119228028231798
0.0013634014960224436
0.0016736811171406162
0.0015649729718654854
0.0014522944116722007
0.0014972564526431961
0.0007441249890220048
0.001229011283495561
0.0007487100855531323
0.0013634014960224436
0.001572968344854985
0.0013634014960224436
0.0010249789925914291
0.0013634014960224436
0.001327771118289062
0.0007047291008735789
0.001508357900828332
0.0018867637676059966
0.0007465716683408647
0.0009315965585814538
0.0031593268872854114
0.0013634014960224436
0.0013634014960224436
0.0014702025258242668
0.0009087782670271314
0.0013634014960224436
0.0014000568677231505
0.0014789181895147703
0.0007234268027494942
0.0014969374800236637
0.0013634014960224436
0.0004984462093408987
0.0013634014960224436
0.0010477078219354417
0.0013634014960224436
0.0011297631031992469
0.0007193847525846942
0.001130448162428426
0.0014303914751759741
0.0006980417262401638
0.0012193625483304076
0.0013634014960224436
0.0013634014960224436
0.0018503952193883396
0.0009740575996211604
0.0012229575586317162
0.001430301817770643
0.0014293883279862067
0.0011498707984604172
0.0013634014960224436
0.0007240538278102359
0.0014439184410246755
0.0012762643365182799
0.0008557295891390851
0.001431740712218246
0.0013634014960224436
0.0013472932935632979
