0.0007320632688954391
0.0018776843373170175
0.0017406321821699761
0.0013634014960224436
0.0016186088050234423
0.0013634014960224436
0.00204790598474001
0.0015557425006164892
0.001194981261240568
0.0007837267703687589
0.0013634014960224436
0.0007375868430705584
0.0012344320357611772
0.00157585668791894
0.0014964938171437858
0.0007682282781180746
0.0016743752296111791
0.0014616403025703598
0.0015223164833944004
0.0014689042518599934
0.0017380133180569227
0.0020519635967402344
0.0014684253148646738
0.0009307297023383353
0.001235380216792993
0.0013475212102433394
0.001033256545843275
0.001192675867037728
0.0009550837592365627
0.0011957479081503792
0.0008242093264531691
0.0006727590073948309
0.0015724423829407623
0.0015007347934806602
0.001590946338639046
0.0015551098960090936
0.0015713077844630107
0.0015774529343451737
0.0013973809301628887
0.0014313021120223944
0.0013634014960224436
0.001301183751717711
0.0014958626578185819
0.0007246706748885133
0.0006502483246862593
0.0007179724483511183
0.0014960396964171809
0.0007245428328927348
0.0014716048928689626
0.0015708515602837507
0.000863265072937361
0.0011778634587053809
0.0008215046447349152
0.001191676357063523
0.0017406285579402905
0.0017359579832923254
0.002284776272115921
0.0007284354686863984
0.0017338787460109554
0.0013400044601296539
0.001232253215825791
0.0008979947226753704
0.0016732294855051073
0.0013997059565294802
0.000824624498579827
0.0009372894280792397
0.0014957441922105277
0.000748482343335839
0.0007701453093881632
0.0011480420131864395
0.0014300871510826763
0.0019780696954161663
0.000668205819730681
0.0007233458415966373
0.0014798841561241996
0.0011509015446584776
0.0009890360269006154
0.0009469733807255828
0.0013859354165112437
0.0014139888855453416
0.0016735878927903684
0.0008885711373045423
0.0006519620314423985
0.0016773152281212098
0.000999706062444761
0.001736711552676483
0.002051141352707721
0.0012131804210732415
0.0008261698945722437
0.0016786266991120709
0.000789509003877112
0.0015059576242828028
0.001448356603608223
0.0013147359307851799
0.0014021568903455634
0.0015004970594489843
0.0018452087039569126
0.001098052671421402
0.0009872753077835702
0.0005431075371738013
0.0017390520835009423
0.0007286907318862042
0.00148361804341181
0.0005402960914295409
0.0016730614263766193
0.0010660976513743301
0.0016392845060887317
0.0013301393470211756
0.0014118408768027484
0.0005827834815319078
0.0012335977509651014
0.0018862773384672332
0.0006611333279744778
0.001519771528847887
0.0013022565270193816
0.0017420202230825316
0.0010402498453393266
0.0008455679735773244
0.0013634014960224436
0.0013202606560161775
0.0007841587950109571
0.0007931522439188597
0.0006726361999998513
0.001468416987931273
0.002285739217275508
0.0007297820425907275
0.0017569512221768057
0.001269843806871001
0.0013828256096793665
0.0020467380782225675
0.0013417649516289849
0.000856337762492072
0.0009322255571540929
0.0009336132842866343
0.001212963029259402
0.0008593257589397337
0.0012722215906934592
0.0009121486479420426
0.0009032107118365722
0.001484464463599852
0.000934789814615074
0.0004020848738956727
0.0016786266991120709
0.0016800675642377357
0.0014875519845024526
0.0011982070507289802
0.0014320339752610285
0.0014300641182226719
0.0007287437604869341
0.00205437464589955
0.0013634014960224436
0.0008199787118501043
0.0031575893834526157
0.0013992760849273198
0.0007214525211647935
0.002286212311555042
0.001042663181027506
0.0013634014960224436
0.000941089987212455
0.0014198487925351458
0.0014703739629506464
0.0011817044629693343
0.0015593187255194501
0.0008453576114396361
0.0008268166676850439
0.0013634014960224436
0.0014964739532287805
0.0013860403113940812
0.000745136778553876
0.0012822709962829449
0.0008552636368662281
0.0011966036017231727
0.0009751388651274119
0.0008713615232406375
0.0007780386439661036
0.0012487102590261884
0.0014043069836303722
0.0007058249979190346
0.0010371316711457186
0.0011217199160673092
0.0007246506227086521
0.0008556900828410356
0.0010730058832142803
0.0013375406815738006
0.0007375868430705584
0.0010638443272818826
0.0017062963794099984
0.000653311995207895
0.0006890442462779297
0.0009356827263577758
0.0015012308100446408
0.001842017474318086
0.000722203786497335
0.0014121456472738535
0.0013753731460911986
0.0006760364918200343
0.0011928008595243006
0.0007150048146761511
0.0014417718371675387
0.0007067131029704401
0.0008894827541676902
0.002048461875373688
0.0010953207569685572
0.0013634014960224436
0.0008820388580134764
0.0014980015244845204
0.0014294586110701639
0.0014385568985955794
0.0010634264519784106
0.00101295216455609
0.0006948240122572407
0.0005151654361061428
0.0007118619080205072
0.0012125458226085633
0.0010134147486903712
0.0014780032235761017
0.0016468606267043594
0.0015630162340874445
0.0008987657049489717
0.0014722678714058947
0.0012157709363270497
0.0014691631357409485
0.0007439358139209832
0.00131502371148294
0.0015534166646700531
0.0014969728145053903
0.0006910637447242084
0.0010124451608132926
0.0007086254517223141
0.0008223054826070545
0.0014192222706505707
0.0007974552012319888
0.0018521895842394435
0.0008594007005333961
0.0011294274012150474
0.0010824993451430778
0.001396658204247138
0.0016443263511784901
0.001593908452277713
0.0013224616279476763
0.001672713341406275
0.0007268143548146541
0.0015011912284646994
0.0014775804024475454
0.0004094346834117783
0.0005966093800385412
0.0013634014960224436
0.0011551602228010776
0.0016780262851516315
0.0008302669636942139
0.0004575510502874994
0.0008223041779696151
0.0016769058514461731
0.001469017213652388
0.0008167253778446213
0.0006442512988574583
0.0007479676281846877
0.0015771938551631748
0.0013210158281913827
0.0017027744613792525
0.0014641832805743508
0.0010810562279578606
0.0008002877520168219
0.0022870520157883137
0.0007271296531072735
0.0011929320722435107
0.0014405998723206073
0.0008544809926314002
0.000550174775730831
0.0013244109348862136
0.0013261586420600907
0.0008297075146680386
0.0011811438191237295
0.0013634014960224436
0.0011320860240372817
0.0010414887322660027
0.002291627000026471
0.0013634014960224436
0.0006793025339493986
0.001198300242860662
0.0011093090417760032
0.0014330215904388792
0.0011956716499343836
0.0030905101836842404
0.0009040304123320724
0.0007279667895533365
0.0013634014960224436
0.0008472089096915133
0.0014559313234742736
0.0006915215159348848
0.0009329143387853404
0.0014639553816634002
0.0015796729305835346
0.001503482458731056
0.0012248019097751506
0.0017026104666936779
0.0017427964118841752
0.0013812779874181856
0.0012108554127385064
0.0011540543259563006
0.0012634816986263227
0.000979749542289043
0.0008607277901239087
0.00087454206670534
0.0012120355000275398
0.0010110250590013195
0.0006834320273866768
0.0008277920793583411
0.0012586393379249478
0.0014536461968214535
0.0012796472097692452
0.0006786557766420751
0.0014745780626984751
0.0014798896377434974
0.001141107747469397
0.0012087589792183584
0.001563699440968848
0.0013634014960224436
0.0012554625838819351
0.0009291749499560879
0.0006246741086976557
0.0015552968844866823
0.0010267590660570144
0.0008293199121418647
0.0015712699392573207
0.0013634014960224436
0.0013147906972784437
0.0010043837346442135
0.00045688362196647696
0.0006646612552743874
0.0009578686021709985
0.0014417718371675387
0.0018873019891051878
0.0006933650515162023
0.0007648362013597679
0.0014320370440815287
0.0013634014960224436
0.0008298653902459024
0.0013634014960224436
0.0015551337343225023
0.0009735533507926423
0.0013243209617265512
0.000979749542289043
0.0013634014960224436
0.0013595790924578494
0.0006379590864689274
0.0014179947568895481
0.0014753656352142124
0.00069870233796773
0.002005401598133525
0.001256864833255363
0.0013360666131975519
0.0010368496444050678
0.0007348680217869102
0.0010721886602928785
0.0010910305647622723
0.0015499067503855042
0.0009507462982498366
0.0006887375708654927
0.0013254672509556034
0.0015027906001680825
0.0009343126354847058
0.0014938780001018444
0.0015699649664105144
0.0016736061954590287
0.0013255232409847045
0.001301075763184861
0.0008471758589762678
0.0008758887266457816
0.001298589287251114
0.001571205819750916
0.001042663181027506
0.00133880716262244
0.001085897472407065
0.000516403819156088
0.0013634014960224436
0.0007019602129838457
0.0014705778780238236
0.0008561508507364216
0.0013634014960224436
0.0011640498123888234
0.001431830017048029
0.0015246674130848978
0.0011525918214079528
0.0007061179739205834
0.0008035337621492283
0.00040453630492580546
0.0013634014960224436
0.0006829193885169833
0.001213614128844988
0.0008773848356579253
0.001976626391770801
0.0014293555574592656
0.0008208406984758915
0.0012977451575856304
0.0013128900124754154
0.001235687299029697
0.0011370496552173817
0.0010125063760665432
0.0014698943080388436
0.0014267270007531352
0.0014948162072291043
0.0014033424904805235
0.0016997517034371386
0.0014611152279561809
0.0009204919988115884
0.001146530135765181
0.0012028944505143905
0.0007156569879333875
0.0012145918043404724
0.0008227911002219527
0.0010431933919598524
0.0006364261284094229
0.0006936644714183315
0.0006252145005446027
0.0014905760654052613
0.001792544533423513
0.001461979416747399
0.000911972649871159
0.0006865129891267119
0.0011817044629693343
0.0015038853993308136
0.0006911930120393172
0.0008709884062455163
0.0007429055874975284
0.001431349522915743
0.0017306366982858814
0.0009559536011618413
0.0017345968145305885
0.0006749020763718507
0.0014094236244159494
0.0015021675979373153
0.0014372044537400899
0.0015731578485614656
0.0009567558281571657
0.0014972836001174584
0.0015583163523162549
0.001639085223387844
0.0012147231905416799
0.0015711916056391035
0.0014331341607940265
0.0014611894059009826
0.0013017288429209527
0.0017565447807172411
0.000929345760747746
0.0007228061719290288
0.001051742718507359
0.0008179626260931271
0.0013634014960224436
0.0015164743972174608
0.0009366031430043911
0.0014574910239993622
0.001149021956741753
0.0008483925402897756
0.001673758511197873
0.000952209542260731
0.0008952480617758438
0.001672164261844364
0.0006925730811856098
0.0006854158921739776
0.00142998915959129
0.0007436102377718152
0.0008746529444437956
0.0006790757064549642
0.0012023320762743785
0.0015720048987516915
0.0013002946231194653
0.00045531501369921025
0.0018126381192083818
0.0015756033545212698
0.0014171333472618199
0.0009744633724946774
0.0007415709076080109
0.0014043069836303722
0.0007822862793666738
0.0010796180881461593
0.001321298256499597
0.001428523020377108
0.0009017718129237317
0.001145348187451891
0.0014430968522925862
0.0007017073269158327
0.0010400233222132625
0.0010235375130401556
0.0015735596083828322
0.0013634014960224436
0.0009596459179593467
0.00119134426575659
0.001411036498713326
0.0012989940830176786
0.0012132614920543432
0.0015134424629346592
0.0019180672963747055
0.0008769397848052057
0.0007694635929070078
0.0018400398582360089
0.0005930879141208774
0.0007800757817650282
0.0015906093964561199
0.0012331784026694311
0.0014719881176608286
0.001194763436824344
0.0006898981930322677
0.0007253486288499472
0.0007232291877652961
0.0009357232881513598
0.0016800675642377357
0.0011805871409437706
0.0015541047974291055
0.0017353700811486119
0.0006797341304099284
0.0014300856705186853
0.00040418332411538483
0.0013286833049789288
0.0013272492083821767
0.0007235418691469692
0.0014311949032972855
0.0014978425688314352
0.0012363848352437183
0.0018497829954505524
0.0007294634434847333
0.001192141241289151
0.0010194527277206688
0.0006907109016093345
0.0012030147836813553
0.0006097732403260015
0.0014964744189952276
0.0013785910800332213
0.0012279684992493208
0.0009304640077564388
0.0007419779024515689
0.0013015842516564164
0.0014704393939806342
0.001040661643646128
0.0015255860125500827
0.0014625487730545146
0.0012642786570217874
0.0014943883884739608
0.000775626882066445
0.0012006902264755004
0.0007989507092938566
0.0018136399648713151
0.0011362756512306106
0.0011506459582493898
0.000675161276817657
0.0006949669123992509
0.0005575498801530819
0.0008960843183109234
0.0009555661722806577
0.0013718499117276624
0.0015017197169708604
0.001414146132409475
0.0006868771838260179
0.0011936431941459102
0.0014866554523067417
0.0007978014594982884
0.000999706062444761
0.0009555661722806577
0.0013634014960224436
0.0012130537593151053
0.0014868464211482925
0.0017311018634966991
0.0022867118908414057
0.0009173647661282552
0.0009352430161234386
0.0013427913779734662
0.0008592835709990871
0.0005931264101052826
0.002288274974320072
0.0010502727601518751
0.0013275149747498374
0.0007058031912275654
0.001448356603608223
0.0015724423829407623
0.001214497607228377
0.0008242093264531691
0.001179515397090394
0.0014714799809051873
0.0010970997397271968
0.001020831518909434
0.0011587538952359342
0.0011935055919988164
0.0007806671844769578
0.0012253515992204037
0.003157916374117439
0.0008658277577835023
0.000780798840287207
0.0009287110488230634
0.0014750166699857587
0.0018444774482808267
0.0014643973461747918
0.00045513520470148917
0.0016051339860104655
0.0014385664179127657
0.0012132722516566049
0.0013268386701263467
0.001027294674613671
0.0013444455729294685
0.0011510913896436894
0.0013432189053716067
0.0011807082292496743
0.0013938068959873828
0.0006540845667978569
0.001588694942323808
0.0019063282833112149
0.0007757117171866712
0.0009040304123320724
0.0007642399308994421
0.0005513727909820741
0.0013955079770285519
0.00141357364818785
0.0013634014960224436
0.001444382797135524
0.0013905825238770915
0.0010537205281180716
0.00070355600975829
0.0012477047383981108
0.0007616469452724597
0.001211545477866643
0.0010467913440841484
0.0007768307607570934
0.0012109022551242917
0.002288529417698429
0.0018473408319635784
0.0008539916057464813
0.0015674885387170203
0.001474761907115875
0.0006426175922276972
0.0010179530058375985
0.0008361502809282815
0.001050867775544704
0.0017551313640897237
0.0008274930193336502
0.0015089659301483298
0.0006074431951201801
0.0010877402825644562
0.0014127796636209313
0.0014368840641432947
0.001413043574543293
0.0005150045045971984
0.0015227504424215603
0.0012030735343908682
0.0010253411815898674
0.001215251933524866
0.0011637018447847966
0.0012276915072877677
0.0009365117610225272
0.0008588552215694679
0.0005162058868091321
0.0008639343862408014
0.001501707613261516
0.0008937042578834418
0.0016316953065086365
0.0005148832921493709
0.0007803797479346055
0.001671572008039548
0.0014987788865845812
0.0014054223933726764
0.0012759849298005685
0.001098052671421402
0.0014015024389466874
0.0007346483284189014
0.0022864521026754016
0.0012719435886548087
0.0010446982997594386
0.0007259527797237819
0.0010167473918003642
0.0018491460993347087
0.0022593086850819944
0.001985860348093783
0.0007248275093622063
0.0011647121705618939
0.001519788780193922
0.0007452201470479696
0.0006611333279744778
0.0018495312267011216
0.001228821565542672
0.0014972178920819297
0.0005849654366860943
0.0016782782959702841
0.0006467838062916065
0.0007275981620732585
0.0013634014960224436
0.0013846525488264586
0.0014586165656823658
0.0009562096242010966
0.0009161090320264437
0.0013777416900169037
0.0010237088127599213
0.0007710197387031013
0.0006863027553235491
0.0005575498801530819
0.0008463807215644603
0.0009109969713877161
0.001469045161959073
0.000974699949233288
0.0007287857593282005
0.0017366399234962123
0.0013634014960224436
0.0014298250015236382
0.001546205563488252
0.0006736374170934206
0.0008202151764536815
0.0014813677213612229
0.0006967680762472836
0.0015722129342703886
0.0009569641049437784
0.0012632481727071203
0.0014309233832963564
0.001045383819297564
0.0010095568012745172
0.0004885653892984763
0.0008296224851940883
0.0015234008192149616
0.0014655339777997723
0.0007240376073790508
0.0014753656352142124
0.0005165411658927469
0.0008625366482007828
0.0017392404939430553
0.0011572182342047274
0.0015243655734233817
0.0007720837242341143
0.000742619950725636
0.0004676577791206658
0.0007247389146172653
0.001210455315808137
0.0010472050136304263
0.0006087430882210737
0.0014092477272318082
0.0012945738153316976
0.0010621654037975992
0.0005830627743693168
0.0007163138591147081
0.001048413508971401
0.0009349982846046798
0.0007976507951283338
0.0007712327475745355
0.0013436158060804416
0.001979455726044713
0.0007156571737785958
0.0010487242001379585
0.001213614128844988
0.0008590348160215661
0.0022873813731017598
0.00045746628826839766
0.001213270332497621
0.00173618440217683
0.001400778504241817
0.0009560969051923724
0.0008297075146680385
0.0016685686772115109
0.0011501082943549347
0.0010226333167017774
0.001748833961488338
0.0014761996612922134
0.0011123871223840804
0.0010153515012335838
0.0008221400893552683
0.0013634014960224436
0.0016790304017739598
0.0013737000986197012
0.0013374058186809026
0.0008098954093152296
0.0007008712288359639
0.0014688097495537712
0.0012136910592378703
0.0009768521383837043
0.0015260505852226634
0.0013958054066474344
0.000937720055003315
0.0012722215906934592
0.001526528387522251
0.0008196418624176515
0.0014328077060787128
0.0008639255501694958
0.0008550314692412985
0.001402369746417814
0.001500846316267682
0.0010214499196264405
0.0013634014960224436
0.0008046561603153755
0.0008997419862385877
0.0018859003352348109
0.0008923961734285842
0.0011693060780006142
0.0007235509269221818
0.0013734874822185976
0.0006727590073948309
0.0007072806951611766
0.0012380086544285843
0.001462132777120997
0.00045662080558838287
0.0015230530257262845
0.0014697064057305658
0.0007054815514126665
0.0007696850544524693
0.001328577567987724
0.0017184947623979986
0.0014098265165783748
0.001214460358360962
0.0013928367827487356
0.001554519475939928
0.0013750254626450275
0.001470372317109114
0.00134624888648028
0.0012409289610880673
0.0014988045235983414
0.0014294346384307072
0.0004991849981271749
0.0014027973262628513
0.0013469367665405287
0.0018173495744487158
0.0014297802672489932
0.0010454318869397591
0.0007988260048170689
0.0014681611396921927
0.001444382797135524
0.0013121892191664208
0.0008519282306205459
0.0008579922686734979
0.001788874363653291
0.0015021716137916797
0.001492951637018778
0.0009556387365389703
0.0008297075146680385
0.000596809495543559
0.001431686820276897
0.0012336935652897073
0.0013634014960224436
0.0014713572032467287
0.0014408709054817854
0.0014666236481396331
0.0007059339398668041
0.001011711690867028
0.0008857636145399862
0.0007399179431775451
0.0012342863991612063
0.0008199115739362354
0.0014710627459226092
0.0013151483829162568
0.001534137929615645
0.0015004970594489843
0.0014038964133148704
0.0005109986415065516
0.0016373430571749786
0.0012072142032072343
0.000896342066116698
0.0011496521688030552
0.0013634014960224436
0.0005969123312001471
0.0011306460666434827
0.0016978125333145149
0.0022856892581426124
0.0008489150757137922
0.0014397909985245894
0.0011308947574573702
0.0015833020491970858
0.0011950587178215961
0.0009789558605677164
0.0009698870035091929
0.0004020848738956727
0.0014299616130946564
0.0014762806869788986
0.0011480420131864395
0.0006969247286383035
0.0013716228255838418
0.0009516246085124196
0.0014763947474072546
0.0005977858619517356
0.0010427514028997483
0.0013319057605636689
0.001409561094348677
0.0012138012727693204
0.0007470045484647842
0.0007851579533834414
0.0012365056143894839
0.0015260505852226634
0.0013634014960224436
0.0015017197169708604
0.0014304963820204759
0.000941089987212455
0.001202039852913045
0.0013634014960224436
0.0009749166329066495
0.0014970958626308042
0.0010643782807891592
0.001401994141807166
0.0016399440053776468
0.0013124163446631937
0.0010406666791566539
0.0011253159140552948
0.001412075377736713
0.0012050363739097565
0.0012248019097751506
0.0008177379549661858
0.00045642285007721327
0.0011631777859043874
0.00069870233796773
0.0015873413881128452
0.0006950635141561155
0.0013281128593890816
0.0009055061895073886
0.0008470539604962222
0.0008447954165549637
0.001149844659421857
0.000731593176580156
0.0016746119812085902
0.0017390811643138565
0.0008532700358813155
0.0015032081314569768
0.0005546795131324087
0.0005148247278109149
0.001213659800176112
0.0017362216316021586
0.00045662080558838287
0.0011524192625530327
0.0012561397408636476
0.0014974219072368983
0.001849843119383872
0.0009706467411349026
0.001468326523365287
0.0008402837838621084
0.0009340501627706891
0.0022870520157883137
0.0016954191897397947
0.001049981903644039
0.001850881375858811
0.001156636780921999
0.001153876568417891
0.0007510256221951048
0.0008317792864827451
0.0017350971257290666
0.0014028577377288376
0.0016416233467675503
0.0013941620858299879
0.0005490485496379028
0.0013025762699953004
0.0015243655734233817
0.0019049501024972198
0.0007083706232580191
0.001234815359180761
0.0017057311996619062
0.0007237859082515354
0.001269576414581469
0.001313035825613134
0.0010827832937554452
0.001497584633042553
0.000743778510840294
0.000872528464054805
0.0013634014960224436
0.0011096052804242947
0.0013634014960224436
0.0013287686141845723
0.0014615652833724626
0.0014130684965166576
0.0008462172729909461
0.000543093863781529
0.0012123067922290946
0.0010903606737064004
0.001218654495592906
0.0007053576287761334
0.002049733030907981
0.0014164560624111725
0.0008072498151762307
0.001502076723390581
0.0007649045783215395
0.0013442908393469504
0.0014134381438971233
0.0008513892629379751
0.0008959670934874387
0.0006513623100242075
0.0014183505763917072
0.0007843800253366145
0.0009339639020546033
0.001338749120648874
0.0015813370092837885
0.0013634014960224436
0.0020470495909396726
0.001678098523349245
0.0018498438407175647
0.0006346699289086399
0.0011721926381454415
0.0022864521026754016
0.0007648114915715019
0.0011671684002920544
0.0010437734241499931
0.0009388776744123003
0.001043526075354402
0.003130603691560123
0.001433655442338474
0.0009087784622387544
0.0008665557037100444
0.0011552440823228598
0.00119767428374631
0.0011658035954354334
0.0015339700987079584
0.0004593831188821815
0.0009578160141249111
0.0008297075146680385
