0.001309180417747025
0.001445226776766268
0.0018319224007414987
0.0019695730631425993
0.001249855661045315
0.001161545681971086
0.0019373970894811647
0.0008419135172170318
0.005191528997192234
0.001026581062468234
0.0023999930974221632
0.0030020997949201083
0.0021221401628177938
0.0012318095094614127
0.0025497251022470026
0.0009071985855762641
0.0041178386213579525
0.002314241201271788
0.0018170116153778928
0.00512293346433318
0.0014444756237059408
0.002081454900351505
0.005269167419506333
0.002324705293071787
0.0022247810721861116
0.0022282848182191
0.0010281094554299057
0.0017720870403926934
0.0036902014002163316
0.003962872814103866
0.002424209299371488
0.0022298464436554272
0.002308245898553804
0.0019043061959606047
0.0019648449346306262
0.0013575708844902263
0.0010639092780164118
0.0034281578376906953
0.0011604901119405004
0.0016874563750540472
0.0013060315129199223
0.0025194189680333504
0.0020746121542269203
0.0024031784247112095
0.00513004339191134
0.0026217123853407593
0.002003371180597384
0.00199414075178968
0.000793588460319491
0.00177171859145396
0.0017984387036555564
0.0039500425212959855
0.002414917678551866
0.002331709785080246
0.0010475650950248544
0.00228849715746652
0.0008957931183179899
0.001055272233444245
0.00461956017624336
0.0011548851788935539
0.002581249858827025
0.003469836283700322
0.001018470151437057
0.001644126882781516
0.0022383734692922354
0.0012167075234299533
0.002434723767172218
0.00304368726420386
0.001682697870536107
0.0006613199395636877
0.004817410152724326
0.0018957003849764892
0.0023912690345388407
0.0012473515338328747
0.0011715768632025536
0.002376237094567297
0.0025850435737614645
0.0016508762660706565
0.001990599040346835
0.00393420353009644
0.0023976859940878855
0.0036857858292937413
0.001891838343697234
0.0015553760141188307
0.0017600323811894614
0.002443380839807796
0.0011318640957153833
0.0020875875923620345
0.0014245881006774248
0.00386634718002478
0.0015567863300670125
0.0022818002896223604
0.0023161269983334367
0.0016504832369163326
0.0014245881006774248
0.0025926313966001353
0.00258291252191772
0.0026182395091456107
0.007645678909702214
0.0034891199084755697
0.00229666115153481
0.002777688842247389
0.00418129590249188
0.0074514669888680225
0.0018581432824853559
0.0007289459476691562
0.0024018945311879837
0.0014245881006774248
0.0028146935493948595
0.0034865116268326802
0.0022052073388795185
0.00399428789353978
0.0009452623450519515
0.007430201004723556
0.0013733512797486763
0.003825668715672473
0.0018873966749785491
0.002415455196514839
0.0018105807072744094
0.0023637108271033457
0.002369972660392538
0.00521398175723287
0.005114167179290342
0.003608477339665505
0.0024759549058278475
0.0007452067281093874
0.0030562195105109497
0.0013041932951157569
0.002103121538729209
0.0017678154352916027
0.002185764395234521
0.005184583310563793
0.0047301416324940105
0.004236421437164315
0.002531315877420895
0.0024372379759218304
0.0016643516090872144
0.003960974625496707
0.003437286882708444
0.0020424920044517995
0.003656344761457918
0.0011260384355945587
0.0012656074089885717
0.010957996733653495
0.002518562179882737
0.0040781263179301835
0.002490109075746157
0.002607054200907274
0.0005739352501864478
0.003318005671177911
0.0029905027126602346
0.0029923822361659557
0.0009423171201349472
0.0012036125008390503
0.0018608721760484284
0.0022145795471754984
0.0020612581610237705
0.0019309316314988464
0.0012190528241789638
0.0024124918817172636
0.0012424922615656988
0.002811080595431275
0.0014644556735618566
0.003657877399104832
0.0007460904049135132
0.0014245881006774248
0.0031785592751064876
0.005751628197248921
0.0034281761590794647
0.0009407012903746848
0.003535996530517465
0.0025863629633128236
0.002122631827830838
0.0025168283902468136
0.0015604538535130591
0.002225479843587359
0.002402237488753976
0.0009340500299625769
0.00375649300221954
0.0018713115202807552
0.0009405401693192947
0.0019984679289759485
0.006183510625050035
0.002750088011936478
0.002120762281529587
0.004635834833190807
0.0012642452705672637
0.001316253062216801
0.0007793894959098531
0.004440588979889999
0.002150951411641713
0.0017650591050252249
0.00039016924919585324
0.0014245881006774248
0.0019576030870033937
0.0014249901191339246
0.0006556623593032029
0.002475106769519889
0.0018316942878892491
0.002306380009870767
0.0012021897145309487
0.0025564612040319843
0.0014245881006774248
0.00269275173544876
0.0008882424638448064
0.002519789996469139
0.0036282899604936354
0.003098130725422547
0.0030433415328532153
0.0021888765358298316
0.002997278819189086
0.0014245881006774248
0.003174611747836225
0.0046499652494048525
0.004814429344779063
0.0034241967371086805
0.0016207054461381146
0.0017542210689289591
0.0019217134126149008
0.004758804015363248
0.004099476486193934
0.005149415414538024
0.0035329573287220545
0.002246847987961292
0.003409846265813791
0.0007873528412829325
0.003766106876657273
0.0012635435134951292
0.0028023530596202034
0.0017961340765816677
0.0015517261079309775
0.0027824072087975437
0.001004034166184289
0.0014245881006774248
0.001574862198744133
0.005147697982520489
0.002187119537545395
0.0022794036111749238
0.002752594037059764
0.002400831339094663
0.004441901006165324
0.00238188322116469
0.003947683957943519
0.0036575415694982388
0.0011480709592982818
0.004247245932150281
0.004091230072256167
0.0034117894600060304
0.0023540728481312215
0.002242985268856083
0.0022401489568466618
0.0018143484900163956
0.005088691359869459
0.0021175182031218393
0.001308884919608566
0.004095455162365865
0.002220498544174072
0.0008924164931030892
0.0014828070367041964
0.0022901368642291964
0.002540244970144868
0.002235141044264725
0.0013590342241553916
0.001989908685505522
0.0025579786571233963
0.0023994061735037116
0.001580929218309023
0.0014245881006774248
0.0014245881006774248
0.004441637544145792
0.001685003400201605
0.0030449294783549408
0.0021644713172413723
0.0017501028360825451
0.0017474921042022094
0.0016532307608660352
0.0028010992342802038
0.0016851916138292888
0.004520333991117398
0.0008377036515736572
0.0037222019191065175
0.004254961900365149
0.0023976554009286634
0.0013267302291596072
0.003117551816940184
0.004236699653879734
0.0030705127095112267
0.001668065358816979
0.0039335372788843114
0.003420163174326689
0.002240280274327881
0.0024535838363445076
0.0014050604596280737
0.001816251863437765
0.005128419872744306
0.002236857969064465
0.0014711255600881937
0.0011336278074947639
0.00177052636647177
0.0017505149512770553
0.002331035872492809
0.0011847066337365905
0.002238588008129312
0.004719353885560921
0.001705829591890317
0.0018112863896048012
0.0018699794536413618
0.0009352928018255378
0.0030497395231401554
0.0015935706213390374
0.003754678424277215
0.004625212695730946
0.0014245881006774248
0.0014245881006774248
0.003655265778274937
0.003936953984456264
0.001980237718464559
0.0024800835693825287
0.004236806991380686
0.0036565634301581012
0.0011987390291474367
0.003294045319240726
0.0014405696389040831
0.005765354941046551
0.005626114624587467
0.001215616637248626
0.0016280926813630819
0.0061783649359224094
0.001405989979818981
0.001973766624374629
0.0032196382824245897
0.004476413016539485
0.0013659709617788109
0.0014245881006774248
0.003654462187159136
0.0018483764788988877
0.0011396256640951634
0.0018108035887361583
0.004842692811229559
0.0019019222999815026
0.0016689343794290554
0.0013354155273728081
0.0016811174476084587
0.004086919458393315
0.0014245881006774248
0.007426741482715625
0.003416156449663888
0.002567321407817236
0.002418917414407318
0.002376912852047449
0.0014245881006774248
0.0010945793462560378
0.002235250464260427
0.0036629995871327106
0.0023659011499851824
0.001714694523830136
0.0021267697077613675
0.0051151378673614765
0.002237388581763721
0.0022831663117110004
0.0014245881006774248
0.00265095213506502
0.0015787618009806773
0.002095712097578451
0.0017609102055404194
0.0024314890451934204
0.001771925377072635
0.0009985522999999357
0.0023180576485723526
0.0014453141226075756
0.0008637530035137634
0.00112103860302386
0.0023059130034465006
0.0021172313932263476
0.001390957538659819
0.0017579297190407097
0.004814891220071174
0.0109615160813686
0.003974427358534628
0.0023844527729071445
0.00395136192454531
0.004441440633831768
0.001924874820262839
0.005755488276487166
0.002523540255295732
0.0018871794112776652
0.001278986657736284
0.0018828176737898346
0.0011091989566996577
0.0024239997977718313
0.004803740454800962
0.0012857213567510684
0.004234298220092769
0.0018921634914099742
0.0026879781187761523
0.005130188705515566
0.0017668533172089291
0.002476358388210723
0.0020604745941730862
0.0011215338137923923
0.001261760679296189
0.0017832014334754282
0.0011925094845700707
0.005752658684076579
0.0014245881006774248
0.0009943847118655483
0.003048558724655475
0.0028245219272763763
0.004218553196504238
0.0014245881006774248
0.0012580071156868527
0.0020604745941730862
0.0024062581166490763
0.002410289221049543
0.0024819992784382242
0.0023195862531202355
0.003582309135751741
0.005626358303759914
0.0016818224884966094
0.0030554425085907912
0.0012121965779238017
0.0010938793153270772
0.0016354492224856675
0.0009619194459724665
0.001903554107694218
0.0023617809347957434
0.0056360686121289475
0.0020429566692283397
0.0010160760451782408
0.0030554425085907912
0.0014832540128507604
0.0012498606429000214
0.004216526517233444
0.0009083576534833322
0.0008490103421504094
0.00244061748120427
0.0016705486890912977
0.0011336278074947639
0.005085258415117922
0.0019151588583309956
0.0031873099605476143
0.002233591627872813
0.0014245881006774248
0.0008798290439566205
0.0033146674430141027
0.0041164655674874855
0.0028895012287339446
0.002131038745262719
0.0023187198083510574
0.004107130558186704
0.003918574274271892
0.002097720067056693
0.004728558436348538
0.002393230995246938
0.001973766624374629
0.0018308778089421982
0.0024036352029325188
0.003955256893410923
0.0012175626149324814
0.0051014752699925815
0.0042451918649791
0.001875732937290985
0.005149415414538024
0.0018131972088780784
0.0025511468332745212
0.003731666321800216
0.0023641626384670305
0.005108777258506344
0.0016020149683060804
0.0008675297182376526
0.0034700635394102944
0.001028549882980227
0.0012855514903897685
0.0036282899604936354
0.0014245881006774248
0.0029919413682683686
0.0019938536355784365
0.004712699699031231
0.004907232326434668
0.003801369423771623
0.0008677805265341002
0.001703385412967748
0.002059853613711005
0.004758861245144598
0.003048125025810923
0.003428427977457473
0.001856766873269944
0.0009343055820662227
0.0019893054142989604
0.0027651424983610863
0.004819074074996347
0.0024878504141694928
0.0017317285006819194
0.0009906964361158011
0.0014176936518115353
0.003931900332456959
0.0014245881006774248
0.002461131625361775
0.0021374007544179173
0.0010368676139418595
0.0023110445717334526
0.0014601187421465363
0.004116682917445421
0.0017972209094114391
0.0025824491803974107
0.0015314987308598482
0.004718732179774949
0.002112079813829421
0.0013524628271910175
0.0006577369211713285
0.001455624539130726
0.001571049634446308
0.0024170307293273443
0.002474018128509149
0.001577092188626973
0.004726995702539939
0.002414511466370911
0.002369893154473016
0.0005676829266264197
0.0005864841661017187
0.0007626600142852829
0.004240376529720804
0.005753074800962055
0.0013688755106316284
0.00038060210792989686
0.0024719092080230116
0.00742966966129789
0.0035840750162366695
0.0021801956750465896
0.0014015635770602648
0.0017409048164104218
0.001778277797711801
0.0017388028677554125
0.003426641376497011
0.00424743494875735
0.004814429344779063
0.0008875723771661126
0.003075573360061406
0.0024231005751753592
0.0011401149507656635
0.0034172575476168225
0.001361170834003706
0.0017438757864324324
0.0049574402897692195
0.0007010676134186135
0.0014245881006774248
0.0034352886736886854
0.0018682322810640694
0.002578574942644101
0.0009944890391677158
0.0022752103409217727
0.001560534620520247
0.005346094054279957
0.0022448871067752263
0.0014526447191862179
0.0024774355526700213
0.0013829429218590373
0.0034184435538439886
0.00423299711439706
0.0033140881861473343
0.0023234498379920564
0.003280087278613748
0.0014245881006774248
0.0012407811359128307
0.0016825409870033262
0.003314191430332737
0.0016657579558909607
0.002374755484854873
0.005093922085452638
0.0019171343983929313
0.0010658725998226345
0.0005765302854248907
0.0017112472445104752
0.0010639092780164118
0.0024784224804880895
0.0015752124923050926
0.0005605348302823077
0.0015597856367966694
0.0019255152145763337
0.004820300720054433
0.001613997725001311
0.0022352392775165934
0.0011910533558013334
0.0010774376108228269
0.0029227492129929454
0.0015172054240597415
0.0020066856197668978
0.0011147389064381406
0.005753728107946627
0.0017792273239030311
0.001460739076000026
0.0015025340197570673
0.0011209120658993014
0.0035659506016738124
0.004441637544145792
0.001841369459227389
0.005096385976092976
0.004821665580112572
0.0010140882636709076
0.004824115392944786
0.000640993062186175
0.002450153241617797
0.0018950982843041876
0.0014528779832800516
0.0014245881006774248
0.0012877922111598193
0.0023697784793797272
0.0017958983491007424
0.001679772075407424
0.002318673809437596
0.0014010320134459865
0.0028945581253572218
0.0018882107712334046
0.0030491119699331665
0.0031934083334326743
0.002805777398989376
0.0017949561272379588
0.00222153983884665
0.0019822449098136088
0.00255599265077414
0.001251386300919995
0.000835017215186555
0.0007458522629547115
0.002416926806429303
0.00365534979445067
0.001778611360747942
0.0023259024113166755
0.0014245881006774248
0.0015549032934111754
0.0018762120360791988
0.0016824427517069288
0.002043611076211086
0.0009440484270558728
0.003947809599252366
0.003732417930141638
0.0034700635394102944
0.002451629907609942
0.005751628197248921
0.0014245881006774248
0.0022258318134823706
0.002315187569838875
0.003177330082916352
0.0013752709197444057
0.0009376967769900118
0.00061839212507209
0.001057726892851152
0.003654754903255733
0.002329057834236273
0.0008678378126019575
0.001786160444536741
0.0024440186962651537
0.002378546676815783
0.001699830082089768
0.0014245881006774248
0.0013987788248641677
0.0019338342384046547
0.003045907066483184
0.004967823634834608
0.0018966920525058306
0.0007602006467857166
0.0010567916588669064
0.0025598861648879535
0.0010763975310805357
0.003049608041463556
0.0015780201938825522
0.0014573515048346506
0.001646858253170061
0.005147931750914777
0.002994674185242106
0.0016326205504909861
0.003921799870449944
0.0015261943631554782
0.0007936576165809726
0.002294581155047132
0.003422014672801243
0.006178078674584721
0.004453869672038296
0.0023632265422852865
0.0016814058016492303
0.0018788494760216036
0.0017936896167840511
0.0017349197187191147
0.001561784392719279
0.001975940729049702
0.001153682400240553
0.0011569056163787798
0.0011749697016298422
0.0028226625734274324
0.0007322222528607995
0.0038450634639962573
0.0030450066400498164
0.005173890738305247
0.0036934544277502208
0.0022246808718197294
0.00398440953588338
0.0011607874857943656
0.0013076509711661588
0.0006405986418042732
0.001973037065719676
0.002180584062255698
0.0017034652612733536
0.001257242607488668
0.002428748048349116
0.0010255827163436725
0.0010558471326858763
0.002543269248140868
0.0012003435633605967
0.0022882673328836227
0.005168450762891922
0.001510232352007538
0.0008782097337373334
0.0017804071042309578
0.004114751000447803
0.002252988635795838
0.0024271138960237633
0.0012644253263217873
0.002233340319893022
0.0010054637924872658
0.0010909923946251859
0.0016827834917947778
0.0032067284133103606
0.0019873761465438932
0.0037437924042946955
0.010953137401521172
0.0016411545549685888
0.002393207707798275
0.005114101958231369
0.0022193734947387857
0.001980237718464559
0.0028467571754554936
0.001970248589340171
0.002192266747966826
0.006361518977817655
0.002376237094567296
0.0030719284595975877
0.0016782477284161847
0.001379539781155006
0.0018080086619563062
0.0018292087267852617
0.004104210197389846
0.0017858764422482782
0.0022208789562410164
0.0025598861648879535
0.007433328591214491
0.002326885701678094
0.0027512526228628434
0.0012634033312365824
0.0011030958988411806
0.0019014732728809326
0.0011562447360042034
0.0016827552569390262
0.0034861631744942533
0.0016407146823323347
0.00128469233829508
0.0018131972088780784
0.0048155569979529975
0.0016009911361067068
0.000763411775277422
0.002566077030914597
0.0024076128950048367
0.000881667725660852
0.0017813792120391914
0.001995216112927626
0.004727619268494625
0.0016847955791657826
0.002101861594890919
0.00515154757612441
0.001578517853767656
0.0008152721347003761
0.0029915344488698537
0.0012795546216803773
0.0033066583499357155
0.0017701090993238263
0.0011126373248970518
0.002286942273648204
0.005761319390128319
0.003054376040729059
0.0011235320912461118
0.00195380894777447
0.0009024694757355587
0.0025657205988537353
0.0036586150706790135
0.0009493391802759113
0.0022817327156680316
0.001983327598172859
0.0019183947432386947
0.003958858634168154
0.002519819779511211
0.0019725407575776534
0.003997132058442482
0.0018010056798244826
0.003305482058977979
0.0022658052475868578
0.005755596321119719
0.0005855774417194692
0.0005675421013516426
0.0010213689765863835
0.0027481880394202357
0.0024227267298844767
0.0014979036378847332
0.0005769952014630497
0.0032067284133103606
0.002417458347268149
0.0015619350949979088
0.003183923355803523
0.002554511598662924
0.001460739076000026
0.0023985344996562065
0.0016079661015009803
0.0016422941696263287
0.0009381628767421306
0.0016450827329443332
0.0024991458723399402
0.0005925380031124876
0.001287100776826687
0.003050950724427426
0.0009165813173151664
0.002374741689194896
0.003939234565917062
0.004443234306362319
0.00323320335984721
0.001767059828286303
0.0016483701825294732
0.0034094859749314037
0.0022813006352816233
0.001656524720132924
0.0014672791526921408
0.0017032151676782104
0.002462444449138289
0.006198625193485191
0.0016828313817625396
0.002367075841888056
0.0018906788758917292
0.005020478786686259
0.001390505164621622
0.0014245881006774248
0.0009587577221612352
0.008917369752593487
0.0039629812584168
0.001989084325920176
0.0009024694757355587
0.00238751966693064
0.0012262751338971954
0.004871483087487277
0.0014245881006774248
0.0022413005120124683
0.0015919100272602114
0.001380816215652863
0.0018844870918026382
0.005020117526659504
0.0014245881006774248
0.0013590192247364618
0.0009545374124537741
0.001705829591890317
0.0018645996062147381
0.0025254701977856313
0.003567537046881244
0.0022736470566983203
0.006179661478492845
0.0008503953223398108
0.0020377402295974362
0.001992574558122633
0.0028011266501110836
0.002571652949268001
0.0021719489168719446
0.002727764530602822
0.0020128806001318295
0.005399876218192269
0.002121287146031119
0.0029086978597605783
0.0023796587418079777
0.0008652932866228842
0.00218924707877387
0.0021240216094660087
0.0017340867119735623
0.003048555865458966
0.0033151466187862177
0.0057541287446442255
0.0021114410879355277
0.0014245881006774248
0.0029907649438941047
0.0015818919624046586
0.0015342967656428643
0.0014245881006774248
0.0029901670115240237
0.0028971345820620695
0.0020251337546114685
0.0014148080161040608
0.004954716621858002
0.0023082888520845296
0.001759716507732297
0.002571010734704524
0.0008411275314536603
0.005120732857170727
0.0023488049290345953
0.0014245881006774248
0.0025923211745038062
0.002015984207181779
0.001555508767761223
0.0017420174295622937
0.0023733442395531892
0.004229184299054787
0.0014245881006774248
0.004442111463972226
0.0008910236446616815
0.003953561871043159
0.0019071323022231909
0.002224729854672712
0.0005605348302823077
0.00241133366553609
0.002236857758941819
0.0010658725998226345
0.002518657189861709
0.0021612380330841806
0.0025585785475579622
0.0017861670466838263
0.004632700541975921
0.0017706768230134875
0.001644126882781516
0.0019105266406340773
0.004818480032258961
0.0028044028772514673
0.0022450244071624487
0.0029963419835869944
0.001397211218738616
0.002132436535299021
0.0019019165710002645
0.0025572764256555514
0.002398245805190215
0.0021199425404745138
0.005189386583438773
0.005226055448357391
0.001364401307089507
0.002994136467087649
0.0014245881006774248
0.0020612581610237705
0.002432714548268507
0.0011237437484928254
0.0014569337574712217
0.0024195826627467906
0.001233882156661138
0.004115947459672645
0.002473700256058714
0.0012047819713591611
0.0018216269870762769
0.0010208524999436375
0.0016017225633138973
0.0030676584173331732
0.000985598398920054
0.0015071919053120015
0.001866972044459764
0.0017830242760016465
0.0016865368041508399
0.004001633292845214
0.003931208450800439
0.0016276311430253934
0.0044458293427740376
0.0039315620572081345
0.0023690942938898456
0.002380880958096849
0.0042418864168020445
0.0018867521511990427
0.0012536747506173332
0.0016702575158277966
0.003045064932035882
0.0025182655749373195
0.001989908685505522
0.0018114622360604785
0.0007940001443543711
0.0014245881006774248
0.0030463967190658015
0.003948484981869039
0.001993167793952001
0.0020151956257251284
0.0025732087334093406
0.003719586045996645
0.0026131435682834386
0.0036592173765440414
0.002122551445021782
0.0029917230573514495
0.0014245881006774248
0.002703909401437952
0.0010150423911452924
0.0012857517408844598
0.0011252458288303498
0.0023697784793797272
0.004318699022983692
0.003433439637464999
0.0008885511072157783
0.0022901815694685835
0.0010558471326858763
0.0025485535275382
0.0018316942878892491
0.0007787974562597174
0.0012765299724678224
0.005146379459921429
0.0021157975199172434
0.0019273198320366835
0.0017277154360451207
0.0038159885951457953
