0.0059074719930766245
0.006028919908823886
0.004756387214691669
0.00021692996612138085
0.0010316054922527899
0.0030251729403592774
0.011660296118205057
0.006246780067330767
0.00045304851879143576
0.002489631121331736
0.0039970541750146025
0.00019182133829894583
0.0037030483201029828
0.01992085505131883
0.019824573564538064
0.0039029891968140155
0.005713638942382404
0.001006401873633673
0.01447431313569443
0.0023231540998195944
0.007026213894989557
0.0012993496374204237
0.0034494678548913295
0.00389409376062442
0.0066387322560635224
0.004659444454500045
0.013492317893917432
0.0038673921895376316
0.003844235691121909
0.0033471995640427317
0.003806605344482247
0.0011792818696657345
0.005740911026280071
0.0005233287243049356
0.006981977746853388
0.0021991120857992874
0.009638345734919507
0.00027026444906482253
0.0014024498570919918
0.005134431183354105
0.001243895850401543
0.018762211239770708
0.0018809457571300938
0.003996918603714313
0.002396093723700406
0.0024797773835828745
0.021085843258333
0.003462577296683908
0.005657726117159589
0.01974810460893092
0.002214221712363466
0.01869898550494868
0.0021336120419150274
0.0018045534350322405
0.0006759498517261058
0.003852020113312872
0.01878295906028867
0.004672726039001889
0.008417186746031287
0.019324546011574927
0.019894375506458433
0.010926579663277083
0.018007724551694023
0.015285928484946953
0.008228998213238985
0.005181287337053032
0.0012503212685171577
0.020839604807143943
0.00010721363057044797
0.011888661268186945
0.0006468162388541331
0.005173904284825411
0.0011371215254799775
0.009110819984961487
0.003126381750267535
0.018786304104810577
0.008080897554122507
0.00010721363057044797
0.010035179379903026
0.006002372956986
0.0018777997200022146
0.0015139576861729674
0.008088810040789136
0.004552283543971553
0.005475249843931366
0.0028154206059796513
0.0010277842411673635
0.002282910840631384
0.005482614722049161
0.004570597824232861
0.007956237614426665
0.0013046601070130298
0.006992051787863821
0.0021422477781290615
0.018919747436541817
0.0030960572250811873
0.0040065845462694824
0.006647964971265589
0.016794683794096
0.022237279348268694
0.0024425211760739462
0.0011251857461064014
0.004021668490588979
0.008906338277774402
0.014558481020626584
0.0038410614132033554
0.0027725516139220003
0.0010038087454185918
0.0043250846145965575
0.003635231976526578
0.005106406309377049
0.0022871781264490743
0.003017919688546747
0.00959602061346994
0.002166172620468457
0.0004769291647685433
0.0036986389869612794
0.00192204501515342
0.0006589079376528089
0.0016893420507712307
0.005952522190479414
0.0033532826564329423
0.0024961130193478383
0.009616184854602673
0.000994027584822701
0.0024114997216931806
0.0011354388508921665
0.0028379870880993045
0.0012142999092430388
0.00010721363057044797
0.012731585596644496
0.004289881484740533
0.008429363323070193
0.004730298917689719
0.0038729156116464243
0.004623332580075198
0.00532518119992436
0.009626587842823471
0.0026465558139956873
0.0024060088263360225
0.002689735638981684
0.0006699507353758404
0.003578611378575316
0.0003354065345663399
0.0011633041641690859
0.00786623458048343
0.00032825088742389086
0.01223242626117618
0.008763291386548239
0.010903473124320065
0.008117065033837722
0.00010721363057044797
0.0028869705995854486
0.0023294415015220273
0.029129657604920284
0.019715776456165044
0.003504868438749213
0.0018760370625089048
0.004318994674108676
0.0014617276125856538
0.013455901517686409
0.0019278475853507244
0.00010721363057044797
0.01085157762382871
0.01789673825616682
0.008943618709532591
0.0188317759394958
0.00010721363057044797
0.020483220136993403
0.002728991125495716
0.000648531456565468
0.00965212439362107
0.005842482576374892
0.02001515592288113
0.009617469175129298
0.0038577327467082824
0.00590156504406908
0.008266725913160603
0.004635614107638919
0.003803435220754749
0.008948740522285809
0.0036205854580778824
0.0037606944007677096
0.0039877281942698115
0.000917074492738461
0.00681604991131565
0.004733191569826017
0.008104573509374274
0.0038186895394907677
0.019291196699532845
0.004897679340350185
0.002475910886965887
0.0018047162584915585
0.002292713532364985
0.0002878826508325114
0.0029114517388416847
0.004639751919644002
0.0015328740462900046
0.003745365816435285
0.00710822456841861
0.008907933074626631
0.011772967271340714
0.004718642710523095
0.004190642524606045
0.019810981063637798
0.0005313639217898246
0.00235927067459145
0.004181270085928296
0.003870182459981024
0.008292530583372941
0.003056934719033687
0.002938657061449036
0.003967491754314697
0.0021155655022340905
0.00444296059353906
0.002436036609339928
0.003618961167517217
0.0017769053093495725
0.004520288422868858
0.001197594642508425
0.0037248150257416933
0.0008425235802521896
0.003733117476499567
0.008245141965644692
0.006568697630343276
0.000745506820085505
0.00010721363057044797
0.008018882380107263
0.004211128203162814
0.01978364581284509
0.0032851945279844448
0.0031380440057694834
0.0008390530069224806
0.0010193417153979002
0.029767822191107022
0.0036848892418425757
0.0027552985756215515
0.010897949411142945
0.004164079360985126
0.008451105273595614
0.003270655775820797
0.0038554288590954707
0.004837571657379838
0.003795622945243425
0.01604192053441372
0.006466283872015592
0.0037519681692508877
0.004116947263622575
0.00010721363057044797
0.00849969924794854
0.0036165013874079033
0.01187655185427284
0.005726234688181283
0.0012968962718264648
0.00623381291249767
0.008903250403701669
0.020422474113485446
0.0018140278013150251
0.006155663214536942
0.0027006719807727477
0.0051382989278741685
0.005782747205425451
0.014510852871231729
0.003408077990157382
0.0037822004260832987
0.0035073974724971397
0.0013466163024374526
0.0011794460728627872
0.00708015718297533
0.009717986672041544
0.0016240826564118554
0.016506653655187987
0.0067584929457553565
0.0038774695441166143
0.006059335704599211
0.004221021043788512
0.004051185246411522
0.0012142999092430388
0.00010721363057044797
0.008479714630007752
0.021021847702262574
0.006804809527364601
0.015355640642800176
0.007583620695199336
0.012377917578528663
0.006305197407339938
0.00407132654228017
0.0021948699435297707
0.008900376178830738
0.017950430275216023
0.004210923984154842
0.02214618431437249
0.008231598920797894
0.007997253237728428
0.008136164019896974
0.0038652712132463602
0.0006363693199402365
0.004341067752347675
0.0015695515856963555
0.00020885563157392966
0.0022703937549270457
0.006258540222494297
0.003355351960838478
0.022308034002080788
0.008004969457928909
0.008028664648212582
0.002292713532364985
0.011823920474861633
0.0034758509452200563
0.0006840139491330596
0.0006507702106494502
0.00010721363057044797
0.0028356068101231904
0.001115837436866306
0.0006313720897816827
0.01799028815034665
0.004541835832638835
0.0008202325631065469
0.00697381774846868
0.013736893010850794
0.0010249773798866899
0.00279554124766223
0.0028437660514279875
0.0002751895683141064
0.019808776224767555
0.008033286606613744
0.0030967048306967167
0.006240589972337301
0.002216794387304148
0.0042705245025601345
0.0048564523638501165
0.007966139308176528
0.0027202093894134246
0.0021264112639153136
0.00039142451601102446
0.0022695270892936375
0.000674360915573672
0.006700781231013989
0.0038157293074523586
0.00382429183916941
0.006656018840964552
0.003146293971321114
0.012267966822630769
0.004318994674108676
0.007913785081477026
0.001109224508282766
0.0038667105214409934
0.0019599941082517553
0.0022463626418496954
0.003856954076876989
0.0011337589273900123
0.0036212617162705344
0.022473681511806207
0.0028821066645799663
0.003570680355897212
0.006155663214536942
0.0011794460728627872
0.005782608807706763
0.0037243773825630234
0.0010109962680693453
0.0024740131550779836
0.0035828042329859645
0.01883058683187181
0.004528357914996179
0.004854374408730547
0.0023510000071021724
0.00010721363057044797
0.0028264448348293333
0.004151560319287726
0.0013303976125599451
0.0036089719988541733
0.004824714371754044
0.0030984509070295517
0.005037349519756893
0.016799007485558046
0.006865626789775582
0.009577756553006704
0.007683662489166502
0.006630257559803438
0.004645611280541468
0.002471990721728254
0.021010913876132128
0.004075081810992933
0.0026840455316104704
0.0011700514754044804
0.01791120687540396
0.0038194473168625775
0.007814265766094104
0.0033775379500582403
0.004164079360985126
0.005782608807706763
0.000654864726561772
0.004325957968045705
0.0006865924967134164
0.006454134951575974
0.00767593737439919
0.018602702963795712
0.0027725516139220003
0.006487288401300623
0.002333645993233003
0.0038201103731667335
0.001951462876583732
0.00027948842628843195
0.014540750716601804
0.0020223370186654922
0.005080401659514022
0.0017005798119330005
0.0009910441928537624
0.0026742517084016944
0.006493601298058804
0.014658719636099606
0.0013127742244035407
0.006255714185854982
0.010851954480402949
0.006751074365796632
0.00888741028911233
0.00010721363057044797
0.02107554285230975
0.0013421449129407013
0.01187162268116316
0.0027608964488825445
0.003828600203654215
0.0101887234428832
0.0001716603635979072
0.0032211900002353717
0.0007604353638903877
0.0019070009004220024
0.005914054103335093
0.001128002687162265
0.009289589528429102
0.00010721363057044797
0.003713580299915738
0.004565280229816119
0.018621275357421523
0.003568979625557002
0.006254519798938453
0.0024166895639577647
0.005452917157093517
0.0036391505992283504
0.0011332593793926089
0.017958895327712988
0.009381410129107905
0.0008251444198554507
0.0035990794122225957
0.006780541088560768
0.0024475944731318093
0.002972908682584794
0.008277385988662638
0.00346722977697049
0.006860769334360306
0.00010721363057044797
0.0038732300862912906
0.0022186015639729527
0.00010721363057044797
0.0021155655022340905
0.00090902258925653
0.006276203434098432
0.007806506776287399
0.016575550604418735
0.0019377283333698817
0.0017701998955227654
0.001188980408335953
0.004877056674023476
0.0013941001156150279
0.002265946932467211
0.004336572619565777
0.0023631503127698804
0.02904443452502994
0.0017723915133690457
0.002797792877850116
0.006278659098811738
0.00766369871719095
0.01206010648456121
0.0003930634581974306
0.0009464252415093562
0.0031047571325912566
0.0006713649011181579
0.001354376807854609
0.007160202278104312
0.0036820631948504957
0.004506529997016174
0.004050613546585376
0.002480291745208915
0.0016987577400447184
0.0029509393643525473
0.00265587233741396
0.018904272819793958
0.006630209163475009
0.004459749468057169
0.0030955473528195623
0.001496683654551377
0.003555306297883807
0.006184443668281421
0.0028129783710423325
0.006651224173409638
0.004464123778759119
0.0018735708951630908
0.0026567424741096523
0.005696368968191025
0.008501461946154178
0.001670248697927417
0.006796820642186519
0.00010721363057044797
0.005057914224431257
0.029278120060081667
0.007007850922025566
0.0028123243475714124
0.002805537259289896
0.0038836424549188293
0.0012752308782878698
0.0040613572294549765
0.00674875702263232
0.0009848571487280381
0.001168860371188421
0.0037643308529686213
0.00010721363057044797
0.0028371954955387275
0.00010721363057044797
0.004637276301157356
0.0032913743466100706
0.0008796333414729667
0.0002353474023398999
0.0037113329014634403
0.0047749285302742
0.0046968612518716
0.013445775498434924
0.002364229744605886
0.018531843968834595
0.002333059002452764
0.005561758191966683
0.01979803870453487
0.0035351302343652104
0.0007979735801598289
0.006868745327287679
0.0037124575486080533
0.0024740131550779836
0.00046104021587367334
0.0008708859461558984
0.0029180496119343307
0.013498602188799197
0.0034828384160404072
0.012225334989831353
0.003642578673269378
0.0002468763064454829
0.008438660293446108
0.003521466945422483
0.0064757064743454105
0.0030553310427168575
0.0035966489771291853
0.02892119123292185
0.000809171506076038
0.02106304767089912
0.0040045362769673964
0.008424097439092509
0.01216278791157322
0.0026638085219819036
0.0013366291893045664
0.006776643942543604
0.0054691148314387735
0.004263336562745604
0.01792348357891551
0.003219445809528402
0.008414969046350097
0.0025483846063292367
0.004578621752247304
0.003982045618961477
0.0038214497879828
0.0023779049016636523
0.00010721363057044797
0.002354051143692735
0.010558772110317895
0.0026968024944482917
0.006872763665851325
0.00888741028911233
0.0014227490439612052
0.001072415757084513
0.0036475534942522845
0.0038856285479868537
0.006250384206172741
0.004768836588635334
0.0022236470385528367
0.0014700317976728491
0.0038683787113683956
0.004062321256814973
0.0032913102291206634
0.004471037245840706
0.004465464604223766
0.008424811681569869
0.0010703449728813313
0.0015328653783130582
0.011634111381664975
0.0029084497925572182
0.006554775949040183
0.0026098752325331015
0.015417303019936553
0.00010721363057044797
0.0015377196438755205
0.003462844527366162
0.0021614613267222312
0.008211398094362552
0.006264616627667711
0.00563387055395093
0.0026465558139956873
0.003364618799695783
0.0048687647648291265
0.01269489614411289
0.002736737854789829
0.00037233529587025837
0.009584766627393574
0.0035141120961550277
0.0055580143352764524
0.0013303976125599451
0.01651800802690396
0.003992655344350067
0.005192423678974025
0.0035583918520942968
0.004174154523462152
0.0037292518022820843
0.006566513404127654
0.0002092342522259586
0.0033748773707972593
0.002742998892385173
0.002396093723700406
0.00010721363057044797
0.017950212507918183
0.008911902175153205
0.0006529004598208346
0.006437873435974347
0.005456350670229624
0.00681604991131565
0.003133780573507241
0.0042682044217687
0.009596771227566489
0.0020413236507060384
0.0038686075847660165
0.0015421096467819995
0.005726671792106568
0.005724259102253048
0.011731786820579064
0.009051401689640281
0.0004321409193812876
0.013723442093222675
0.00644612635210041
0.00028616849850949904
0.021017923924150365
0.0037056371706312625
0.00010721363057044797
0.0037551486723196095
0.003829770421408778
0.002803182799309767
0.0038603390829194117
0.000250359624996181
0.004327258612309935
0.002952233495311377
0.0034969356675227602
0.003451907894323668
0.013813842828045894
0.002273958482828928
0.019841174248259683
0.006776079933704775
0.003680744747075909
0.004926510147774828
0.013372696066989999
0.003873210718185476
0.008110317456203777
0.0025646496639957976
0.0014528874347345857
0.00010721363057044797
0.0038787137431092558
0.005797081235244913
0.008914069302401259
0.00767864873146405
0.0006530738632849585
0.0015695515856963555
0.008893281877307648
0.008927011428784756
0.0019667452308571244
0.00010721363057044797
0.015315393763417675
0.002828818158046977
0.0006633449261879186
0.006847023840567169
0.0013193894658759938
0.003416339346289253
0.003628852421840486
0.0050778512042021
0.004023924969328202
0.0038780905735609785
0.00247814518829451
0.0012708139661753732
0.0017985507998458522
0.004912238906218113
0.002991341927026707
0.009080962727262751
0.0034146684817350412
0.00010721363057044797
0.006607563867746041
0.00010721363057044797
0.02923882538351302
0.0023301271242311527
0.019265198429504356
0.0037005566491114463
0.0023124327751411315
0.006012137841451576
0.006485791500567498
0.0025521500026135908
0.0032825072313360133
0.0010535511274507396
0.017933533308368714
0.008484844739747142
0.0017910814563398107
0.003988657183277781
0.000997140685799049
0.0012298591312745611
0.007659334278653348
0.004773017108651497
0.01335579640023101
0.0015823313024163823
0.002440358747070864
0.006233658599176247
0.0016835292540198742
0.0029515063733404003
0.0018369571328503882
0.008899442012087774
0.001784937120445748
0.003729167047610639
0.007668465826152989
0.0038135118585913915
0.00508684716445729
0.004536707743452881
0.015355640642800176
0.0017697881272818912
0.003852020113312872
0.0033298202795339626
0.0024961130193478383
0.0003643404620724956
0.0040043526697503135
0.00369195257261701
0.003871485925719635
0.00017490332683215383
0.006397274391608878
0.002930633972470026
0.006613644291155021
0.004239073403507455
0.0011549782754464424
0.007311564340334407
0.006261743588114567
0.004744557974932544
0.006769465105902081
0.002185132770189452
0.0011779147154101666
0.003379164828603419
0.001092492017125564
0.002227721152550056
0.0068232887523456106
0.0059760955077069996
0.00553644831256571
0.0038155290926600686
0.006437873435974347
0.0038392701086317396
0.00468996629485782
0.0062631988444856465
0.0007432258835031276
0.006870176287280824
0.0033594217431016735
0.0037275930008255826
0.0046404173082590094
0.002239575095142091
0.0026729275987846086
0.0027931895007424854
0.012748746499782034
0.0076573821918800924
0.007936592457212996
0.005982650630181434
0.0054584090051604806
0.01089913884767338
0.002999847590766072
0.00018967218276345863
0.011732226396739494
0.00046856028058017636
0.006641725862632331
0.005471500807427128
0.005472871646105285
0.006240765357253458
0.002304435777569856
0.005712839600476308
0.009573445782804628
0.015399154922336006
0.0038671614586438794
0.005913083464901551
0.008098269344570324
0.0042712270968648085
0.0029257187944211013
0.004824257068596133
0.003820708798983925
0.015285928484946953
0.0058666412311090795
0.011628178473439344
0.0037142096087033967
0.002784707529664804
0.0031994219274147587
0.0036883973219908814
0.0037113329014634403
0.006231476096905712
0.008905485433752811
0.001634941176553221
0.0038668505211012436
0.0021155655022340905
0.0007433113312143479
0.007820941232023655
0.001218630328874295
0.0025483846063292367
0.001128712396934831
0.004764494478958888
0.003611902774576395
0.006607563867746041
0.00030031306084528164
0.004706596306240221
0.008522368757151441
0.00368217944676298
0.0015141860234065602
0.005567301892820276
0.003708121124462655
0.0036986071856109797
0.0010323582222554562
0.002122953226249463
0.0037549328842711427
0.002711862492406843
0.006134685717739961
0.0018520573137444695
0.00420683538923247
0.00487345463842441
0.0012232127625404772
0.029336619820977395
0.007665978869797055
0.004071846789213854
0.0036717189009113013
0.006917985255384816
0.010906286141974605
0.0012786230904670483
0.0024922515452252022
0.0001736451679106504
0.004666706111507026
0.005726199300099495
0.010910956984599707
0.004264141481684396
0.003533058569066235
0.010934942588580304
0.010905518828415709
0.02974731868126308
0.0062924759615175215
0.0036102007729569238
0.010155889092932495
0.00013409360859180348
0.013433282993879926
0.005628721605550348
0.0001291456799897776
0.0006707637404134081
0.0036102007729569238
0.005399326977849484
0.004967152806135208
0.002599948281981676
0.0012284871111344286
0.0005862168759263165
0.0221538288048454
0.002240302788349406
0.00584064145041234
0.001530704334328258
0.002540948346932456
0.005634937567312342
0.0006539328473753989
0.003431837346087464
0.0028671378599666782
0.006442487087351459
0.00786623458048343
0.0021495910764986643
0.004223543005600222
0.010996509965139817
0.0017742627185065262
0.0012061812388996546
0.01990527631780061
0.0034027911727976846
0.022189180732372162
0.0039429689443652525
0.013892373145770518
0.008467823204486446
0.0027436676067295798
0.0028529441408314134
0.020357485066809528
0.007354254731774594
0.017982723875059458
0.0210721548165337
0.008937967039230964
0.0064661849781938174
0.002322140670659412
0.005728750265239384
0.010651364358245081
0.008892810428753535
0.0026936533686472766
0.0033792322211954853
0.013806157076910788
0.0006779481928823796
0.006665316060631384
0.013834611582787015
0.0009820896818438134
0.0009480321896473539
0.004837943793436855
0.003200325775849387
0.007933583770340435
0.019751413749927112
0.0036891310468744783
0.006552973567454862
0.0037559152411660024
0.006462805206525912
0.01892544497412145
0.0038761140389305796
0.0022275049934043596
0.0014861849797309177
0.00010721363057044797
0.006526512655497617
0.0053596689355464916
0.0036256200484899408
0.0011574797798507477
0.0026650019035736384
0.004128523633694542
0.005485335884539506
0.0038155290926600686
0.0024555116287533645
0.008210018466002627
0.004483208840406469
0.006728058345268331
0.0015276821885146657
0.0023606763201382956
0.0084344489184288
0.020407987215070242
0.0031523070800960674
0.010946265404243254
0.022130070521139664
0.00010721363057044797
0.0038660389722386715
0.004023649889537808
0.002573838895004895
0.00842057796716309
0.003733748650277254
0.007593660959216233
0.0030716110965355037
0.0014892265771553708
0.0023393159008127883
0.004519287197177433
0.003851128156392356
0.0019046085994556216
0.012687812966768
0.004058899363616052
0.00463295765645315
0.006840781510647531
0.0022473598166548483
0.0015808111656979932
0.0027792370050783856
0.010859825121376057
0.0016764169374051676
0.010027807132511224
0.003285825234888702
0.00028325250567755924
0.0035099082179427775
0.008413150124730833
0.0034771632601748623
0.00021909300062774662
0.0004949346637378787
0.0027926165058692284
0.005690971418526404
0.004374557907353621
0.019792249618473614
0.0048134538439030435
0.00028224547193029213
0.022166655269405488
0.005155004009262447
0.011909018205630265
0.006875832545685907
0.005468379974729436
0.0027887873711960245
0.003263761365386878
0.0008955045351406446
0.01791298612741666
0.0014606645469422818
0.013763097208177283
0.002217143330779586
0.005258561583955359
0.010857407194045036
0.01653608982559289
0.0019134385260596947
0.0039044880258893937
0.004927737605576247
0.005261423854346634
0.006644291729329059
0.0008229437733820953
0.0006675942883530619
0.00010721363057044797
0.012793783933205245
0.018794937894125428
0.0037133513004047546
