10572
4799
19237
28038
28038
1552
10879
18745
1925
27040
10874
19237
1610
10876
22144
4682
26682
27675
12378
18745
26616
25319
22160
24995
30077
10616
22144
21768
5897
25196
27862
10876
10875
19559
25319
25319
25695
24995
1606
19237
10879
30077
26973
22144
18745
30077
27625
1606
18745
25688
282
26378
1925
26378
18745
10892
10892
22415
26678
10617
10892
1606
26571
18745
1165
18745
25695
18745
14921
18745
9991
22125
24934
26332
22144
10875
27136
28038
22144
24995
12378
19237
10610
18745
10874
18749
30077
1606
27598
10876
9991
19237
10892
22144
18745
20366
1925
25319
1606
1925
2487
2217
10892
25319
10876
1606
10892
27674
18765
9358
24995
16114
26563
25688
26378
26563
10617
18745
26616
25512
18745
10892
26571
19237
10940
26563
24995
22144
10875
10875
1925
30077
22144
26563
24995
18745
22144
23240
