0.0026157954265543723
0.0016064755707854974
0.0025908401265248154
0.005583912567672542
0.0020118877109806133
0.004116935995754483
0.002673381978148241
0.0023890230127655444
0.0022237082046849626
0.0014090795595528157
0.0026879781187761523
0.0016866523083559953
0.002318296700178531
0.0027917176971255244
0.0014337036734750788
0.0023707911528263776
0.0024991458723399402
0.00231379634115327
0.0011578803896504346
0.0015676491024038785
0.004339860971963833
0.0024189349120528154
0.004308966451777497
0.0025592080464442667
0.001624194815441039
0.0025762268204184728
0.0024046025010367672
0.0033063793212374294
0.0024776259517879646
0.0015564466039447564
0.0009415421894185796
0.0012498474071508945
0.0006539716511672194
0.0014245881006774248
0.00510047955186315
0.004643138804886571
0.0012742361678629737
0.004955639670278404
0.0007910026394199604
0.0022155181938036026
0.0029055426875600225
0.0022382606487298903
0.0023672312134382684
0.001778380737150089
0.0024210352318375164
0.00304593866788417
0.005163503463049507
0.0026479367829105416
0.0018798818355376808
0.002152271308911758
0.0013094547919254033
0.001687313291157431
0.0012074527909697545
0.0038212579563697644
0.002433724598770455
0.0015398179979274518
0.0005350137999081025
0.0025583658462862632
0.005754754554252724
0.0014263532490290502
0.0018206414573959276
0.003952491757235428
0.005198059248005468
0.0010099550204937468
0.003655258456789868
0.005178146512240508
0.0008455244896775024
0.006183605113872618
0.0018156666088257137
0.002335140346966477
0.0014547041820609143
0.001780644868136988
0.0017615357559584914
0.0022168669334245395
0.0012452355113699116
0.001008175892703856
0.0014473992290900105
0.0017792338394497056
0.0008010992213332725
0.004961666920505292
0.004124696226796942
0.0010549855135139512
0.004442359647231833
0.0018863632993705189
0.0021947149288366243
0.004720551966274242
0.0014473992290900105
0.0042546597867110314
0.0029244285024914527
0.0039225867302883
0.002001284779100488
0.0019830860221858606
0.0017780162502076147
0.0024733355578279393
0.0010520539246423564
0.001714694523830136
0.0014374242229374837
0.0008852663564062215
0.0024329170915156875
0.0016713082305558386
