0.004756877934411856
0.004937680885699982
0.0001878946223406871
0.036922190988730695
0.012801073515955464
0.0031340100868648356
0.010056962839946613
0.0009029938752923009
0.0031237387835037407
0.007501332080916589
0.035875019509829485
0.03570292107702264
0.00023662366085287022
0.007226840181968498
0.001419268250181154
0.033390003763069644
0.00016071283575150669
0.0038993114731769064
0.0013762215319322616
0.0015538405371940298
0.005774434775533171
0.005314510271797773
0.004642210001978704
0.0027079496250948186
0.0006863207076142904
0.003019414392794005
0.0006711405247662672
0.004117447180980082
0.03697736514131678
0.0021851175420603314
0.002419302590951061
0.00632653108934499
0.0029446089518684188
0.006383406396413993
0.0030738342164165658
0.002277332972444738
0.012611222760195223
0.004921326652076605
0.0022600517088332086
0.006172128279258744
0.014541232579883255
0.003960243993359818
0.0007865138831794388
0.016091505863383496
0.015739122323972336
0.0035063649490697933
0.0010267096971346204
0.02454949283265087
0.005147490448818061
0.0016889496183039212
0.005698317936510808
0.021288896175831264
0.0331277714902234
0.0038724004310134903
0.0006903295810028444
0.004504167991575898
0.010771521775998235
0.011960743572662358
0.009028764157969315
0.009567022276886892
0.0058152066035325025
0.0036155427322100042
0.0018699624947730656
0.003702821170227528
0.00040006886059846793
0.024445122301416555
0.006528497583478405
0.03681123580609432
0.001861288446353837
0.012322260529635575
0.003461009266590138
0.03582450990819391
0.005976450197546251
0.003445274941306798
0.0045696996454624795
0.0030635630543936697
0.02429869329365073
0.0263561032864001
0.0014087020927097923
0.009470197267860874
0.004953618814653692
0.0028434430707498944
0.002536816121070068
0.0018174409596459953
0.002954976380556864
0.0005549234780108495
0.0035641116928539687
0.008956311456583972
0.003083984043051671
0.0004255506269990127
0.005519589335586435
0.003870584907065806
0.005677507451262126
0.002068353283300022
0.0048076096578283855
0.004364566413836913
0.0058064357491411575
0.0018664547195068532
0.004509398060282434
0.0006348662061131533
0.004555028276359241
0.005074029968431646
0.01564182820479922
0.0021027413272389716
0.007221269598768568
0.0
0.003450985703791626
0.05550308963247189
0.0029668750004669974
0.00369117003604715
0.004494263993505996
0.00040131841033729784
0.0025383635467292674
0.0029446089518684188
0.0095603715205334
0.008951643587495872
0.007779040953365325
0.0006878246521608294
0.0076541123825026106
0.0022690414967388977
0.0318225472036227
0.0023783792346668362
0.0002350898985280548
0.024393216695053274
0.0012551494359189649
0.036657288722106114
0.0
0.024315334294940417
0.0004580498241844308
0.0013698497872140537
0.006598936245822418
0.0003960509624216332
0.023407548417073574
0.0
0.03182555873160367
0.01021983710663471
0.006226931859856704
0.0020695541661827225
0.006182900815219658
0.00035765823457092416
0.002711058462193262
0.014449924164397186
0.0004507584591610485
0.0009092505087162766
0.0069381871364197776
0.004319148813493849
0.033177834699713464
0.026443297039423646
0.003965177020181309
0.007369848746488611
0.03685698126086625
0.006920517603962274
0.012165616243686462
0.003452716658579368
0.00029837823855702263
0.00037625371483776754
0.026437790140770658
0.00034044166532054483
0.013217268002335837
0.0
0.0006297879021994252
0.00659771655557756
0.001909147305711544
0.001656954883015101
0.024218985458757978
0.0001524496503640283
0.03678538875900573
0.0001592894020381558
0.004236843539431737
0.022208224299210377
0.01001396867843409
0.03317045021800795
0.01103437633045907
0.0002884223879375764
0.0003823449107682203
0.0006416101412732503
0.008717093229368636
0.007495101648752178
0.0010996538600994933
0.02436583892926751
0.0002701588234907565
0.0
0.0004154755196498488
0.00022239469501274638
0.010057445258847207
0.008287311120997001
0.007055043114482961
0.006960203621522846
0.0001394383036832634
0.006529330206715253
0.0070122937568232666
0.00042345435440355037
0.0014256937691895927
0.004756151680840291
0.005747917982323759
0.03569872548220825
0.0
0.006041839211858551
0.007459972277930388
0.0002124500950778399
0.024450805864929644
0.00018843852352857634
0.00452296370932807
0.0020877564076303735
0.0029257973861378673
0.005769220068861453
0.012069482550978705
0.006010539734958541
0.009478305560316362
0.004191693878101112
0.005796418343533758
0.0044530379273135245
0.01287625843800489
0.010299965843615833
0.0355507514443168
0.004983672255326065
0.0030752984171987757
0.00018804553266007977
0.0024413544602092355
0.035766096489916674
0.0003813903331771511
0.01028242106567132
0.01883431285355804
0.007966314832481983
0.006305858905510786
0.03560198953667831
0.0001804375951275876
0.02187296122723252
0.002959700949568557
0.05571345149643036
0.00034205528557310327
0.005066866268549028
0.0005053292718444512
0.03188422688663493
0.006011364707564704
0.002190298673086422
0.0066572458358013275
0.005823101785702092
0.011504259251171269
0.004136969537667188
0.001567948999709015
0.02456182772966407
0.0053519989976289935
0.009773980648782559
0.0031601726468163615
0.0013889790654221508
0.015512383459561567
0.031823552029348695
0.03540872530684081
0.0016903063551673998
0.00024420522035200416
0.0007013995541705521
0.03568531888406429
0.009600060373796071
0.0
0.0006080102048047126
0.005244200059799017
0.0002424486015527486
0.00310406630123627
0.0030585419853656585
0.007095477081819118
0.005984401417021432
0.007125941764990397
0.006993725010849473
0.026305540344963824
0.010011883475127136
0.0023727840095579046
0.005746874623941615
0.0002953042205277446
0.0009495243900609949
0.005734424626368921
0.0069876269887586585
0.013442119512673122
0.024527023012353405
0.0
0.02442549813130131
0.008341470010875485
0.01572493545457433
0.0022600517088332086
0.005794283829455085
0.0008876508776057237
0.02355657972030349
0.0014347737401685216
0.003206039763060643
0.0038002274386161835
0.007937963259131818
0.002756741783287161
0.005742934060163782
0.0010144168573468573
0.0013584518313584579
0.006369305547081231
0.0355745823933151
0.004307174260897258
0.012093662120247968
0.0013294562323354286
0.0023862287464909153
0.000777553577827964
0.0033944912324833103
0.003097227357528361
0.0031649016343960347
0.0017249852137430721
0.0015289660111362869
0.001571682729630891
0.01876324956722289
0.0010831747826383342
0.0406330558727862
0.0001552025342814467
0.0034976684282779454
0.0029495182045030308
0.010329024062393955
0.01028549145979165
0.005541684842497979
0.002946178325139383
0.003226345706178872
0.007509293851471168
0.013776597132726042
0.014430731882110116
0.0007374004851245975
0.0003288130731571123
0.00030043321547803956
0.0006534701194442142
0.0032954795680736984
0.001660199137652276
0.010156754668603449
0.006305858905510786
0.035875019509829485
0.00017081547257405047
0.0003886740580597493
0.004265289815691682
0.012829789638652958
0.004691662477498682
0.007807220080622315
0.006816551099973666
0.02432723037101051
0.0006329830893123879
0.0019463034017802507
0.007828616147721656
0.000278642567643087
0.010893530567157118
0.007989688308866047
0.0031977826854206817
0.01058113768732613
0.02121606342336922
0.004914731287031727
0.009706708312096964
0.0409015933464412
0.006061679097922534
0.035759474284634156
0.003944461266887395
0.004606417682406556
0.004951309036241366
0.011532326035246716
0.03313966473321021
0.0
0.006448006783996429
0.0007105252631760146
0.0028877772342040323
0.004605550592344967
0.0015191373757272623
0.003074243525820012
0.006876875374520593
0.0028689516639323477
0.007316332933190345
0.006003156463528512
0.005285753914549158
0.033093443429852355
0.0035794650230438836
0.0007100474872281259
0.0004694437762163335
0.057773535338372095
0.0011629310643255764
0.004519013567990455
0.005600839488804722
0.002412812242244338
0.004291905068646101
0.012853643631170865
0.007176246045102845
0.008914469098095729
0.00013823918620674234
0.01280017820720821
0.0008589435262682171
0.007226006290164417
0.0029451315508143582
0.012518132769680975
0.0032242131422014486
0.00021631990530563666
0.003915461042465654
0.0001299725866002827
0.007008782574254997
0.0006328325582285705
0.005744715162275346
0.003030812451708276
0.000777145743393812
0.0032441714924397896
0.0009997418981079495
0.002987844779293045
0.00691416897518216
0.0022842327051362694
0.005768482506021241
0.003424990058901231
0.003065492400191589
0.003895019503391328
0.033213345072741415
0.006219866160034427
0.0015324353111029808
0.0032023075315970734
0.0011787986095556924
0.003793832438001117
0.012869689132654188
0.008699734133465888
0.00018963295149795382
0.0004733926902385566
0.001266827185582983
0.00018536840727101888
0.00023972314634296719
0.0003784079833971452
0.00012595819062872075
0.037030690036376046
0.003932782820035197
0.0006913103610718513
0.005774554568240413
0.0059965991982248975
0.010232155006365791
0.0
0.02640640719301816
0.005818938918911394
0.007428438802061537
0.007746452318971666
0.010164327982235327
0.003171300963792647
0.006068474230489375
0.03182555873160367
0.05781390013551236
0.004176760798427693
0.024481642651254173
0.01072624853467377
0.02121606342336922
0.005988268300486016
0.004987999452124292
0.00019158856683787928
0.012804612248419306
0.0001275958059356319
0.0031031561984051757
0.010004960704055606
0.003104223587324295
0.006516428155984084
0.05773018137562025
0.00575501004472946
0.0006734398199169161
0.001102184709361355
0.0011198064581566666
0.0029257973861378673
0.0008237321305339219
0.0018374269045681173
0.007925569343462278
0.05775730084795999
0.0061933869067230815
0.00095070183060298
0.024177787295050393
0.00895862658279552
0.003722699293346962
0.002973602003960084
0.0005473710318788142
0.002213438237337391
0.0010693706776126197
0.0002784531573040341
0.0018166743316244969
0.007703166329084757
0.006921688338386412
0.007344823035532595
0.0038562918895884723
0.009645556125348185
0.007184384820662113
0.003110943127701925
0.0004818669348697563
0.0007985529817163199
0.013423700381358407
0.02128183789192976
0.0006935129322272604
0.0031338439709740393
0.01021049710247004
0.001011151265076666
0.00028919869788883137
0.010285479731431147
0.03318270166747744
0.007565097201721097
0.0030342467261655777
0.0022643966609376225
0.0
0.0009888212436210094
0.0025146990047240796
0.00040364902522983847
0.0026301500861316053
0.006175458792383391
0.006958787151558426
0.0006632383065888027
0.013314245488129565
0.02634453242511296
0.00017738921612999036
0.03559315138733436
0.01026115956752647
0.003015088704954477
0.0009620245881931854
0.014440230059575008
0.012511134877943746
0.001601396803067553
0.0005267960554818307
0.0017508873422040754
0.021738338140252472
0.005696440900968683
0.006008308991934779
0.0065485783514647395
0.007128406801910031
0.03764971235580646
0.012200184114820975
0.003921668907790369
0.0002610808690904525
0.0006504014807631046
0.010010766833145836
0.006179957203518622
0.009489102987043767
0.0011108546992572533
0.0003653835583998939
0.0
0.005991615840172334
0.005082417503991831
0.0012385804016211228
0.00504139843068009
0.03186569679213516
0.004981831486731511
0.0012980714507022455
0.007575081090506779
0.006119629224636289
0.0025545617037551656
0.0007879890716951245
0.0368430054130307
0.03184376608253928
0.005704090155418208
0.03307857015492926
0.003999816297819582
0.009208746970248191
0.0010136514732061964
0.002923821714449447
0.0006330643416158787
0.0012992571145239882
0.0016096560949135452
0.0011599341568676819
0.0021939985803279324
0.005495899913655587
0.003700275819701711
0.002893416160728926
0.008199168655171398
0.009601978459837306
0.005874671327932513
0.002711519338538268
0.002972409486931758
0.006221949685686711
0.005512800404805576
0.0001423284994468409
0.00024819363325559213
0.0577982877232196
0.00736814581473188
0.0028268140807519333
0.006505359533795561
0.0043676719348366725
0.004213806973483361
0.026390061884363974
0.0011848245866857
0.008024909826738886
0.005753115663415809
0.009470197267860874
0.003315929950573716
0.0014637685770147923
0.0007413475475368383
0.0022458308050843406
0.00612049652904022
0.005989951082567845
0.0006788640474867891
0.0014842957270380765
0.0032837522139864124
0.0015854182950515389
0.011763105185753358
0.003922234965521438
0.0006265421346997691
0.003743017387508397
0.0057461641929414
0.005975418405049054
0.0039417105014569786
0.004804163837198784
0.00454295884426239
0.009428536298921713
0.009846169138646577
0.002466529284575318
0.024226107369173435
0.024265354123695192
0.005713889033229943
0.005399485084511908
0.002566838652364425
0.0011005212857023892
0.005737352443081694
0.03665980025508745
0.00450271333774456
0.007941055771416005
0.005750397968722125
0.008192822039520693
0.024253491635071265
0.0027134986324086306
0.0033831081247493685
0.0009988132222098773
0.00029744596887392485
0.012629251086527469
0.001759127493783271
0.021826774427424058
0.010014018329527847
0.0080187349260118
0.00870271826721214
0.006957389485166572
0.005827643929323365
0.008447247108699478
0.004253768250290412
0.00012606283008135782
0.0036227543491978635
0.036890127314240816
0.0032048087809038446
0.013898491766602968
0.0032372413378037325
0.00368013703315931
0.005110171708450096
0.00724950977718463
0.001661535989921123
0.004024758518472234
0.00026088111230991026
0.023431838784081574
0.006191185003942545
0.012535474783950618
0.0005384837840454462
0.003207014274993092
0.021832981004347395
0.009262045889251096
0.0019556816853730273
0.011768048610236906
0.015633179470675575
0.005763870159770995
0.0
0.008018357614041917
0.0037607619501345887
0.0006506246935534199
0.0006553136741233055
0.0011005344421758762
0.00569054519748173
0.009014818290906708
0.00013016879400559394
0.018997396098831526
0.006318849124526786
0.002761623756979024
0.0028307651321795983
0.003581970021262907
0.0008789357502674662
0.0016912718150970622
0.0007297581224204003
0.005183894394286781
0.00014460910020458893
0.004273312648007976
0.0011296974083381548
0.007141291346586434
0.007224747119755768
0.00013132979990872367
0.015984789271150202
0.003494611717904278
0.006197399714072185
0.05556793353616507
0.009028764157969315
0.008071622660885942
0.00026795759745771165
0.003854636153115715
0.005780945239082575
0.005691646279818943
0.009995170133504361
0.000425568251082122
0.0006575069822629395
0.003941147092840624
0.0025426852181347787
0.0357241859979801
0.004230459694104982
0.008168089582660553
0.005107128221814746
0.0031531066458792816
0.00015245347885700219
0.005546194379689197
0.004550070091680624
0.003771678210450357
0.006526247341704986
0.05773018137562025
0.006308776342034596
0.0036602405320928545
0.00013804127774062622
0.026398144924653852
0.003144272509203194
0.008428393416623695
0.0002937875465367429
0.00080516533494803
0.005517266760854507
0.007872956499164046
0.00017150693062107836
0.005450244203304421
0.00015718210498424942
0.012895546560653316
0.005303908338075256
0.0017642291190530209
0.008156711699948261
0.0037809957955226123
0.002353952864167797
0.003137869740833524
0.0015379706452997926
0.0008155659932401544
0.0026193825713081245
0.007187745056648535
0.021727902860099377
0.002190298673086422
0.0006426294699755953
0.014506379648552893
0.00561837699421193
0.003300262507125788
0.011898247920622343
0.006248475633554213
0.0001479394074570124
0.002946178325139383
0.0008974822133548657
0.001008915686208483
0.0037670254983615797
0.0039031008885432126
0.00046061161030985174
0.0057094540114817705
0.004278540805256057
0.0036779186110165577
0.005172563928052167
0.011715774076436368
0.006631021465644288
0.004104298188823863
0.002310623590249227
0.004890939870406558
0.03692575011046346
0.036839038719406386
0.012800676281523917
0.008600038142839788
0.009262045889251096
0.007008174193795402
0.007218690819161804
0.006180736360914783
0.0038983133598437525
0.006565404854320815
0.0032174353712363982
0.005992928700674051
0.006071119614105311
0.0009248070534791489
0.0
0.00026221431264950875
0.0014568684998386237
0.0032649615823490945
0.05782596415305766
0.002905271272624251
0.0016206465969898715
0.0056809771791437895
0.005984914573905205
0.00018980681694872624
0.003640183490378124
0.0
0.004938594411768611
0.004610043291466719
0.024265354123695192
0.0007854886746723132
0.0037133113806233765
0.0029451315508143582
0.008697352959707548
0.004949470228955335
0.0005689953822502203
0.007812964985533905
0.008395451873102597
0.006088146822688983
0.0062380829839052895
0.00376304602732191
0.0006540505965688864
0.0013406733806371031
0.0028912721888128628
0.04062165242303763
0.0003149317624115294
0.00034014133694710967
0.00042060458484335494
0.021667135714317703
0.018928310680177123
0.006237701037748716
0.05778211214888119
0.006887138337086657
0.008716969243761906
0.0002299468949873021
0.02134879048234131
0.0014463523368982271
0.005957414945071508
0.00342784581362387
0.001225250191126715
0.002590287641254257
0.0005185044366746739
0.00892544350192444
0.010087919378704456
0.0008760555522167784
0.00013907850228818942
0.015566206022400135
0.0
0.0
0.00403811854180886
0.006075634601974349
0.00890231255172144
0.0031437400571459853
0.0003723851607605364
0.006016957891674754
0.0026087103142514744
0.000907123008172659
0.005407786233781189
0.006101469502439817
0.0004596553606281233
0.0
0.004247122100658973
0.006082331195963822
0.005739645510625312
0.00599821350604141
0.003160259865800557
0.003445274941306798
0.005717045963217079
0.00590027216106813
0.005390475962399979
0.0020876193719147405
0.007964601301244932
0.001521960029415712
0.003094632272773763
0.00019294107444681383
0.0
0.0
0.02340663888763483
0.00029607491608180965
0.006023080060508767
0.011539595250397707
0.003451291448616859
0.0006860688769065886
0.03668353755908504
0.00037012719194793486
0.00037712021636418454
0.007176593013614173
0.004703933038119299
0.013439570312502007
0.01295608431203523
0.007501952052461676
0.012661222106523012
0.015527227900075316
0.00599821350604141
0.0028276761270183584
0.00020590147382583057
0.0006780775080172714
0.0037282244208562423
0.006113750884600631
0.035522352563708996
0.0072105679261268395
0.007607750325453401
0.00039893118647582186
0.01876902550834068
0.0
0.013136997084296253
0.006869067074678481
0.004613346676203972
0.0030654853526645483
0.004299029825888247
0.004120177732128391
0.0002727579011518745
0.013414660781783829
0.0048076096578283855
0.005694226704131083
0.031909275648249434
0.004553900845862526
0.00042762403802755526
0.0065956438041454785
0.05558931507281752
0.018818903663059383
0.03182825700540796
0.0004549889304192409
0.003895385471585929
0.006318781590121297
0.007386866057390313
0.0010924279499363036
0.002954741538692976
0.00037820570274669515
0.00016924885995402768
0.0027917520677175466
0.0005806893336743506
0.015839207366072222
0.008534687583443036
0.0023805570647706135
0.0008757992313987146
0.038043061787899034
0.005990564176113871
0.0006265421346997691
0.011001762409941057
0.01447752266323229
0.001361767101683841
0.004304551388571751
0.006219866160034427
0.0022078283372121157
0.007216398092923182
0.004323016989261546
0.0
0.024284691013499556
0.0
0.009455185111161769
0.0011582350422054766
0.003308927849041606
0.001890317609845947
0.006066166628179649
0.003086068133719122
0.0
0.003858679462987113
0.0032067299327863535
0.00254707638836961
0.003088119761597187
0.003870584907065806
0.0014721641100306866
0.005076230423122341
0.003896765065285856
0.003844424897749088
0.0006577653843271729
0.005769220068861453
0.0006755784358783821
0.02346230441936363
0.013463425319407377
0.0007241328232913969
0.0019057914965395356
0.005801199352139477
0.0015565965845160989
0.0
0.0
0.00498281840922095
0.0047933351713169954
0.0006109691718893051
0.002310623590249227
0.005801928583312924
0.0002450705219451311
0.0002117096268253973
0.005687460232359409
0.0008799177035392551
0.005752653832866259
0.0038335432715435372
0.0042182498070296275
0.0004272443461772726
0.012840784606674661
0.0013690274324044697
0.03319957422927498
0.04143692147803145
0.0028918813962884337
0.0
0.005768282822209016
0.002924130373509257
0.003250727251118283
0.004079112800915107
0.010271002846745847
0.00027238046775588526
0.0028724257702305907
0.0
0.002515512565876915
0.01165666966180598
0.003067997845711681
0.00021085316784703946
0.008542950772084128
0.0025494976175171225
0.007233556952625528
0.0057635556486951645
0.0006858717270611842
0.00999919971461718
0.024068544666601344
0.03336754691718375
0.013064032591546823
0.0007473452940147356
0.00022427039621440077
0.005741749413651665
0.005109693593656195
0.001504666968790336
0.010234398180238673
0.003134765633611246
0.002845139983326868
0.021244972939737997
0.015697716190743425
0.03194300937600952
0.004322237877239806
0.009831909634956521
0.0024064033732390934
0.0006794019375687871
0.0009135350229338813
0.055539441523471254
0.0054434535154708275
0.013525000975390956
0.002182379456287882
0.00729617392239678
0.005683386638779272
0.02425829956861023
