0.001017857395321058
0.002314694090442181
0.0019610362436957053
0.0018327942001309001
0.0005811739546576063
0.0024586356724650557
0.0010111553757677129
0.002061910139437843
0.0012568286714562502
0.0014538013241433374
0.0025021304364465716
0.0019558655039363295
0.0021110247207356925
0.0026247397596200674
0.0011990434801799922
0.0009991848567536912
0.001045618467333876
0.0010465365104610303
0.0027233823870048855
0.0023866156462012448
0.0014279761959270112
0.0014894622559619396
0.0003731435445281516
0.00042545717608807307
0.0024718846955416396
0.0021110247207356925
0.0020573821593507357
0.00044188799003850454
0.0018341310662741816
0.0009929934077415278
0.0024515103001751357
0.0018334211880296036
0.002316997224567482
0.0023122639746808817
0.002026750346855422
0.0021110247207356925
0.0005129330131775533
0.002992946641734741
0.0015471121667943227
0.0012197719738289404
0.0025398922476961893
0.0015454315822207988
0.0016694470576747676
0.002317508409633431
0.0019739291575379494
0.0029994417796639044
0.0020749705390240396
0.0019250091685055516
0.00048144368178975445
0.0017859317681508512
0.00104366160575693
0.0021110247207356925
0.0009391960822529151
0.001158684610721335
0.0015421382591177856
0.0019431320600282343
0.0010162184701861207
0.0021110247207356925
0.001211672147681642
0.001061229408907211
0.0007054624351458562
0.0019002560719677483
0.002600115925685452
0.0029789244460770477
0.0025205046909121736
0.0019211989977976772
0.0021110247207356925
0.0021110247207356925
0.0016026518608460876
0.0018665749651965058
0.0019031031065279114
0.0021598068944635135
0.001800360510402307
0.0006606991926433217
0.0030251151215960415
0.0015333760607453594
0.0031347390063386792
0.0035117455579546427
0.00206181073367554
0.001826527014443706
0.002072103034152715
0.0010125811474690676
0.0022917787913361337
0.0021110247207356925
0.0018654133964374651
0.0021110247207356925
0.0035573452720423122
0.002986963920881216
0.0021110247207356925
0.0010418341447256865
0.0031962172430748093
0.002856781410972349
0.002057770983850094
0.001595722898213871
0.002025257150727729
0.002314722996517147
0.001066163423088295
0.0017618863347123566
0.0004992678422954628
0.0014971252355439261
