0.0016078699839227367
0.004321768389761805
0.004115979087430182
0.002835117527122582
0.0012335872789169104
0.004320879523885959
0.0014637383135934147
0.0022011160356582003
0.0027481880394202357
0.001274757162304003
0.0026472997727502523
0.0014637383135934147
0.0028923105209283004
0.0023279762953695863
0.0021669595704333217
0.0019216570864137106
0.0023809153980322807
0.00247731834431987
0.005345555705737359
0.0023953071440936456
0.002832764666307985
0.0019034220049637478
0.003568094118687859
0.005424297266807081
0.002429133396241518
0.0028944762016932645
0.003069138888803067
0.0016358620670240758
0.006018207289818399
0.0014637383135934147
0.002213837745466951
0.005118823594504962
0.0026796149366993755
0.0026798442076254813
0.0014637383135934147
0.007550343370391472
0.006019659026387362
0.001043940914174382
0.0043200203205498115
0.0024796148794224786
0.00659639448757474
0.0017986990731753947
0.003410061470115487
0.0022882673328836227
0.005511964589768928
0.005800378270611364
0.0014637383135934147
0.004969191521054888
0.002533566138406146
0.0014637383135934147
0.0033671974086004093
0.002053192788260373
0.0012739970219359815
0.004305502254406953
0.0014637383135934147
0.0019304572002921206
0.0020305195772317274
0.002426943007681018
0.001845028088922278
0.002143498246446347
0.00242766145440602
0.0019303037625091337
0.003311851488168689
0.0051694872145799054
0.0018392401748066993
0.001745586890789662
0.0014637383135934147
0.004751700474743811
0.0014502743226697402
0.0023197952322592
0.0024496987172734257
0.007548783664889296
0.0036976618451257134
0.002538249980726546
0.011452184663371064
0.00265252659189349
0.002974030192116655
0.002263547178015617
0.0039593987726678
0.0017950127393118168
0.0021003248921803563
0.0021415887348650606
0.0026476387922185667
0.003074592609141859
0.0034097452858510564
0.0029341863683341987
0.003052851856663472
0.0028725740990226747
0.0018634709452512962
0.0030635935894130543
0.004296123855732371
0.0026780085198383607
0.001942812817785023
0.004323529349163907
0.002416010943873319
0.0019367037095585383
0.0018041531896777537
0.004309855847733478
0.0012184514127005453
0.0013039191322620524
