0.0040896172772311055
0.0019179435064674932
0.0014245881006774248
0.003923479381981041
0.002489153203239172
0.0013616830496938394
0.0024859121356265133
0.0014245881006774248
0.0018677735775735438
0.001473447711800627
0.0015721383138408516
0.0014245881006774248
0.0016377307445407986
0.0027235545316176076
0.002224982601696768
0.0017953673941983627
0.0017813485373531137
0.0014245881006774248
0.0014245881006774248
0.0030217614780516247
0.0009681345142037979
0.0025200277694003765
0.0011886769418615654
0.0018371959241381063
0.0009488090583523292
0.0024045650424117824
0.005490898790106556
0.0013575926042938015
0.0023839601607892748
0.0019280498620697355
0.00412643249063099
0.0025547060494699805
0.0024092048233794764
0.001736326711639548
0.0018992168613720982
0.002574382903810606
0.0017751263687628696
0.0021188335371484382
0.0006671223854477028
0.0016439592661950276
0.0020917600439171913
0.0024421835311079746
0.0030507526685143167
0.0019709547418496273
0.0025485297202411388
0.001261094432687177
0.0018708449345922439
0.0023224993675432797
0.002793912747603266
0.002562143259194396
0.0008036551378640988
0.002403944589335677
0.0014245881006774248
0.002528223356316904
0.0015500272642218543
0.002486637949828702
0.002057620131053532
0.0015019219482356153
0.004825913673668716
0.0032093329027463374
0.00743041232499618
0.010952399596635501
0.0008884539243742997
0.00276769325919609
0.0014245881006774248
0.0014245881006774248
0.002171225511693184
0.0014245881006774248
0.002486765083608228
0.00412189921720035
0.002283943854959854
0.003948484981869039
0.001800665206197325
0.0013985368822351494
0.0025598243852733306
0.0009415455696458916
0.0025523398731338463
0.0025439133596680216
0.0020027310548277437
0.0018567177384236726
0.004275357937614125
0.0008662177589532957
0.0034464701979467142
0.002401948418414498
0.002548074621870425
0.0018826340100395846
0.0006596272053682273
0.0008105448788680419
0.0013465412496690668
0.005106079298428973
0.0044459160399181975
0.0013719891972415873
0.0015925913819100138
0.003420454266334184
0.0026635323160072743
0.0017063049134098296
0.0009736067097305803
0.0014245881006774248
0.0029898671507616673
0.0029917033258164134
0.0014245881006774248
0.004196991888391871
0.0014245881006774248
0.002400053140406785
0.0016106926216301728
0.000581040639822081
0.0033104333244015393
0.0014882600034728684
0.0021172313932263476
0.0014245881006774248
0.002613595742361681
0.00240402688906492
0.0016783163015837827
0.0011611220038206295
0.0009427751436234229
0.003411614263030486
0.006173425364875497
0.001331056357191993
0.0018880144805623466
0.0014245881006774248
0.003969419699936387
0.002403692084607763
0.003050002106698651
0.0023627811313863562
0.0024217595435435625
0.0014245881006774248
0.0030505150350740207
0.004092378740132083
0.0032436846355885993
0.003655265778274937
0.0024016051470913667
0.0018006026511945316
0.0010343222552648746
0.006184967986307677
0.005023487151192337
0.002561806917926748
0.0005843777060265678
0.0006990964331089138
0.0008456929077374112
0.0014245881006774248
0.0061884519963768935
0.0014245881006774248
0.0018833225702194864
0.0022284576443810105
0.0029902663623221273
0.002546889504061868
0.0009709467950706693
0.002409237179467167
0.0025787854250115256
0.002247876220873808
0.0014245881006774248
0.003421339392634327
0.001261094432687177
0.0017033210046256257
0.0018834750558626807
0.0018154648791740406
0.0017375966166758147
0.0015268441702257474
0.0014245881006774248
0.0029968887730859577
0.0014670662718578626
0.0024656973321785197
0.0013018524772392133
0.0011523934591664165
0.0030539799319474277
0.00193349742676511
0.0017808484469346458
0.001968588680406382
0.0015653496899302624
0.0018783175943602227
0.0014245881006774248
0.0015129252716902606
0.0016211457277673926
0.0014768297293980212
0.005117132864426839
0.0074363636731710646
0.0012079039838417552
0.001910928117086186
0.002253095615294271
0.0029946257656765043
0.0014749642501611976
0.001916338891399227
0.0025289480595755715
0.002176141986957134
0.001808813839079914
0.003053172903383056
0.0009650366407269921
0.0014245881006774248
0.001048673090608961
0.0031754313258194906
0.002475671558025028
0.0016202300013621045
0.00238040742932319
0.0021790941481206125
0.0020359293015655183
0.0017573230835360588
0.0014245881006774248
0.0009805630398077583
0.004443792764147764
0.0017688647177738091
0.005152248593201681
0.0038450634639962573
0.0014245881006774248
0.0025214000208834404
0.001056734987157149
0.0019536638547717664
0.0014245881006774248
0.0025959085247847574
0.0017500744367303623
0.0012473515338328747
0.0014245881006774248
0.0024046534096508155
0.00330531449869858
0.0014245881006774248
0.0029952815305186405
0.00223677927220519
0.0025634765276382693
0.0015443965739009215
0.0032278543753130125
0.0025393857315830757
0.002551243743667963
0.001898580959446774
0.002657588168940158
0.004304513847991594
0.0007942773639489222
0.004117593060335478
0.0009377422131901043
0.0012370222655187764
0.001737029428300982
0.0008733567668248189
0.0019132671345541928
0.0014245881006774248
0.0009532571122320085
0.001623123682591706
0.0010042098465343433
0.0019633076914496307
0.0013205117892052878
0.0023388764535581972
0.0021816721641159933
0.0008476343552520405
0.004618387129087452
0.0018798693536315886
0.0012177498487226438
0.0016432786403251212
0.0017617956855255654
0.0017247166048889274
0.0014245881006774248
0.001978402946264016
0.0018842917753949537
0.0034774474819878436
0.0008884269714711687
0.001259417998734803
0.0016017225633138973
0.007424623742310329
0.004093069146843048
0.0051780335753357385
0.0018956567359304378
0.0013757938032893078
0.001128810317908061
0.0014245881006774248
0.0035747179749346645
0.0019289822220272782
0.002995110796855791
0.00232875302798537
0.0017800957448423928
0.002403625163379629
0.003656200116494946
0.0011532276425564663
0.0019726897779262106
0.004440288709751684
0.003947433365057401
0.00241133366553609
0.0012703454664118818
0.0011925094845700707
0.0009649348284910454
0.0016526587693350794
0.00236313068251108
0.00256737969189786
0.0026179567367045978
0.0026041704471036864
0.0014245881006774248
0.002528223356316904
0.0018341130301424403
0.0023826621584141687
0.0008939312141270253
0.0012607488040268457
0.0012618323741826346
0.0027231486294252653
0.0023440868599106128
0.0018978957749529039
0.0024747356744434534
0.0028013114398335514
0.0025465851234169083
0.0018027214565798425
0.002570902607725681
0.0051876201465811235
0.0018809827468989379
0.0019966946313524597
0.0026699856472890246
0.0034319236039683588
0.001838485344754087
0.0014245881006774248
0.0017254940806215849
0.00020414630391374196
0.002397733364830597
0.006182800507947964
0.0014245881006774248
0.003932001149639416
0.004720551966274242
0.005150699306752197
0.0013076509711661588
0.0051857067164243365
0.001697591272126725
0.004184337072643042
0.0025547259207759415
0.0015090361886367458
0.001036094248685306
0.0014245881006774248
0.0006404029736209012
0.0036897348411265175
0.001291005898448684
0.0029988544454864585
0.002473226865581729
0.003703054016459052
0.0012103450336961952
0.001681791513427884
0.0024251783799807127
0.002295813894071262
0.00179339369892199
0.002135093013888624
0.0014245881006774248
0.0009504259087071184
0.0024027963750856644
0.0008923105557656498
0.0041463126765981335
0.0014245881006774248
0.001808733346580838
0.0014245881006774248
0.002205749172493492
0.004205593352087105
0.003294045319240726
0.003503997268650611
0.0010282752001780178
0.0024104431700680885
0.0018879463824994665
0.0016440085370207562
0.0006733736305197333
0.0016303377604254263
0.0014245881006774248
0.005763086607078295
0.0018074566870113118
0.00392472838258553
0.002439960977302517
0.002518562179882737
0.0030737123179211227
0.0010212071114340312
0.002291796280623675
0.004816809241916388
0.0014362150033504991
0.0014245881006774248
0.0016980505876170997
0.0022436020032354192
0.0014245881006774248
0.003051848223693951
0.001464641617203292
0.00184487622851142
0.001053972895363525
0.002242286863586305
0.004241999257717514
0.0021191133236791206
0.001314913961124548
0.0014728972965122218
0.0009368159660987918
0.0031646479775382067
0.0008880693034195419
0.001950905121679347
0.0020014497600147944
0.00317945180617632
0.0046410737384680835
0.0014245881006774248
0.00179339369892199
0.0030542545381381002
0.0034318298989880346
0.0014245881006774248
0.0018566893583632782
0.002171273967242863
0.0018909789728007976
0.002097720067056693
0.001839410484556014
0.004442820486785676
0.0015690022557773517
0.003590569055297536
0.002383225843067188
0.0018148709410992947
0.0034348898577482028
0.0022535754188229003
0.002995110796855791
0.0027517696628705833
0.0022364364710575663
0.003964311642409113
0.0026125815133601752
0.0014245881006774248
0.0022234033405154285
0.0019183612642433554
0.0023181320117846827
0.0033077715226492504
0.0031620643719538493
0.0021224943012043665
0.0023084556780759618
0.001008590181352683
0.0018227764496439893
0.002518177202779217
0.0012064485479591535
0.002325269686092569
0.002285431036465295
0.0023571663902348236
0.002408723362572889
0.0041887808946989465
0.0012855514903897685
0.001889537104854155
0.003484467237274497
0.00743634587250369
0.001171970261175378
0.0016011409843635705
0.004092982169653712
0.00141964885589931
0.00177978742368916
0.002483006609959521
0.0014245881006774248
0.0017791341883778918
0.003048533570446383
0.002543591518677258
0.002318296700178531
0.0023118210746967986
0.004098901480471224
0.003575633688318003
0.0036586440852811675
0.002559881188228153
0.0029914084216612815
0.0011604901119405004
0.0016689343794290554
0.0017671922837267364
0.004174074529450552
0.0013636383174634404
0.002902258470781605
0.0016363373345553726
0.0031913230978946588
0.0017088403314737845
0.0005822007945798649
0.0031119353610497293
0.0017602599404936846
0.0024368532465048995
0.004124008594601289
0.0016031906395003633
0.003949419095480887
0.0022366416880565264
0.0007624273238439744
0.0014411809121022134
0.0027039094014379515
0.0008749100816386427
0.003188507430248565
0.00323320335984721
0.0008699119770530984
0.004817453624194946
0.0018051398064561452
0.002367977525378343
0.0025321446831720407
0.0014245881006774248
0.0025822126805001944
0.0022768431166993457
0.0013921657197822881
0.00253670369218631
0.0017044469506144627
0.0029914291200723465
0.002531169430869576
0.0022984589872483007
0.002494136057520008
0.0012896928222608378
0.0025569521059785718
0.0016948957739042925
0.0018823989016584072
0.010956259867613484
0.0008656994380962673
0.0016033956975757364
0.0017814292044286836
0.002121374269435058
0.003417863799677909
0.002133698084316091
0.002235250464260427
0.00168088027246172
0.001119646176434759
0.002318296700178531
0.001813556809038997
0.002231792439238857
0.0015599916429637284
0.003292021189001716
0.0014245881006774248
0.0025561296449416178
0.0023260129546132857
0.0013757130450532892
0.00158532805323507
0.001258324136076741
0.0014245881006774248
0.0036586440852811675
0.0019951503973341536
0.0022414081803976645
0.0006650623372061263
0.001781002690929081
0.0029915841416835193
0.0011613204955204955
0.0020767172986604684
0.0021264423084212804
0.0007097774116551984
0.001771218008411779
0.001208298472084709
0.00241043209265581
0.003473432286830891
0.004958761272870505
0.0007954312256909275
0.001592109542448167
0.002532545563899076
0.0019794064360983466
0.004720778374831113
0.0014245881006774248
0.0008406983951852031
0.004136417762064497
0.0031855389555951116
0.0021939341833871052
0.003949419095480887
0.0028057597703500083
0.0014245881006774248
0.0018142792007851476
0.003438610916361488
0.002112094831810375
0.002673381978148241
0.00330412372998246
0.01096045145328671
0.002618764146937238
0.0017126491531838269
0.0009962772209373206
0.003946823722866579
0.005146401672720897
0.00279876600966305
0.0018915165099609563
0.000938303574202013
0.002121374269435058
0.001259357256306384
0.0016804399401994419
0.0008796797831966622
0.0014245881006774248
0.0014245881006774248
0.0009736067097305803
0.0011480710476061368
0.002403923929223339
0.0016405038521362342
0.0014682358038893182
0.000710261690139927
0.0016441942968059235
0.0022426116159473385
0.001814506391997234
0.004911335663515698
0.002546313121251781
0.002571028735978469
0.0019192989476176903
0.002572566738524405
0.0018699794536413618
0.0017516477391612553
0.001781855924520431
0.00249236194689132
0.0015514299099836015
0.0025243649001596945
0.00228849715746652
0.0028031924359804405
0.0008377036515736572
0.001632753977067406
0.0011116344073621802
0.0008042537264360183
0.003099649840571383
0.0022890978317212517
0.0018903225790827837
0.0036551521499227956
0.0016448467226084084
0.004858440222149099
0.0014245881006774248
0.0024552843012161777
0.007430088810155411
0.001000638089212686
0.002376432117418589
0.0014245881006774248
0.0016850970447838786
0.0017867082264475193
0.003470210467693337
0.001708998595742644
0.0015709154864462637
0.00743228049994809
0.0025595400569123246
0.005999954369231618
0.004187359333845989
0.005135749062225584
0.0024065099412393424
0.0023866692178445906
0.0008924432932968814
0.0010027908438206036
0.003596294305321334
0.0014245881006774248
0.0009443302313123255
0.0010804419815175239
0.002398587712239077
0.0015793772207122892
0.0022234789576008355
0.0009431075548798355
0.0036944339845044745
0.0023866338199357248
0.0022346934968429846
0.004194799423946043
0.001255771913750385
0.0007800245792020337
0.003970989048175893
0.001782133906556377
0.004117717935692828
0.00598582483804681
0.005100130546867221
0.0024996952109941723
0.000814574754151035
0.0017105050782006976
0.0031498391904292364
0.0014245881006774248
0.002242595502660622
0.0030029466136369943
0.004236273715487275
0.0018510301533743883
0.002926359078718749
0.0029963419835869944
0.003049159368005288
0.002237603600938965
0.0014245881006774248
0.0016855166473668131
0.0018410930184186614
0.002494279099375327
0.002205647048867782
0.005187340527677691
0.0009984952039155427
0.002310467767841561
0.0036587270821103017
0.0012637537727779881
0.004445789712786068
0.0017170535502544684
0.0008880035904760583
0.002135958486123915
0.0025515342683600883
0.0014479824826114287
0.0014245881006774248
0.002554149226242776
0.0009785840247128242
0.0030416660858670185
0.0019576030870033937
0.0010491617963485835
0.003416058150960109
0.0030416660858670185
0.0014245881006774248
0.0015653843566318844
0.001719283671202618
0.001992035314026376
0.003695623403203981
0.0011643812897930875
0.0009374782126252334
0.0009462863898392229
0.002400104405536431
0.0020279013779886503
0.0014245881006774248
0.0020309009685456863
0.0024176918017969158
0.0017137747827305986
0.004963411851209781
0.003582845230293584
0.002607146387809772
0.00482013142997602
0.0017656710247372994
0.0027721933401434456
0.001701337507224636
0.0013841992719881915
0.00457131167907381
0.00392185243502833
0.0018972348077206014
0.00168537647649868
0.001168148052841746
0.0014179282752290264
0.0016152824436265858
0.0014245881006774248
0.001962461382089803
0.003975068317867867
0.003840885646435235
0.005088691359869459
0.0031740170550437472
0.001813954006364431
0.003416156449663888
0.0021604954634857486
0.0014245881006774248
0.0011121553247038353
0.0023171469158564796
0.0011153186655868208
0.004830419584593899
0.003938630380554393
0.004239255587012944
0.0025539676714653025
0.001297596554520915
0.0024343048115661988
0.003994640623385778
0.0014247577488518866
0.0024069900873592634
0.0025602382365065408
0.0026867979659032015
0.002207239438801027
0.0025600392234965325
0.005140861462479561
0.0017806306055502942
0.0021466652653756952
0.0029110814496772627
0.0021515827972505078
0.0018884127347831006
0.0016181600384165692
0.0023688943855474753
0.003480662798523015
0.002478142161788731
0.001553930509635099
0.002409844622698232
0.0018003164303319657
0.0015835823079772833
0.0019183947432386947
0.0014245881006774248
0.001271006549058531
0.002406555833961389
0.003952277428724845
0.003089696955855709
0.001751616605509594
0.0018078826900085455
0.0018708621312841173
0.001433503764711901
0.0038450634639962573
0.0018147671734422774
0.0029910653875440435
0.0015954935507368367
0.0017895308245777014
0.0025177329702435174
0.003658147107144808
0.0029917263830879777
0.0010774663027729075
0.00245717260587218
0.0010976219187879028
0.002122559091719972
0.0014245881006774248
0.0014245881006774248
0.0016364614511282854
0.0010566359089101741
0.0025517516170455506
0.0014247577488518866
0.003172436639424812
0.0016249019661058854
0.005186885863389351
0.0014245881006774248
0.002240280274327881
0.002360442028428527
0.00128469233829508
0.003428907681005458
0.0018873470139585023
0.0011575264197049642
0.0015327588374321802
0.002395812756436612
0.0012058676112651706
0.004113027086028389
0.0017817788961907968
0.002395083630529617
0.0023441693194316236
0.002217578021358159
0.001161834346682213
0.0011383955338518665
0.0035679735115322062
0.003119611924975371
0.0019859329188029557
0.002197619581170032
0.0033110747678325547
0.00241544248948379
0.000790417246885738
0.0015854260690826754
0.0019950466663160144
0.0012631739789871223
0.0016476291488449508
0.0018209837472855947
0.0016117978344761792
0.0030904750694409257
0.004151365069533507
0.0021236258955920346
0.0014245881006774248
0.0012573832580945574
0.005121486733874482
0.003840885646435235
0.0019160384370589653
0.0010819284622580279
0.0029905813830442833
0.001267471099962448
0.003411718414407916
0.001161085589685706
0.001844809739671232
0.0014245881006774248
0.0028662334677225275
0.0017964993423550987
0.0022270739193252184
0.0022896814864068545
0.0017121760810748395
0.0018673516732874106
0.002487836442583252
0.0006616703238269695
0.00253228962443661
0.002472784081528596
0.0009558623485873062
0.0014507968538046037
0.0009509872633437613
0.0024703634101546626
0.0029953604979008133
0.002479148731916049
0.0014245881006774248
0.0018163955410951118
0.007428252276719227
0.003053555220879349
0.0025234023309989332
0.002915925492814756
0.0016398100057074295
0.0038064119668934464
0.001724995194022488
0.0014245881006774248
0.0017817240033860102
0.0023856755026150367
0.001797302605108556
0.0014245881006774248
0.0014245881006774248
0.004113832200204939
0.0014245881006774248
0.006214270575419933
0.0023997215624925045
0.0029236675091676234
0.0031830582010061947
0.0014245881006774248
0.0011631180808436058
0.001442764975278317
0.0013530116545553519
0.001844809739671232
0.004717987623720735
0.0017892967218556231
0.0022456596028871782
0.0014245881006774248
0.0014027312397623234
0.0019439798672756367
0.0017751263687628696
0.00228431403587907
0.0014245881006774248
0.004110621513351884
0.00243266519051055
0.001287100776826687
0.0036574960878924434
0.0029189906927714815
0.0016526587693350794
0.0015670800182613286
0.00299183976438478
0.000864611870368623
0.001053657360639357
0.0007342786721672201
0.0029983891727324856
0.0023892492842520013
0.005088918609448028
0.002423633823325106
0.0023148399933532295
0.0014245881006774248
0.0015537826647143821
0.0025564841664561526
0.0014245881006774248
0.0050322060202381905
0.0014056912246751096
0.0011425682950692195
0.002987968332336344
0.00205546055143699
0.0018132013484378972
0.0007788334409039949
0.0021815936203723363
0.0034276151248059
0.0008824022615285701
0.003920053814022036
0.0032033690553659256
0.0025001863660605804
0.0010472553958129614
0.002518936835540513
0.0017972920661501824
0.005752646029386457
0.0018863378749058074
0.0016434086903218187
0.0013621243867119818
0.0017254940806215849
0.0036575415694982388
0.006180944665721103
0.0011745469755461866
0.0012918169182545517
0.001259357256306384
0.002444710372118255
0.00279876600966305
0.0022721130283115884
0.0017803533338082375
0.001881444160814425
0.0035359950113417102
0.005186683323518039
0.001735714723927384
0.0018758089422341742
0.002475697773699004
0.001038631984630786
0.0023917966061851406
0.0017467598432018194
0.002326679959099538
0.004723222116932481
0.0016902920890289194
0.001486804124164771
0.003044890618522605
0.0029915611584782026
0.003922095408392884
0.0013746104569301516
0.005084897246529763
0.0021270961835023433
0.002395402084286187
0.0027573030955411913
0.001990236794348436
0.002473915713108795
0.00197584266109126
0.0029623572382970345
0.0014245881006774248
0.0020166346634108044
0.0014245881006774248
0.0009653659267436498
0.0014245881006774248
0.0014664559474907321
0.004717607734417192
0.002236966759636891
0.002539390331505628
0.0010335161826737342
0.0016071011415530298
0.0018239896535239598
0.0014245881006774248
0.0025278332014466594
0.0037542512039235977
0.002735154531233855
0.0016864713849052168
0.0017852656803504427
0.002612280275302369
0.0016254892067949886
0.0017508409589637385
0.0034091730735282735
0.006342216710047802
0.0051736738375238725
0.0024065745604863265
0.0036547823196077284
0.0016454336688621356
0.0017118679740118724
0.0014457305225792682
0.0026182556028559612
0.0009276487227021041
0.0026597344639922543
0.002194965719858346
0.0017488412556815223
0.0023081949018894416
0.001206341318358332
0.0051794182189252615
0.003205490160604733
0.010949894212171633
0.0014245881006774248
0.0018087542520057777
0.0018548789720126513
0.0019034337222526318
0.0011371802821711504
0.0012918169182545517
0.0008809213495899877
0.0017858764422482782
0.0011680734051936553
0.0017542125084638587
0.0012838142269093428
0.004728692856294534
0.0017144078507987067
0.0034778814004831834
0.0035874031295984334
0.0022392794763981426
0.0016604063949253894
0.0014245881006774248
0.0030444576376738868
0.001133368631257642
0.0026531995471128387
0.0008755713545530104
0.005132088268353077
0.0014562794675999286
0.0025665781068222276
0.0019221258057042676
0.0006297465860508661
0.005176859475689085
0.0016962887218020428
0.0024318355336528027
0.002423407163841993
