0.0017238920926775936
0.0022869250566928357
0.0020148748050726256
0.0017369098544677557
0.0008833466424480384
0.0025716280749297576
0.002343798012304961
0.0018195794783722086
0.0011764350392997201
0.0018188107860066126
0.001992786072017382
0.0017369098544677557
0.0024471134017645816
0.005202223286600098
0.0017369098544677557
0.0024420362581933563
0.004593312684980968
0.005670143194228935
0.006969783020875011
0.002031471058415436
0.00273847086662438
0.002437758065293855
0.0008336141929456794
0.0009467300226264837
0.0013727840404177576
0.0017369098544677557
0.0024965920828989583
0.0018543582192413913
0.0017369098544677557
0.002272099268213486
0.0016193937912313287
0.0017889541345181795
0.0017369098544677557
0.0022027310192174934
0.0027889840624682883
0.0032341893415152286
0.00526005893768035
0.0017369098544677557
0.002733912542756154
0.0017369098544677557
0.0017369098544677557
0.0026334273243290886
0.0017369098544677557
0.00206095505046953
0.002075769725602424
0.0020465671067313837
0.0027858570784314893
0.0024387247789814143
0.001460277001150305
0.0017369098544677557
0.0036761765206075837
0.0017369098544677557
0.0032158959806693798
0.0022191768838880706
0.003385421260256344
0.0017369098544677557
0.002289406591371101
0.0024016244597894272
0.0032245312421426463
0.0016792984175370107
0.0017369098544677557
0.001249181049137969
0.007700643037631439
0.005063307868134227
0.00390852265814512
0.0020778669595872793
0.0014665015568844362
0.001755205977710134
0.001161205273403874
0.00524084692181252
0.0017369098544677557
0.0012459964625060368
0.0017369098544677557
0.002440780261260534
0.006984254941492385
0.0016867508923252012
0.0027416593975893772
0.002643234690160902
0.0029897143902640247
0.0017369098544677557
0.0017369098544677557
0.0025055833348325658
0.0017369098544677557
0.0012614809015288667
0.0018889932107535906
0.0012403460523444023
0.0024848118352933037
0.008273261321439821
0.0022626474758135665
0.0020278879021491795
0.003545264469369042
0.0025520867006118687
0.003483933263360879
0.005338620583248003
0.0017369098544677557
0.0017369098544677557
0.0017055632143275624
0.0017369098544677557
0.005662885326389568
0.002737394964698998
0.0022123556711744295
0.005765130782600996
0.004803416819850498
0.0032267054567560105
0.0035896939111752435
0.002799626501831513
0.0022590718208961385
0.0028171657385419845
0.0033685382509831747
0.005142436981452678
0.0030602255327771234
0.006111770550928107
0.0032556701305868946
0.003729648463303794
0.004425820016267388
0.003946331195972624
0.005182441248941785
0.0024336269176925317
0.001257690128822662
0.0019976424642819102
0.0023010972035272166
0.009264603029032934
0.0018072926691741387
0.003588094298615855
0.0017118232440228814
0.002878737728159451
0.001808614160032971
0.005027943629653211
0.0013127101989601458
0.002401320970190055
0.0027743706162972966
0.0016234654700017757
0.006099156884253185
0.0014386122506836086
0.0014246838602798195
0.002205087969918047
0.0032352807779536764
0.0020533252382515456
0.0017369098544677557
0.0032604538355942604
0.0017369098544677557
0.002642795014610544
0.002122795219732989
0.0010816487002123607
0.006060882925709814
0.0025575857357868635
0.003967542120863956
0.002361183713365456
0.004578221213937758
0.0023302225467856817
0.003146800377352329
0.002804633301563307
0.0013447080193552655
0.0037309561268926033
0.003597908708308146
0.0016440594084112428
0.005365262895317956
0.001658213722440547
0.005068664984585863
0.005224632773557594
0.0009234307223700848
0.0017369098544677557
0.0036778495090502438
0.0017369098544677557
0.0024824031237201663
0.002435926022242234
0.009288775960277629
0.0018157773336294498
0.0020480610934260055
0.006309195699456079
0.002670591325117588
0.004423475672907636
0.0009779226568354647
0.003589526113490775
0.0013595172647129963
0.0012308717498547648
0.0024016343755367624
0.00261470747323177
0.00600536590620094
0.005365262895317956
0.0039000195665016726
0.0020418544345712315
0.005682201426933209
0.0051401689002834585
0.0013363810244721211
0.0032237981485124037
0.0063705421069377806
0.0037407300711834388
0.0017369098544677557
0.005784796761831622
0.001418501063546743
0.006117242337245032
0.0037432747602250157
0.0009306436021243874
0.003895971306625352
0.007211237366352192
0.001738174727273669
0.0015851876035102854
0.006316865706392119
0.003942189094197452
0.0015380752766056417
0.0012396559232230472
0.006306202451426555
0.002344644850298679
0.0033877891577438505
0.0024371336597919457
0.003951979576364282
0.004420489857389165
0.004821497583474846
0.0017369098544677557
0.0007798658388252604
0.002071195054387618
0.0026418037844666642
0.0022929490074123228
0.0010662890677652656
0.0018393022715047383
0.0014946721514121372
0.003944538675323958
0.0027441059701792682
0.001362978019204651
0.0008857947090746009
0.0024442892259808023
0.0017369098544677557
0.0017369098544677557
0.0039043806312135587
0.0017189088058907824
0.0027882807330426814
0.006024291635278671
0.003395577203261491
0.001178310901133126
0.002860836292725756
0.0012265915802391052
0.0014166953868104248
0.0017369098544677557
0.0009002887090891743
0.009262160805031968
0.006120779237200579
0.002321814113752817
0.0038991511642256496
0.0033695506596974414
0.003383894096769342
0.003225403329685756
0.003914920123166049
0.0014958813750830951
0.001958814727047144
0.0051794657250544595
0.0023144454218595447
0.0017369098544677557
0.0026501315126711894
0.008782470325863781
0.003384566256673116
0.0032076120188169613
0.006172521991773975
0.008226384150692103
0.0033625601958777998
0.0017369098544677557
0.003378685114170559
0.0027405754299472825
0.0014008991650150944
0.003898431323196971
0.004454931912650987
0.0023611837133654555
0.007188008694024532
0.0022150586898279714
0.006116075935699651
0.001293527492386958
0.004763261932686348
0.003395504646822595
0.0011440634994588949
0.0017369098544677557
0.006107341652633352
0.0020689427902203022
0.0012388599920216334
0.002298574253138407
0.004842363675583918
0.005645625905912596
0.003377341347703832
0.002430445896414012
0.0034275740911516293
0.0009002887090891743
0.005068592305120182
0.0026391974327360417
0.0017743433985000973
0.0026042763235729766
0.0017369098544677557
0.0031332175940837945
0.0025431882291296263
0.0023395736925869402
0.002432644102471616
0.0024899894920846102
0.008492622543573792
0.0029026020806366534
0.0016368951825714276
0.0017030407828293535
0.005341898648014418
0.0017369098544677557
0.0022121750652648324
0.0022201532230395216
0.003944538675323958
0.0014686249028265986
0.0112275609534003
0.00161671483235729
0.004590216675864595
0.0020773509199390762
0.0029926094588518517
0.0036685220394410763
0.0020605671437616273
0.0016283628519150894
0.005994091257944774
0.0017369098544677557
0.0023919318534106637
0.001386404269989603
0.0024303799502903775
0.0017369098544677557
0.0021890660676759026
0.0023787321460435463
0.0017088906139284582
0.0017369098544677557
0.003223442178223073
0.0018629553079981297
0.0016847780583218053
0.0014067864500010054
0.0013777457045922776
0.001681848655959207
0.0023512349203479188
0.0017369098544677557
0.001747039446087964
0.004491581213468565
0.0080134046763813
0.00303118397409791
0.002636255412404344
0.0017369098544677557
0.005777792658915662
0.001938719375030947
0.005065873302984874
0.0020694485009100866
0.001343614250251314
0.0017027185276002905
0.0007906751904510274
0.0018944247998657015
0.002055991922905723
0.0072843863189877775
0.003148389009712492
0.0013797136865488218
0.004175904609311433
0.0017369098544677557
0.0018572874966726303
0.0029420976401480455
0.0017369098544677557
0.0033633784488892936
0.003468090684697449
0.004941741585903422
0.0015384105924548632
0.007213987189064823
0.0033906085618662907
0.0035365641961023347
0.0017369098544677557
0.0034393198665118073
0.001616861168392828
0.003377276239788496
0.002745097833326996
0.0010716676116930164
0.0007797469078595213
0.002214950691195474
0.0015792959809718262
0.0010753110752542438
0.0009370542305644395
0.002565477640802395
0.0037259612755934338
0.002291222684523502
0.0024327371710514234
0.00215142677468918
0.0017369098544677557
0.0035588629763127796
0.0006828278089534302
0.0023080868841051923
0.002325815151659085
0.0027510091898844537
0.011239148509616893
0.0014095680117024172
0.0077955461199683326
0.0027517059440621437
0.0017369098544677557
0.0025559664966716125
0.005067480723020606
0.0014159158640340264
0.001996309750238476
0.0017369098544677557
0.003455605717824234
0.0010411322989707815
0.0025965243084615616
0.0033232646575162904
0.0023008619944783456
0.0012629488912242403
0.0017369098544677557
0.0035565566719131018
0.006301431819501054
0.0012845517806183786
0.009269246032826866
0.0017369098544677557
0.0033771587743056356
0.003397407017803013
0.0033704759721328074
0.0011271654427263585
0.0024539346736937163
0.0024859756749300668
0.002299419559809647
0.002001595492231154
0.0033746992293854994
0.0017369098544677557
0.0009634239347996242
0.0024559233791904044
0.0031347562772487286
0.0017369098544677557
0.002297850746876695
0.001758508497313085
0.003656658458987751
0.0035584354311596076
0.0063330106485631355
0.001717037552266725
0.0009086155095562294
0.005996238238695481
0.0013340194048944828
0.0021117342065803645
0.0029934603060238186
0.0015072795077526525
0.0034481499854536503
0.0033693435072928613
0.0019938225802227432
0.001024391820008853
0.0017715499751777496
0.0020469252998213594
0.0027275174381086805
0.0015446310506187818
0.0017369098544677557
0.001025154176102587
0.0020038165298205167
0.002667050979334136
0.0012717433938397324
0.0026969613514525237
0.0022865754012573835
0.001979225898960821
0.0025470226024513635
0.002330185939905337
0.0026826702401759944
0.002636342768766527
0.0009138472907412155
0.0009742543503552533
0.0026732687389219743
0.0017369098544677557
0.0024198427620195505
0.0017369098544677557
0.002820162115658033
0.0017369098544677557
0.002689122335034095
0.0037336139990163347
0.0022882589839958484
0.0052190893393996235
0.002302942702262392
0.0033795100949921414
0.005631628481063
0.001143102213263636
0.00199558404536457
0.0014350074364887142
0.003906656895508474
0.002222197405949659
0.0018527517165441208
0.0038990808845668495
0.0024375928004863943
0.0017169943406008387
0.0039439686133131285
0.003224875054538837
0.0025560335887674568
0.0033528915859675225
0.00390199346850877
0.002658092543293207
0.003718756741263094
0.00288053530633009
0.003255727558096319
0.003940460815677805
0.002603129465132417
0.001686394654114152
0.007155655862381164
0.0024418196125575026
0.0026436501924938572
0.002544223935487797
0.0024413682630174604
0.0017369098544677557
0.0016942795425253416
0.010903450252322266
0.0011647751378774142
0.003385778842362293
0.0012785234091800019
0.003375660678467026
0.0039007451782982158
0.0050659454779847235
0.001664241854239515
0.005239388368623587
0.004418630458727033
0.0023866714307750367
0.006322428335006231
0.0033895865454007987
0.003948448032412433
0.008867880536179689
0.005765130782600996
0.001044167369907173
0.0034201385452010706
0.001680120451375627
0.0009203807968675771
0.0032101442950029715
0.002755701850731891
0.003856672811609416
0.0025529915876003726
0.0009053139037582528
0.0011163769780268905
0.0010847720261552998
0.0017369098544677557
0.0016536360419486878
0.0017369098544677557
0.006381820156845448
0.0017369098544677557
0.002411293219893623
0.006115636501248667
0.003184704052059803
0.0017369098544677557
0.00322429728433097
0.0043167166700560115
0.002459374012583578
0.0022115983558604725
0.0014147552862925905
0.0019715590879376545
0.00198378082133262
0.005065909228900196
0.002036402786123291
0.0032135285211804744
0.001860705111742521
0.005193585587558107
0.001544717784171449
0.0022513300549886635
0.006113141831344389
0.0020109692119380496
0.002638099645115712
0.0010321091955212503
0.005035859283397895
0.0036630320100204546
0.003225686241898145
0.004422933707052548
0.001583772347680352
0.0017369098544677557
0.0007828117769217229
0.0022140444706811205
0.0018711313151887135
0.0017369098544677557
0.0033662312196938893
0.0063420786936124384
0.006946423861241994
0.005221330497849162
0.003200934707332517
0.0060346667920459385
0.002073086655969302
0.003231642915029952
0.0042933054985795195
0.0033730747286962806
0.008813328599119786
0.0015394992811683203
0.0038997203377670203
0.0031853973989803487
0.005243501801462033
0.0029292004476545994
0.005743527253961476
0.003095993721231669
0.006855412598103857
0.006220959641466463
0.0032888552812686154
0.0016319872231156977
0.0017644444508238307
0.0020037241952695108
0.005383928068249717
0.004340643186370495
0.0017529018368253198
0.005094596965463959
0.0017369098544677557
0.0025172305874310956
0.0010307995167513201
0.0023846265564669393
0.004595690883831472
0.0031250907380221257
0.0024905986661657967
0.0021507486838722814
0.005670384636963112
0.0027546555909413184
0.0033801745691512445
0.0017369098544677557
0.0011489373396296409
0.0023557164297240323
0.0016152447131230763
0.003730777987611481
0.0020586504853943076
0.0014126674497858184
0.003943510688060918
0.0017369098544677557
0.0013437942533653783
0.008017341784160371
0.0017454377128932263
0.0028219723100942353
0.001290177735304926
0.005779565320496035
0.0036775511320304506
0.0010409255293896138
0.0016001424765949783
0.003943933685483134
0.001610582005052789
0.0012752125014177346
0.003372417904293011
0.0033745173749586757
0.004169147700502315
0.008816055798215422
0.002031970105068244
0.0020617652227992644
0.0009057108854826735
0.0012805410957749998
0.0016665342468008975
0.0010769962897027366
0.0010344399556498787
0.003436037193075708
0.002454180271065795
0.0024346254277176553
0.007717708642935405
0.0030995412855962007
0.0024760911381532347
0.0012679958427852726
0.0014817980170436364
0.001655450200485883
0.002297634405629694
0.0024775006303282623
0.0023077939948660535
0.0016538270315936128
0.0028355724082969763
0.0020358829067725517
0.003906437455369799
0.007145628825050362
0.002469820646085735
0.0031034937067385662
0.0023883269285587248
0.003950657967109412
0.0018828443206060884
0.0035374804245150485
0.0026640051194320724
0.007164371196041046
0.0017369098544677557
0.00697515394941015
0.0013680952918388122
0.0011663396256802734
0.000889907521233512
0.003207477842679424
0.0024356835698077554
0.009264052417941265
0.009259126099781642
0.003719079544360539
0.00441831014494588
0.002428336262055249
0.0017738885920364346
0.0034537744697109517
0.0024397757889542933
0.008813726141482847
0.003945271622231727
0.008222164934757475
0.0009349359435943691
0.0010156216217015234
0.0018971125689730087
0.002744865958342616
0.0031348916644760782
0.00583597812160742
0.003612236600138627
0.0024503946138651925
0.0017369098544677557
0.0056649345914432155
0.0015327178894457272
0.003169719852331362
0.0009200269655192692
0.0033781535979896748
0.0013162202295661954
0.004912490616476316
0.0032554069253896306
0.0019220470699324204
0.002350503512461913
0.0016677446529754002
0.002227521569919912
0.0016726670854891378
0.007273940558587754
0.0024571874776295882
0.0051500274772822655
0.004234305346404457
0.0012614186386914559
0.0018861879864658215
0.002409085794191926
0.005238941705628519
0.003970780244370929
0.005064745154228536
0.0022218626021736727
0.002084457341875039
0.007239578884928402
0.0044164722739264296
0.0034266747365535176
0.0033668379039228404
0.0023989194431861265
0.002712700518142959
0.0027514055757825425
0.0017369098544677557
0.0013729873833487817
0.0008604428914504016
0.0025209387293968375
0.005064441058770125
0.00256638615394778
0.0024921291767384173
0.0029431367978509614
0.003203956526848018
0.005398116304830927
0.004804421926534468
0.002344390166347178
0.0009302245646828213
0.005068906769875409
0.0009259062803416904
0.0024269004326510943
0.0010340510910083612
0.0017369098544677557
0.0017554779359306592
0.003031300719694089
0.0017369098544677557
0.005776490405024754
0.003215099484264021
0.0022930976279464887
0.0017369098544677557
0.0020535224819364126
0.003365759661152131
0.0044117802562556145
0.006379300641657517
0.0014430576594505128
0.0017694501921658354
0.005457316758243137
0.006318593200757128
0.0028958104425430248
0.002431933264690235
0.004587780869328602
0.0033924640355547713
0.0018048770376174392
0.0010066165865574499
0.0033783401433835477
0.006307706811330206
0.00532541474994109
0.0028738706293553917
0.0017555752613927123
0.004480231316975677
0.002211474388970396
0.002164814339369422
0.004602946106070501
0.0028741859255759397
0.008780077876012841
0.0022235859038272983
0.0020644282927083017
0.002032299202315217
0.003942328330059723
0.0018073126172562007
0.0007828117769217229
0.0014383586696216782
0.003242117953417566
0.002290455419135371
0.005246338916905479
0.0005571273383528856
0.002942848816083481
0.0033658459282864058
0.0017322248503991457
0.0016396471142242947
0.0024187149691069303
0.0017369098544677557
0.0018869293662321957
0.0031589833199370987
0.002437726429191784
0.003727461346767071
0.0023989194431861265
0.0017369098544677557
0.0022531356788257624
0.003725942646717152
0.0011886473455358557
0.002111596949152775
0.0019603737201735424
0.0011350256619572102
0.0014364637526487337
0.0035362556551110486
0.0009464521995880545
0.000976897694409927
0.0035988859619564668
0.00337858739946134
0.0024605596055207557
0.0015367617858491201
0.0009717761086720487
0.0018911278867992435
0.003130494626195375
0.0024829714895157687
0.005937453086781328
0.0033683403632887576
0.0023871051324601037
0.0017413135337055077
0.0033683403632887576
0.0017369098544677557
0.006103488921597441
0.003532238749173368
0.0018795644250284278
0.0032182220774829647
0.0012350285078881397
0.0009565430383780428
0.0033416262791807518
0.006121683589126172
0.0017369098544677557
0.004832243782704094
0.0032039663932352793
0.008221329476332136
0.008023007281777442
0.004497133271359174
0.0017426022405450158
0.0016316170353639218
0.0017369098544677557
0.0022114994750359104
0.0015753572938866165
0.0023333393627762993
0.0033954442912828586
0.001180494811096339
0.004327996866541022
0.002418018310758617
0.0018367795850238902
0.005065338739467501
0.00567574487986889
0.0039008239049401405
0.0017369098544677557
0.0026390468726400153
0.0007708293849291829
0.0017369098544677557
0.0033801849124107165
0.011234398670843122
0.001607909226493186
0.0007904954096257262
0.001790281078756403
0.002758540530348444
0.004477539469344746
0.004814144929743376
0.0016828834658548738
0.0023472559021909833
0.0008966494029721506
0.007700008082632685
0.002055991922905723
0.002811270422852064
0.003558212734552928
0.0031095918657730068
0.0031585174170880195
0.002356554863363312
0.004425340592556836
0.0014942532578228293
0.0006113565189208
0.001046261178420318
0.0034662400659132763
0.0071807579237087955
0.0006486616296734962
0.005161578021326045
0.0020188280786419184
0.0009212963439110699
0.002960080555851295
0.0012684601597210685
0.0010658731930371808
0.003216083231860046
0.0012613980488617705
0.003942476943125359
0.002432405614868613
0.0024115819695106912
0.0017369098544677557
0.005065729602496114
0.004584425203408039
0.0022027310192174934
0.007314319017981451
0.007211237366352192
0.002793287747718142
0.001099925335152687
0.0005940454068307118
0.0017369098544677557
0.002210690327715549
0.005062069755442656
0.008238565356820776
0.002650755863622733
0.0017369098544677557
0.0020573697191804343
0.0012541427808092924
0.003550226639828065
0.001987218330983651
0.002634996557780715
0.00238936073054768
0.0039057128156989524
0.009271485701488443
0.0033844637412806205
0.0014017538260110436
0.006365468784114756
0.0008266598543785789
0.000683020850208613
0.0030185225970903343
0.0028208345175871905
0.006304869942702183
0.0016578817079460333
0.002321242981552576
0.0017369098544677557
0.0052307394051688185
0.002107231424673252
0.0009947872386673808
0.006390520738521152
0.002546381216179551
0.003188942641850796
0.0028299535756672696
0.002186157839027814
0.006052195512122642
0.0023842169333295206
0.003381555687963695
0.006311549216308604
0.003375966538009452
0.0014552752092483192
0.005137208901487499
0.0025247542608712466
0.0023185848451696195
0.0020768433356629272
0.0024980064704747387
0.003944984015525892
0.005417075026428425
0.0022922257720545966
0.0018217622890883416
0.004180369623189547
0.002957738081270074
0.005067209519556159
0.005404872601845831
0.0018429054864977916
0.011231861307064902
0.006300871900796709
0.00715462145791162
0.0015089642532241994
0.0014385074310356769
0.0029374611799508434
0.0024112500778148724
0.0033787854009787307
0.001100467780430122
0.0016256483510176548
0.002397164120678196
0.002062793996907165
0.0014408727234460962
0.0020707730910121324
0.005339275753760695
0.0014060763372915487
0.005064531332260606
0.00642429119702524
0.0017369098544677557
0.0014218712600763176
0.0017369098544677557
0.0029337203387146712
0.00326370384991239
0.00696952184055495
0.0017369098544677557
0.0033651039127948696
0.002298386621072951
0.0026651719149431022
0.0063730004026426685
0.0029248190385855522
0.011226277429302125
0.008803182390513547
0.0015564653210880847
0.0033693328593957074
0.003666698970484675
0.0011312773541560623
0.0017369098544677557
0.005147654978626089
0.0013363810244721211
0.0023292231794495534
0.0022166949255601085
0.0033002260206879937
0.0009194365189570468
0.0017369098544677557
0.002062576518371382
0.002025367447518502
0.0017369098544677557
0.0011505712603067711
0.0033764617975728254
0.0007608026251788397
0.0017369098544677557
0.0030054722017905937
0.008226799442715666
0.0016607113993299786
0.001994885064610354
0.0012840689636372522
0.0016508086528763519
0.0013006668812779374
0.005161072718103855
0.0022162419985174045
0.003130804214022425
0.003124278512940508
0.004425340592556836
0.0014033922263509662
0.002459946870690373
