0.0012953969319116506
0.005338305626170947
0.014110140398438673
0.002881014345045712
0.0020650371005286315
0.0569269482994113
0.0030913341681900485
0.003861153703068746
0.005149084942465765
0.05778168849746986
0.0015908793002656725
0.008065173694729148
0.003342200326903199
0.010070531755551516
0.0
0.005707264968859048
0.0029184475188787345
0.007604533813271338
0.004326801032170687
0.002801722216473271
0.002428539289268301
0.0008536760720171373
0.01916029007094092
0.003216205179446393
0.036690687208345736
0.015230146477560899
0.0
0.002004198507285537
0.0075514700454185285
0.007814174471274714
0.003852405201989087
0.012942789513183254
0.010328250751367209
0.0018587496192288592
0.0003604285093958028
0.0
0.0031118523488989774
0.057717084672449674
0.00025094729105694944
0.007226652344422234
0.008069450664049882
0.0
0.007166030706322893
0.0
0.00043828673616743124
0.0062313664987742046
0.010089470615196232
0.023578169604295412
0.00037153638595416663
0.0095603715205334
0.03306159822050878
0.0005024719207290264
0.00039448832534873035
0.0022397045358675256
0.012869689132654188
0.057040343537387454
0.004468076450149491
0.0014341094015076616
0.0
0.000656479420664623
0.026424362636689857
0.006846532962896623
0.004193179949629022
0.0012551405661856637
0.015540662646438816
0.02439059928812123
0.009576866559869737
0.0012088339689494507
0.012922571816860842
0.011961112041909966
0.015828920838434114
0.0014503943673443423
0.0
0.011638561111102834
0.0024915319925197365
0.0037887735322202822
0.0006774149709281216
0.004006289640081811
0.001343343774581722
0.01317400163930744
0.0002093438461651862
0.03571007119016523
0.0054546843578593745
0.0013524696057657778
0.0029642713977070085
0.0037851595221425464
0.008869318247190859
0.0028414783199302482
0.003601437318094001
0.001310127714611569
0.0006675490016892728
0.0026617007590718973
0.0029211651557126714
0.005802817510411844
0.005587541006390857
0.000919491456863957
0.00048625240404909405
0.009385639468972142
0.001536763219448527
0.003944893797214831
0.007660363791473196
0.00022635721438369304
0.0090542770744906
0.00028731985156982086
0.00847790047640124
0.0036553693329134866
0.023420401656270576
0.0028163094647647626
0.0017808951721149477
0.012865213674526935
0.0019649058591374494
0.0
0.0036278863691433625
0.00025665757051841705
0.00042579609766210533
0.009038247435531565
0.005712517786397785
0.021247910511230986
0.00031163461881363063
0.003861292690723091
0.0007061701000888394
0.00871565658444439
0.0005552372074115267
0.00019295815112122948
0.0001377189646656318
0.005734230655365646
0.01306278753832345
0.0029331683725404793
0.010123955066566395
0.004969170489903601
0.036908202417359745
0.036139078899454745
0.002602344794201969
0.006066166628179649
0.0
0.001840391605184988
0.00126651172465533
0.009045141244961561
0.003952595058097082
0.0008676396428475601
0.0
0.005697458374769332
0.004877562687467981
0.0019741234147469997
0.003331166895329269
0.0007658795644983294
0.0
0.015714485636131332
0.0
0.01467121557646512
0.009467765774652514
0.007517621048798317
0.024179951240986226
0.00573679418577733
0.006470896047748778
0.005781681405166089
0.0
0.003421975088282492
0.036639188728682055
0.0407225482192625
0.0013097443577666157
0.0009465585263575131
0.007107747120186448
0.01023770724499589
0.00021383751166165592
0.0028956367093316703
0.013523926288216873
0.0
0.0010583367199489262
0.005787972027988505
0.003218384068025613
0.0007042700512197687
0.003112433181695348
0.005724300930371753
0.007036551633563281
0.005621237879395953
0.0
0.0003192609734517468
0.0032565225814469826
0.005780187031242373
0.004671147810939489
0.003886155600666602
0.005768592398710584
0.0003309724837020405
0.003624887280054365
0.05771239147827664
0.0002610808690904525
0.021898528389035332
0.0015311900327363282
0.03628620411578246
0.040866372908679754
0.010022361532246058
0.0029109245557781293
0.0
0.003985119808328556
0.004852068626116414
0.00016567151506455299
0.02138766296253963
0.006247086404167571
0.013482788089888046
0.0
0.006590177981111819
0.004540494871505462
0.005697073537270027
0.0
0.012914471721565174
0.0011815027194055586
0.0021448580227727255
0.0
0.032005492030510375
0.0074195360966639
0.0
0.0029842329237247194
0.015595860002142393
0.004211973500369067
0.0035053587564732656
0.004349692921711207
0.0015140672471496157
0.006551936528909903
0.004510606298555532
0.00416613539614211
0.000737099220922786
0.005691697422941042
0.007959470040346526
0.004442249740182695
0.010437314537124487
0.0034375437000230187
0.0002067024785572687
0.010915772345161704
0.005246228213762156
0.002642313292758727
0.0004544972175980387
0.00495962676250037
0.0
0.004537936749987224
0.0
0.010078792453471897
0.00017942687456512464
0.018949260946317468
0.0043378980189832834
0.004317646363758281
0.0065273919301487545
0.006204181898398689
0.0004194089475127037
0.0011561519660233492
0.005134732284987083
0.001395216286119033
0.0004644163121017277
0.0008949178203509402
0.0001579990583877701
0.0009697859377892588
0.003135084319966272
0.005280030859300376
0.003942966178780865
0.00037777699611821566
0.0037556471588953907
0.05567115212004487
0.006601707788118097
0.003108821645679178
0.000505139792120448
0.010485574946493229
0.0007488302160708993
0.007335078007296866
0.0023623933048269384
0.0
0.0048410147884891536
0.0028969307006801045
0.0577263608355529
0.03191815344322451
0.0
0.02442549813130131
0.0012493723630250125
0.011838604991603016
0.0034386955969532684
0.009482999342230113
0.0027511801811279557
0.004122931787899334
0.0
0.003829306681278457
0.00043522857232938876
0.0012555615355477436
0.0037862950325542044
0.0012086337198872644
0.0
0.009366798210220397
0.03502716692000636
0.0
0.011960743572662358
0.0003769077393876292
0.005614251796936815
0.004882319396489493
0.0003343060418387769
0.00016649255692716925
0.016126424947334857
0.006221821268241962
0.0006975604457316904
0.004516350328327337
0.0
0.0029176931349535213
0.006630659711982984
0.0030049615285105305
0.008934779492554867
0.003103520319765875
0.0006321225891597207
0.004363528331754795
0.0041352360277266955
0.002343041623872295
0.004992291106915011
0.0005698580695681257
0.0045262382204305784
0.006118339372983884
0.009211309339581805
0.005999868523589813
0.006310786219362814
0.006214569898028752
0.001191625673273808
0.005785321857579906
0.03696583198311144
0.002999671982825578
0.010029744926285817
0.003150216132898171
0.03565209724931164
0.00019520174281024952
0.008951643587495872
0.0018447767932393514
0.006208719068152595
0.0
0.0029331683725404793
0.005467617381624291
0.0004161281647975671
0.010249454591005736
0.012312814788563789
0.03732145200357454
0.0028771207889257693
0.00893160013330259
0.001540138840946114
0.0005262510659361179
0.008995600899770972
0.0062200471048685715
0.015624560152346367
0.0003040692072285042
0.001572863712683368
0.0057839641173355995
0.00871565658444439
0.013776597132726042
0.014426706873425595
0.007554763127670886
0.0073892063968339465
0.0012743944045724227
0.012865213674526935
0.03322719634439187
0.01437569304257993
0.036997958379798836
0.0
0.002895125420062419
0.0032821979820726673
0.002059526115596278
0.008039602535889149
0.0058317035313230695
0.003411535664261299
0.003785841156219418
0.0
0.005801378693610768
0.0018571038420060603
0.02451538077009034
0.006006308663158279
0.02649995542816121
0.0039046021893299836
0.007729668119483929
0.0045111941555379415
0.032525448180353425
0.0030992261017180104
0.01282381102572422
0.03327522109928996
0.008211389854261491
0.03682655370184076
0.002993955531003624
0.0033706293801039327
0.007964601301244932
0.024528816822575242
0.0
0.0009915780478543263
0.003875372762604919
0.005783839996134338
0.03538399074742516
0.0013819039756384514
0.004292023301221589
0.006175458792383391
0.0034092587319779536
0.0037356649549598595
0.0030968091438264744
0.002514592523770807
0.024179951240986226
0.002902318750799515
0.004889785798745404
0.0006857753658846862
0.005767571861003115
0.0029294475356465405
0.0017122559653610526
0.00012493110435224475
0.0
0.005627171504657493
0.0034179708512795926
0.003803190433065869
0.0366929263041134
0.023539894229844333
0.014197635416355386
0.0031322391409396625
0.021841692240380958
0.012567663688178818
0.024173888411559638
0.03709219285892581
0.004855047428780761
0.007272028361137841
0.0003912871799686168
0.04082669456314932
0.026504159999073615
0.0062853311487073675
0.0038860480586709397
0.010265103868680138
0.014422115521099482
0.005976704849216193
0.03561885839358942
0.006000504922997445
0.007382709309680067
0.00413877119001
0.0006961579612214116
0.00017115439593882225
0.007040008231125123
0.005567606710888108
0.013411637739907173
0.005823101785702092
0.040683140829746764
0.00034340526648233416
0.008077891091576422
0.006603400244664149
0.003052981249204382
0.0033343619663386732
0.0190581669611781
0.008079236128198159
0.005574838071919414
0.0
0.0002555382940327993
0.00038635873433620453
0.004803788239120146
0.0
0.005971622590572621
0.026377331373870962
0.0
0.0037982470026885957
0.00028028750467782714
0.00439611139340606
0.003127319062431425
0.00021499338800295707
0.0038084462630846097
0.0011397117474273356
0.003143537857433494
0.026857333802674924
0.0031309354774277528
0.006415263434837764
0.010830097770133626
0.0006075000409533849
0.0002473706828328126
0.003898495595655318
0.0
0.011798505353603177
0.02630967800914329
0.0003342566811481412
0.007166030706322893
0.0039722139911303736
0.0015763218404907745
0.0007402564324766162
0.0027917545767052743
0.005994855592963484
0.003291608284440119
0.0003539783379217716
0.015534438167347
0.0005833114796632534
0.005922294142543936
0.03583470433390485
0.003897022210754038
0.000244233736840331
0.004822349212852524
0.0031482845925555124
0.009067083656838162
0.006276942034295719
0.004031390425669049
0.002939725195879961
0.0
0.00023859236626058957
0.004008586523468487
0.007875834573905671
0.0050324460934657
0.002973602003960084
0.010188497375751488
0.0002516622017490881
0.010069507682143866
0.0006382492301519001
0.0026630865952479103
0.00026221431264950875
0.0017710586812779887
0.0004644163121017277
0.006118339372983884
0.0030304924721894604
0.0008237321305339219
0.003733877704516579
0.05786579097173524
0.0006860723463218856
0.0034356815693532623
0.003189614285933009
0.03308263558841861
0.003911620736479174
0.00029229502279497867
0.00464806911015279
0.009770829451352268
0.0004034581541302727
0.056875282476730786
0.0
0.0061296528203717586
0.007796602700613723
0.002949830322828591
0.003563200705204706
0.0060032253609795415
0.0002235596057923581
0.0030747075135090355
0.0
0.0026068200441672893
0.0031400657713234227
0.002887242970867934
0.0008747078101270881
0.006224841320811209
0.001177584972914547
0.00954226228138134
0.0056885275389068875
0.024343153912534932
0.0013872662188736194
0.0049583176252489345
0.0004841439161798299
0.008617442290884457
0.00628122914578134
0.03200080356275237
0.018928310680177123
0.009406389995077553
0.007218690819161804
0.00606743747702886
0.0011980103044027018
0.004554948265309844
0.003238015858878523
0.0006837330928416868
0.0
0.005961379512198571
0.0006588046101106316
0.000534431645794141
0.00018978882834303022
0.0031457785846662947
0.0026207917794425343
0.00445290284825826
0.0
0.004814866586991043
0.002214514720287992
0.002571810377179401
0.0
0.0
0.0005045328576167847
0.0028540250863459495
0.0007261668971454086
0.005048408003056475
0.004864220690585336
0.012614268735131183
0.016122216706158706
0.0019158455875377958
0.0012452499858041982
0.00486529113706185
0.0014595474708173335
0.0010665694788173144
0.007900534168457441
0.0023331543671321524
0.0021675640476766776
0.0003061816665138243
0.007149352859448988
0.003068726158917139
0.006882148704613682
0.007177591602219327
0.0031086637597102485
0.0
0.005852388486794428
0.0011225965318928492
0.009653094687176325
0.003653255874929992
0.007964601301244932
0.0005513358098042492
0.0032148289805488815
0.004270290892713679
0.013179058283497224
0.00890736820698842
0.006980638513566335
0.05574690536933518
0.0005815265207682434
0.004275738313562003
0.010849438724520953
0.003645906545436751
0.010306007812616267
0.002365715535429336
0.003871296570120171
0.0367027315949839
0.012951293699566558
0.0059541492337900235
0.006092002854148131
0.003137699856125406
0.006006478794097812
0.0070096784618343755
0.005743080483809826
0.00033473085891948294
0.004952555407634683
0.000304180145252293
0.009056651257860334
0.014319697537967689
0.010636348389662561
0.010043994030258529
0.008551501962135949
0.0001942039199145037
0.015945849702608223
0.002270722008792096
0.015973426890063393
0.002882121290596449
0.006167517935473151
0.002198082860235235
0.00047377095394095014
0.0
0.0
0.008914575855714398
0.001890317609845947
0.003109419559866666
0.005789082684539828
0.012875910945353411
0.00785980587825102
0.0
0.0011230984548904097
0.0027170711791491904
0.0
0.02419947166349185
0.0
0.006683228456345572
0.0004032519752646807
0.015702375996817307
0.0
0.003195916124529781
0.010001793233339688
0.008285273323441623
0.003943971087561154
0.00020270559388441123
0.00015770534036558777
0.0039380455490783265
0.0007613258221283739
0.00622570040293114
0.035696569989714454
0.024233653558715748
0.007814174471274714
0.0
0.004176760798427693
0.006722658715491787
0.018973749869227882
0.0
0.005130071773484502
0.0038901359927720094
0.0007187968434386238
0.0
0.0
0.007412872758421153
0.02447680889457593
0.0002836406607397746
0.0017454897850790764
0.0017501197066798699
0.00034169503417919744
0.0018043790513187694
0.0
0.006866576556645294
0.05755184110092099
0.007718147425915371
0.003780023031741422
0.004937680885699982
0.0
0.005675904991976587
0.0063195169514243706
0.040589477998687305
0.014370287611543927
0.0006638763570821667
0.005580875298814236
0.0
0.0060212854670666045
0.005781769476003923
0.03688925767411835
0.00033186064573104634
0.005137791160484324
0.040545733193787355
0.009217677481292966
0.018888916900107657
0.00580675565600353
0.0010478367409589946
0.0010909975884498826
0.0018274435445627263
0.0036870515910707347
0.00032981658372356046
0.0011764169663153051
0.00023433255378036666
0.05778180921736234
0.004588555039111603
0.00962080695984475
0.00016531268917385593
0.023389572415656368
0.005821604480070045
0.03194177973406955
0.012951293699566558
0.0
0.001046205458383067
0.0029840794461267594
0.006047600138419609
0.004378684816461242
0.0006863002674686571
0.055627438794446
0.0044056444110840455
0.02174156605750183
0.0004857911542720833
0.00047531849394674025
0.0006683217171765234
0.0002673954010016463
0.014398915186458775
0.011813234269636914
0.00324247347665336
0.0013271414618827883
0.0038035488161049006
0.0031437400571459853
0.04058393832181291
0.0
0.02126457293915567
0.00757516617956
0.005072196212662783
0.010484465532115225
0.03194603237907794
0.0
0.0030803075352845797
0.00047187012395265727
0.009176650733818348
0.00166916447561353
0.004872905978149662
0.00895862658279552
0.003965437778481956
0.04055250510431617
0.0036926246959709534
0.003898902727024308
0.0029894214676930847
0.0006054252439859374
0.0035178523802147483
0.0002335603537040885
0.007619818538768862
0.005952150954236465
0.0
0.0032410359423246677
0.006018290622164784
0.007996199057011625
0.003327724669095549
0.0020124769067391204
0.015500171865428859
0.002291303091689933
0.0045626651414377075
0.0032906543944749705
0.033176760007009844
0.0017443798957134816
0.008826040308378396
0.00881259212514292
0.0007849271970631913
0.0031338439709740393
0.00036924496656274864
0.024432878712838696
0.0074864912948508595
0.0007245852358853825
0.002348542162633909
0.006455280707558422
0.0002616412136252658
0.0010002565219769434
0.03545105468821624
0.009465097862045932
0.0
0.005683386638779272
0.0
0.005568794951428076
0.004267682920965355
0.006065125944869442
0.010121740423350921
0.00033153164861943646
0.01039491098328251
0.007332690360506951
0.005258348561615605
0.0038835820065740863
0.0064091272094590574
0.0034483186947283605
0.0
0.01882603045173704
0.0003771215249380279
0.0034489583534131583
0.00352878066037633
0.03582450990819391
0.00041625427429743954
0.012870119815233422
0.001067467564368738
0.00015343477617400144
0.0054195398340155495
0.056832981825967945
0.002795153973384845
0.021203029494288022
0.0027830421785582956
0.00286250532111974
0.024361226837150442
0.0
0.0065711353033656335
0.01553866212905345
0.003653255874929992
0.011847941566305658
0.005911246480743811
0.003885062791787233
0.01307092058826937
0.0019738591173779087
0.003086394340440163
0.007686651837004374
0.0
0.0007372654985704168
0.0016390914442979843
0.007403178728979216
0.007210673007906177
0.010060071723597592
0.002399520435032243
0.0008257468947487296
0.015162939933354483
0.006208094223438224
0.010269952823628387
0.0008184638635398843
0.007383781061172374
0.007288449403867986
0.00966155412617505
0.003857101801921161
0.001551031785330093
0.003146972231601413
0.004396862538630363
0.0011272861320694068
0.03699169843887336
0.006205057013319501
0.009344112584955017
0.006148891654576385
0.0030181173055625486
0.010228278661546337
0.0056881020738330295
0.0013225607598622057
0.00025665757051841705
0.004180396940689117
0.007653211327778734
0.0
0.010019160085897776
0.00871565658444439
0.006977484835624819
0.005712013738916453
0.0019388979923721074
0.008077348968367872
0.003796600789867733
0.00017979695658984303
0.0
0.0044381358880253045
0.0
0.000964074480514969
0.006257539512484679
0.0031389589421272953
0.015459291128288498
0.008108233636939933
0.0003432929930003177
0.0
0.00014642885698916842
0.0004777089875120555
0.00027397354550204794
0.0004581559955342702
0.04063020453903806
0.00228683658640869
0.006353141797013298
0.0057254658769466775
0.007278876512556172
0.005126827137675055
0.0
0.00930097450076298
0.00031255227393437384
0.004047694691355685
0.005156318522529947
0.0
0.0004059526425201736
0.00048649797035938644
0.0
0.02183548681839217
0.02420783614796389
0.0016517647155664483
0.0025542616826855313
0.00045547040023707826
0.010292577926548493
0.004389913529182746
0.006223467068586533
0.0038741900795491724
0.0073881417416354
0.0005514093928431287
0.0013984910211577804
0.0127634179680257
0.0010357194708291875
0.00032228299687618605
0.006167517935473151
0.0037124967395240197
0.0
0.004049426972900844
0.0029129394340349987
0.02496022523410178
0.004837652704208444
0.0029436019223362687
0.0063542724872284575
0.0039006084476791887
0.005107805093493966
0.006945693356773066
0.0
0.036798180006667305
0.0006711163391135283
0.0032488052866169992
0.0062297702224637
0.002057018828622154
0.005312377445990612
0.0011371868226851
0.035799250915544534
0.000209657852270323
0.012645186449192014
0.0001989591815941853
0.003913528540218478
0.002154473339226162
0.00023064117468884639
0.0005466457823560817
0.014414308549279177
0.002501105369157554
0.03181112526050652
0.003007309746070348
0.0007105252631760146
0.0006554814098640185
0.0
0.0060923420494911245
0.009500199826917207
0.006214515506451776
0.010877783292000018
0.0027446084344325988
0.00584645845529214
0.003980578385093923
0.0007950726768840592
0.010267207196314083
0.0
0.0019703824807506083
0.0066029633597226205
0.005784202056755636
0.011554770821467282
0.0002671176523403373
0.006986977192868965
0.018864171886519013
0.0027987991877519588
0.003992266260363867
0.001306201515070282
0.006437502047681857
0.0061933869067230815
0.007723745933625882
0.005066876702100873
0.01279778866479418
0.0
0.0024980428685702225
0.0016518345158075404
0.001708994766878952
0.00408181354385979
0.013384180391770473
0.00065414047461317
0.007704539274153005
0.004560131777549205
0.00058365088855713
0.0032955054338605987
0.0007251296591804368
0.006207077107777878
0.05774564917320332
0.0006307178531183217
0.0006903443736667746
0.003938331366630605
0.0032822156914668957
0.0026166810838916823
0.003137557590635233
0.007660428259329521
0.005482417883617075
0.0
0.0008967413564855242
0.0031118523488989774
0.0
0.005723331306451432
0.010074411457678092
0.010281465117576457
0.0019399007686630547
0.0010335221114188126
0.0001761561989032076
