0.0022268407122221115
0.002433457285409381
0.002170095146675271
0.0014245881006774248
0.001928696771543685
0.0023679234107212032
0.001864951615033137
0.001985043954835385
0.0024378720268258343
0.007423826795120456
0.001440857874691056
0.0015661870886221007
0.003654008932981553
0.0036552974608094293
0.0014540708487824174
0.0026157954265543723
0.0036564016712801665
0.0018358792126548606
0.001714411798682151
0.0019067927591473093
0.0016124771817324012
0.0018773802977931414
0.0030716135008051594
0.0015933340228279761
0.001485464464459043
0.002456270790350864
0.0016407146823323347
0.004822263258719239
0.002139881253446525
0.0008815138314642089
0.002312983744380796
0.0022350416433027658
0.0024261435778088615
0.0013647989016643456
0.002365940541623848
0.0013612456270862573
0.0018025165175102806
0.002472999334871168
0.002432807178732341
0.0020966665316703176
0.0007271720549431249
0.0012471062151884686
0.0012189587619163434
0.002283179674035322
0.004202077811804345
0.0018877799261806274
0.000997870755744905
0.004178647979115686
0.0030497395231401554
0.0018239718596380512
0.002384575160962224
0.002387546241485167
0.0007985653913362486
0.003165522355527237
0.0022403872751048147
0.002225479843587359
0.000877713836203762
0.0018970976531111445
0.0019067752246006908
0.0009431897055971877
0.0025428867946639777
0.0021334993316991365
0.0008327292194596111
0.0016131643229689218
0.004821564428926438
0.002403347652282911
0.0019015094593349752
0.003308774553453708
0.0030536485157446115
0.005112838150947791
0.0031890825436101072
0.001783016881123811
0.002366882359972063
0.0010558471326858763
0.0018434352220068043
0.004728471046116899
0.0012421250863579184
0.0006120753635830751
0.0014426378204614228
0.002576572545225788
0.002420589314137221
0.0007445188839997352
0.0029940474047485967
0.0025467066833200647
0.0036899907627119324
0.0018067946993426901
0.002247594991309922
0.0020013282446486257
0.0017845228698647835
0.0006577369211713285
0.0015842317510157272
0.006184207382701245
0.00482073902802079
0.0019632343362558876
0.0014245881006774248
0.0024825133968114092
0.0018926329094109064
0.00330506577591695
0.0024002794083496882
0.004157187903907587
0.0018795388937814473
0.004131785596289043
0.0024918909868939776
0.0014023741272532473
0.0030414782306607178
0.002206669398005965
0.004106436442257401
0.0016608917286624898
0.0014157087245074717
0.0009601236925773224
0.0025480683862673824
0.0014245881006774248
0.003688972527061352
0.002478142161788731
0.004240256987279213
0.002203906148027429
0.004091769995134455
0.0030440473078911265
0.001480128583549095
0.0017810224251284693
0.002239928390027946
0.0009435112843086822
0.001868525833809369
0.0036300538068967897
0.0016471887242084213
0.0034179273255400544
0.00223313600380907
0.002402339866583355
0.0031988408619743813
0.0016772983535349997
0.0016536024581900591
0.002558760450796899
0.0027522274891935007
0.0014245881006774248
0.0017857829529305878
0.006174984284963879
0.002611285657454195
0.002235981767251842
0.0024756243971962725
0.004094742327762275
0.0011277057161347497
0.0022738802527780652
0.0016322346815203254
0.003425898553624606
0.004964433170181775
0.002204049515364736
0.0014245881006774248
0.0014245881006774248
0.0014245881006774248
0.0018971810191939617
0.0014801285835490952
0.00115891437314731
0.0017793572584051134
0.004244633401897026
0.0022011855130647674
0.003414538874044629
0.0016354492224856675
0.0009736067097305803
0.010970395221106606
0.0011260384355945587
0.0020205976097350154
0.0019905805721760626
0.0014245881006774248
0.006017416833490537
0.0055216357090910355
0.0014338463589001484
0.001215616637248626
0.006375120404302103
0.003655298711079943
0.004441939842813653
0.002808602209356824
0.0011577710595574618
0.004241436467469578
0.002244200287176442
0.0008016351669282046
0.00124225310899936
0.0019950466663160144
0.0018670836641247845
0.0048198933608412965
0.002145035226386548
0.003918925757757561
0.002042137506578515
0.007428346872836555
0.0011396107969012905
0.0016016140435764347
0.010956545422415965
0.0010558471326858763
0.007433384760521943
0.004094849832526917
0.00488931967121953
0.003921102371623771
0.0017289898817283815
0.0023215826814298457
0.002807674943896178
0.0018258889494998996
0.004718423932464132
0.006184207382701245
0.002470632979411768
0.0023051318387871046
0.002611552643583402
0.0014361480872986754
0.002323245543517036
0.0024320072303742907
0.001719283671202618
0.0013986220392325209
0.001452422030892892
0.0007631485645196003
0.0018271700532166476
0.0011561106756367671
0.0011569056163787798
0.003656138382257073
0.002387021748842884
0.001008676569362691
0.002349518344971012
0.00205386340031945
0.00512231613198814
0.003045802276317571
0.00247711667171252
0.0019015094593349752
0.001427769675686006
0.0010335161826737342
0.00211300563622323
0.0018010056798244826
0.0012466560505122795
0.001854702711124716
0.00218474941826978
0.0018833225702194864
0.001132748170747422
0.0016514888662331481
0.0013680221191640259
0.0005837187849083254
0.0036547947467225586
0.0021474628294678552
0.0012946632595820027
0.0009474804680131285
0.0022488502231954627
0.003657877399104832
0.0018895983052915682
0.0029902336128749896
0.004814769009110419
0.002219255814448516
0.0023752521184070225
0.0026007486778904226
0.004638915191138371
0.001850764377591799
0.004627656259159277
0.0022833860007852726
0.0016825724363230704
0.003177471582149465
0.0030948689245487524
0.0016461232400384802
0.005083617051012874
0.00242852916077927
0.002434283494752457
0.0016482023618379915
0.0025480179577980675
0.002157863740403595
0.0025598861648879535
0.0012364574754041263
0.0014780095545601634
0.004216110062474294
0.0011799867689472007
0.0033087194386929846
0.0018753524887686354
0.004131257020981099
0.0014029649376739223
0.003936438530881947
0.0049576775645514045
0.0017046864017150746
0.004947899471893393
0.0014269593820016209
0.004745720239703623
0.003564269121691794
0.0018093769408688018
0.0019330574555490947
0.001860224630287318
0.0025704477686481833
0.0042422159527363695
0.0017521357920778323
0.004235458580753083
0.0026199674877790146
0.0015517261079309775
0.0018930208887180226
0.000866006799401719
0.0016153586177435424
0.002928434709921736
0.0042755528764932774
0.0009584323713982168
0.0041177611911193904
0.004117593060335478
0.0052101584038549515
0.0032514323334902665
0.002999307544572632
0.0014731371169120035
0.0015391320459726176
0.0019039405675316241
0.0014245881006774248
0.0048175542796749385
0.0016845505322882863
0.005263094956245121
0.0031854047140440385
0.0012047819713591611
0.0011765603722667438
0.0011459718734468764
0.0012637537727779881
0.0034762332261121373
0.0023158487833859365
0.002548766123726058
0.004815589553258112
0.0008902296188233726
0.001126408727164981
0.0009822587632211364
0.002121297786655298
0.005094295243794431
0.001411707084138087
0.0009497079271584703
0.0036577762480956987
0.002607054200907274
0.006351029645488992
0.0022846439848625507
0.005142635284491943
0.004636089204910115
0.0012552699204690086
0.0025494354879850136
0.003068035339600233
0.001820846929684681
0.0009901308974925975
0.002588829813433532
0.010952584041154343
0.0023809864703203806
0.00262796649836544
0.00124875956888439
0.0017272816071023146
0.0012852373349989022
0.0014970396300863912
0.005085515702803151
0.00394337916438613
0.0025201632119315437
0.00399428789353978
0.001458359041171798
0.001455624539130726
0.0014556376872686273
0.004821891247238416
0.001440313496252666
0.0008858327372122241
0.001629696599040261
0.0019208693891313335
0.0025555785164481587
0.003182564531130216
0.007743666343641557
0.0025452566055876365
0.0024038425657189775
0.001089643760990093
0.0012810797882021065
0.003931208450800439
0.002201430210368347
0.003049159368005288
0.003189074271128427
0.0017388028677554125
0.002378546676815783
0.0009853027662632917
0.0028044028772514673
0.0009944330608842222
0.0013547624958870673
0.0020308767536296258
0.001875628698244352
0.006351029645488992
0.0021046383226567007
0.0017760968455438457
0.005173861888545247
0.0014466046878241203
0.0023616702104257473
0.0015569977654914364
0.002039379536089773
0.002115544810735153
0.0016825769516795584
0.003962995947560887
0.0010021941505510127
0.0039704792474983906
0.0009428252547963838
0.0022356272671824294
0.004107529264284109
0.002549731723041823
0.0013530116545553519
0.0022500155316841773
0.0015424750839953749
0.005765296132986694
0.004623396873873163
0.0011579808713137775
0.0017073179289953937
0.004093497672889384
0.006230431282004018
0.0029990524569421225
0.0012732049009395983
0.0016316801108515772
0.0008869229085909122
0.0018931717383936246
0.0017164360233979665
0.0017163145204818243
0.0032329147780381967
0.002521752417422324
0.0009497079271584703
0.0015657798320040872
0.002498903414616308
0.0012074745542227966
0.0014245881006774248
0.0018826095101021577
0.003971530859773927
0.0029208496678489325
0.0015997521862946191
0.0021176492394389414
0.0023672312134382684
0.0007104825397766064
0.004100125831331665
0.0013561379814713845
0.0018799351764502842
0.0014338463589001484
0.004234059382314113
0.006172606932065421
0.0018010056798244826
0.0025167164580354386
0.0036565851390085954
0.0050934884118560035
0.0009504896624879099
0.0050911166870514805
0.0051469510448274615
0.0023683366788777855
0.0025211003124762914
0.0008793707578259898
0.001086379015348864
0.001878894678746784
0.0013298658147149229
0.0011632923622226581
0.002568466370084832
0.0027856903338233305
0.0012692662708115008
0.0016480511572515616
0.001988247693244497
0.0019058409851993505
0.0006590686918939879
0.0016952910358980968
0.0025727621803561204
0.001567149778296101
0.0028021771516248658
0.0009490328377552665
0.0042419070181683146
0.0012498606429000214
0.0023319998349966334
0.0024158939719305917
0.0030463700722002177
0.002725590873463422
0.004719853159150609
0.0014245881006774248
0.0012083017048522813
0.003655258456789868
0.0031720556622752976
0.002665689196071566
0.002045853265142547
0.002275725780320728
0.0013992226024513296
0.0016322346815203254
0.0019105720695705502
0.003957082169711437
0.0038369764362639136
0.005145606328161489
0.0014245881006774248
0.003968657085755046
0.0014245881006774248
0.0012134674315334736
0.0022208827486378388
0.0014245881006774248
0.0039044162716557074
0.002312883828658344
0.002156933162108349
0.001621911517292032
0.003905948829698321
0.004095084597967878
0.0024208358007284728
0.0025217520184360152
0.0016237059297801353
0.002560457864321414
0.001996735349510261
0.0018979304674883399
0.0032352860163572424
0.0020309009685456863
0.002263196788708207
0.0013076701324498314
0.0018925703721933366
0.005752658684076579
0.004315732925719419
0.01095149006667506
0.0005925380031124876
0.0016009911361067068
0.002395212358841577
0.0024210352318375164
0.004954980717890972
0.0021736738413903195
0.003995426217765335
0.0012730635088459988
0.00199038369366836
0.002323511746225003
0.005617690430687486
0.001916217067033853
0.0016166420168882388
0.002477377810138438
0.001451410609446099
0.001265709183349421
0.0018839982320482855
0.0024440186962651537
0.001983335998046771
0.0015626817653755383
0.002414511466370911
0.0009881910775594003
0.0005705307198728195
0.005759304980096901
0.004091726473367101
0.0022725729320341548
0.0008850139723994457
0.002027605132583573
0.001617272962206867
0.004718707595892274
0.004090909386461925
0.0012706700384473833
0.002006699180436159
0.001436031817887003
0.002373640853344995
0.0022758654585310436
0.00223914268542889
0.0022406283633601485
0.0013649953955840947
0.001710278244754721
0.0049487437325737614
0.0009796531115776202
0.0014245881006774248
0.00514914844215229
0.0030442787201663563
0.0019610216454657753
0.0014245881006774248
0.002797605686242766
0.0025519641895185036
0.002544340372673411
0.0012074527909697545
0.0010054589697457348
0.006185485200542993
0.0021719489168719446
0.0006670005371941411
0.0016234744060110832
0.0022488187296960155
0.0014245881006774248
0.0016442074931906367
0.002574382903810606
0.0031885434487765913
0.0012957297459011983
0.0010427305017127711
0.001211744337351323
0.0016837192989854742
0.003049958162616505
0.0013310563571919932
0.0014245881006774248
0.002558760450796899
0.0025480653590109494
0.0010572472683979329
0.0035695128110348096
0.001828723979298478
0.0013782412768830157
0.005142635284491943
0.003327338162390488
0.0009927653252109934
0.0030768988250755597
0.0022208789562410164
0.0017609102055404194
0.001378178525993875
0.0017745153255610553
0.0017821841764566724
0.005631116810397852
0.003421808519008351
0.002497397370877345
0.0023856755026150367
0.002405023210259243
0.0014399428642966172
0.0012481266130886064
0.0018968079839239455
0.0013669260807892066
0.0023930311053458136
0.004246213361358225
0.0023683837897249677
0.0023571316276905937
0.0017341202442739036
0.003763278430322456
0.0029876238704965494
0.0018369381437672108
0.0023650256977241976
0.0023942636124727186
0.0016846804812704057
0.0024787367733870892
0.0019849320650898016
0.005202112060054823
0.0010337197141940988
0.003929580906939873
0.0031705820083559443
0.002410206634250268
0.002409997848292786
0.001650328617642299
0.0033174899282932507
0.0019179682189152318
0.0022777215388150077
0.001523849308623811
0.0015691077674334195
0.005089882210297119
0.0023522506059199862
0.001970646527625534
0.0022418667922244053
0.0007723290237420224
0.0023976859940878855
0.0017817300698057953
0.0004891053877797861
0.0022464170349574893
0.0005799322226178415
0.0016822531346120464
0.005095677937259724
0.0011637236046731895
0.004239569860089536
0.004718703585930229
0.003688068719645919
0.0021435254060342304
0.0011836625239336042
0.0014719335975250769
0.005761567085469564
0.001187745384198861
0.0016508655971316662
0.003305913420753173
0.0041210584102052686
0.0015633302272310932
0.004429930879408668
0.0011587303678559462
0.0030716135008051594
0.0016217521834949156
0.0010763975310805357
0.004192377099367602
0.0019027559918375224
0.00318500789323576
0.00742914690455752
0.0024198850774148697
0.0046499652494048525
0.00500166643547063
0.0021602093120501784
0.003948912672475129
0.0017358353198944276
0.003312402760272121
0.002431449001608255
0.004118255394060345
0.000743042686920273
0.0011275487141239875
0.00299266096746812
0.0011985780386580566
0.0025732032763049724
0.0007408373082030416
0.0014245881006774248
0.002819313788311511
0.0023249823216678787
0.0009083576534833322
0.00103856386623633
0.0050913280281777345
0.0035567973015519752
0.001756850156594789
0.0021157975199172434
0.0017195829936708493
0.0024356588021270434
0.0018636601853608407
0.003626788804066701
0.0009998950109135324
0.0007667133013479879
0.003340103137886836
0.0014245881006774248
0.0016398100057074295
0.0018881978278279293
0.0018873846525138663
0.002121709623601797
0.0015055905900588733
0.0008034140025274919
0.0013959985317883931
0.0018658802989909551
0.0015919100272602114
0.0014327006086140934
0.0017916324893601917
0.0030476237710284344
0.004654287551564162
0.0017746761374475158
0.0011774651423891098
0.0025485297202411388
0.0007909538803774511
0.002157708424688624
0.001504662459198845
0.0012497869658581468
0.002132436535299021
0.0014882600034728684
0.0034131054359181215
0.0051128474910789
0.00197584266109126
0.000938303574202013
0.0024756243971962725
0.003322148607903123
0.004821461647747446
0.002362938272458418
0.0036565472333972677
0.0011712334675580223
0.0024005848937937798
0.004238863171420054
0.0023683366788777855
0.0024063354661843592
0.0014245881006774248
0.002409236833645638
0.005118784025672204
0.0018077435807660987
0.0017150484555943206
0.0024041035185174402
0.0018535438969250904
0.004813060809885172
0.0021185474637255763
0.001889925999391795
0.0017393881763394256
0.00212546044263153
0.002653548461760012
0.0014427681304992526
0.0025217128556042864
0.00419262275027608
0.00323320335984721
0.001134940364292985
0.0023198356987289776
0.002221326435228227
0.0014724772688120022
0.0018299356783017865
0.004651229661200784
0.001488089897238246
0.0022516866638498706
0.0021718744149420116
0.0012712066148926609
0.001433926923147191
0.0007783519634851925
0.0013786385948188233
0.0016810108084246414
0.0009500066716587237
0.006177487749521067
0.001635363574502992
0.0010639092780164118
0.005263094956245121
0.0024065019460376303
0.001006175812696778
0.001724118995270179
0.0015757689434977118
0.002800979558619956
0.0030513460991653737
0.0023849508473040076
0.0023625924013896266
0.002530509460656016
0.0014035075063023462
0.0008577690132143925
0.0034131378796671986
0.001424259905293748
0.005146877199320578
0.001428102864674613
0.0021277038173840275
0.0010368636116302138
0.0014245881006774248
0.0008669316365528056
0.0021140555990155846
0.0023696984747951493
0.0019938115044620223
0.0030491119699331665
0.005174020959265422
0.0014245881006774248
0.001583124510682364
0.0013524628271910175
0.002373927358280803
0.0006616703238269695
0.0016577463120047097
0.00375755909225829
0.0011796232930374616
0.0014249901191339246
0.003044890618522605
0.0024792085204406807
0.01074987053561873
0.0026033564111287255
0.002236025290315692
0.002401335891728255
0.0014245881006774248
0.001899294618471699
0.0017516454369556724
0.0046398599388735124
0.005113100197690504
0.0017278652846397192
0.002415223763361869
0.00212546044263153
0.0016171044393215295
0.0015844068117210532
0.002378596614722254
0.002379398645029108
0.0012157088545927757
0.000997133095838725
0.0027721933401434456
0.0014245881006774248
0.001569830855448189
0.002589582841769517
0.0018799346083752469
0.004232188014588477
0.0021258249297751073
0.002349125567812142
0.004817453624194946
0.0012384829890160379
0.003947809599252366
0.0026233557488151552
0.0018271197344360438
0.0009557358071598339
0.001567149778296101
0.0021277038173840275
0.0030634625738788857
0.0023588779257092967
0.0024044393035704353
0.0013647552039619364
0.004712222690808364
0.0009172666414868552
0.001556821802715041
0.0023955103338083985
0.0013538728469167068
0.0019318936306476381
0.004104210197389846
0.002557999719987305
0.0037575752984979017
0.0023199780813846693
0.0006264180688911329
0.004247245932150281
0.0022725729320341548
0.001208711183215731
0.0018245052726144125
0.006349073015953884
0.001432214383947988
0.001259417998734803
0.0018230023224860069
0.0020480073208928966
0.0011046022688903927
0.0019130717273597156
0.003302802490900562
0.0011685087639340523
0.0029922727742747075
0.00514485888103018
0.003963792334069831
0.001775661838672583
0.0036617932995508906
0.0017791804486933967
0.002159890091792789
0.0012765549713681015
0.0018860196242648911
0.002607146387809772
0.0014606190729656615
0.0032045035694977186
0.0024872994817013517
0.0020057620719459127
0.001965531035275722
0.0018528686096107743
0.0029888153356632248
0.0033097293087848865
0.0005765302854248907
0.0015808067322771369
0.0009577771386102844
0.0034155297699391316
0.003014829668816568
0.0036544957619141253
0.002247594991309922
0.003767697032594826
0.0031903637884535107
0.0010112468434073805
0.0023683837897249677
0.0029565612186953248
0.004959508295346672
0.0017392122777059248
0.0024080248444496633
0.000997528831242522
0.004814320349409891
0.0019139910853132513
0.0036917216040995545
0.0009412920470506755
0.0014245881006774248
0.001883144003132264
0.0023118605304767873
0.001916217067033853
0.005125233723738999
0.0012728896478469741
0.0024076629804098654
0.0014411809121022134
0.0017793603133397287
0.0014245881006774248
0.0016351474405272607
0.0023939504566554697
0.006176542284477192
0.0025450293275968445
0.006181829122215561
0.0018818532920336316
0.0051857067164243365
0.0010983421941760634
0.00332102237007651
0.002275725780320728
0.0023906064955254874
0.0024793461896281447
0.0033033620812725657
0.0016017829538509686
0.0018898161825863886
0.002221326435228227
0.0006149380126753808
0.005759901726656797
0.0012105645647932652
0.0014245881006774248
0.001862928416338635
0.0008766569880030125
0.0014245881006774248
0.0028355913480994158
0.0023958602721250444
0.0036553472239669858
0.0009243635511721711
0.0013761325471466253
0.0023638519733651057
0.0009601236925773224
0.0028146935493948595
0.0034164294498219097
0.0011623050671374857
0.005144486688228373
0.0006152048703205791
0.005179449428026892
0.0013674364347632318
0.0048235071448296685
0.0014245881006774248
0.0020066856197668978
0.0016991956109189805
0.0008651684793529614
0.0039540099783527665
0.0011262515781080026
0.0012617998049897433
0.005186284355979203
0.0023948237498384504
0.0014245881006774248
0.0023413108166645473
0.00160816005868195
0.0033139311557716616
0.004727338122941216
0.0044436019006867805
0.0006991237201647679
0.00168518094611916
0.004968774980536205
0.002993046293563142
0.0023238630563430893
0.002532545563899076
0.004323034863001674
0.0013910313822104374
0.001432804119565064
0.0007955069402578973
0.001331132816107014
0.0018948533529361418
0.0017238162379781907
0.0011766896623204759
0.0018345718057032646
0.0047173421358536706
0.0014245881006774248
0.004814891220071174
0.002374741689194896
0.0013747148652334343
0.002992629645157608
0.004235282913322479
0.0028175496424189643
0.0017010758081216135
0.0010479221645800245
0.005627855555625489
0.005169344631302666
0.0024253933617115705
0.0012633631107137782
0.002204049515364736
0.0025075286540136754
0.0015194637637209998
0.0035904139950879415
0.0036550583625773914
0.002399355703855412
0.001836884848201238
0.0009394945404741926
0.001991536237529947
0.002244167006099307
0.002813445749893788
0.0015107369904819935
0.0017972920661501824
0.003421808519008351
0.002311675330016011
0.001778746400998917
0.0014138412945502005
0.002322244473387761
0.0009697786846849332
0.002110298420591345
0.0021968002733014284
0.0009554554564569734
0.0026461436570046
0.0008794206834110474
0.004967823634834608
0.000997870755744905
0.004814891220071174
