0.0037489307338286525
0.0019839425083937414
0.0010198240266650442
0.0008831511918034946
0.001297047658094576
0.001109488855661958
0.0007262442305106259
0.0010777140699793056
0.002213369688861931
0.0017820449776497678
0.0014998532245762736
0.0006899183572093032
0.0015965488601799103
0.003807954622709616
0.0014129004046432195
0.0018419416296787644
0.0009852265611352375
0.0009048239981974738
0.0011744113796695664
0.0012445939492474458
0.002523378949758888
0.0011634132554176765
0.0015135527194004273
0.0024034023462497387
0.002781152208297012
0.0014633659662847975
0.001044516378444499
0.000848000936786371
0.0010136027974591158
0.0008897114742205188
0.0016132728362224028
0.0018323736149725098
0.002148512557545345
0.0010416375752566966
0.0012159039186783655
0.0011163302257498273
0.002005634626272613
0.0027687282767688373
0.001051054646342064
0.0020825390925754412
0.0024233405982413145
0.0007949745233139613
0.0017504895381135776
0.0011570296510695541
0.0008727016735834592
0.0008073007482287186
0.001584977919561101
0.0011741511966073233
0.0010416384143946606
0.0014376157709267451
0.001058732847929339
0.002781446875384105
0.0021447625583686765
0.0023422879774818847
0.002206412113678178
0.0019014355536176517
0.000842269508582288
0.0020523015202428036
0.0008580892742653684
0.0021809679229202244
0.0017816315065669291
0.0010047712307781852
0.0012561162184710232
0.000768929345873526
0.0023546941531295204
0.0009610860502712365
0.0023633653520585074
0.0018975138610866622
0.0014330333653488562
0.0009978582872972883
0.002769715589116168
0.002212122322791925
0.0038112863944456824
0.002296517510515033
0.001767940218163033
0.0010284626313876422
0.00117084972420934
0.001242453032257147
0.0018267162283651828
0.0014368651981620409
0.0010470879198572287
0.0010635144341752825
0.0027497117474864032
0.002211893534654378
0.0023810950188547673
0.000670791196740448
0.00221044416387892
0.0027902802832165652
0.001985118913067964
0.0023817314030669867
0.0018584155796040472
0.002213233366177055
0.0010112829436130966
0.0019522851602678112
0.0014888787859093067
0.0015288525477446587
0.002266574959765008
0.0020523015202428036
0.0009330037532262067
0.0011128681356422025
0.002060733431039049
0.0020823783297704624
0.0019203507434625358
0.0018939869870289313
0.0005358241423481316
0.001030516744889374
0.0021347534201434128
0.0021725589248739073
0.002142442497952532
0.0008211664582755358
0.001749023123890683
0.0010472761902171608
0.002354237826286072
0.0015000435026553106
0.0017054631987652956
0.002658811600456932
0.0005734728317843553
0.001571354290429078
0.0012261752268386355
0.00218566671092924
0.0023383265342334205
0.002677513842773817
0.0015994969316763194
0.001897589708696476
0.0010525108336329842
0.0008623603631423844
0.0017560261673165048
0.0010001568701815257
0.0009960175924331137
0.0010621394403001025
0.002111068676584035
0.001745614455749701
0.0021746146763099144
0.0010141115799747146
0.002069909325605176
0.0012287968144835022
0.0017812516095404227
0.001216138215213611
0.0019413466598989326
0.0023998125723085017
0.0010732991479459545
0.0008231256662985275
0.0006579545073335706
0.002058086900164474
0.001522773771690178
0.0011384432135275267
0.0015102785730266308
0.0028725619610014876
0.0003496596278879474
0.001885068792670067
0.001257342974595432
0.0023799883964763413
0.0019097927754242
0.002750144291402407
0.001109207836633915
0.0010142654906088342
0.002055821495149299
0.00145306467060398
0.0021445029743589338
0.000690421976848257
0.0013611607711005497
0.0011598910517430267
0.0023016052438391103
0.0018915177048024329
0.002506921458458944
0.0018985220218283023
0.0015304326830070524
0.0012377253966445278
0.0018284766909626524
0.0005343020626557874
0.0018269786425761886
0.0025178725512953405
0.0011796121512060844
0.001304758241138031
0.0010112057246697169
0.0014323846868112406
0.0006983075472764868
0.002142751857589894
0.0015602449769875177
0.0020799014159942294
0.00188760542441973
0.0019836247010130803
0.0018931786329522112
0.0015102785730266308
0.0013656048205598762
0.0023337923157573685
0.002375565833648633
0.0007739441196856901
0.002779799475294452
0.0023852037282214252
0.001432111900780215
0.0012403404927725367
0.001909953792595526
0.0005391444031590004
0.0019741345668940085
0.002338339833664535
0.0016048847728607908
0.00038318585587446567
0.002234402854563101
0.0020523015202428036
0.001171523155342968
0.002418168758589568
0.0007361409048591628
0.0015427556140096505
0.0038119492353935703
0.0010136523966101099
0.00211686979192764
0.002130813865673428
0.0008598599390464881
0.0026844537050682636
0.0022605055301664614
0.0014452412298946063
0.0019527313748860461
0.0029402064371181614
0.00240833286142818
0.0004959859958687351
0.0023395776922193593
0.0021721015656770487
0.002352484813551863
0.0015165249831996736
0.0010456306740664113
0.0009546875632765086
0.0011593913766721991
0.0023365218583469433
0.0007344982113887525
0.002733205142401926
0.0015326784813396483
0.0011437104667866812
0.0010531678399243738
0.0025185587210830884
0.001168215164140931
0.001869431230906089
0.0015662493974066079
0.0030028229130886494
0.0022986971007085645
0.0012131313162449305
0.0017487994319226503
0.0020523015202428036
0.002337740508624464
0.0004949509167136215
0.0027837214862050236
0.0014464213892140003
0.0021439275881013284
0.0010893414731571538
0.0016341332099997353
0.0020523015202428036
0.0009835489305625694
0.0009804736116912482
0.0030657779412789146
0.0022986971007085645
0.0016031325719172203
0.0020523015202428036
0.0024799527048990654
0.0024190100123714863
0.002111634207125065
0.0030046380490527493
0.00232489936360266
0.0011169971646106211
0.0020523015202428036
0.0021873987781732183
0.0011154225581884768
0.0011470775993852132
0.002177596432737446
0.0008739975831513823
0.0020523015202428036
0.0017229182492500092
0.0016307160935433644
0.0010279115223204127
0.001522534262200997
0.0016203425591655655
0.0010308515865664807
0.0020236103416033276
0.0011971166328574095
0.0005798012066855515
0.002419021058213508
0.0018955242553761003
0.0019857892830732137
0.0015662493974066079
0.0007717258760479693
0.0011189649572762314
0.001234337021296277
0.001787991117649075
0.0026727909261659456
0.0010582655286042637
0.0015327869610726641
0.0011737221585477358
0.0010565040954414095
0.0007515097221946589
0.0006916661152544493
0.0016027975831482241
0.0010712302377477601
0.0016328567684471972
0.0010101504904664826
0.0011133683242176412
0.0013663932293037685
0.0008838198379372965
0.0016221656873308809
0.0012317046894088075
0.0019294457623698278
0.0010310532676280645
0.0015299281372444622
0.0015789111401135324
0.0006497770116211505
0.0021437729179920573
0.0014268055935044266
0.0012415790825143107
0.001238515461311106
0.0012391804789578336
0.002767335843876906
0.0017016564992403578
0.0020855008879948314
0.0009000704836210139
0.0018945193944123705
0.0014267306269431501
0.0012535597683874795
0.0021324717915441735
0.00047209695807397896
0.001884345805144669
0.0011657618246763107
0.0009980100055846856
0.00120319953256503
0.0013908629137836686
0.0020566306444177347
0.0010508415645101828
0.0023597763336068423
0.0018341083161639063
0.0014960492109634316
0.002304007654303419
0.0012261968391407661
0.002060443981950843
0.0012506930938006773
0.001029308413687174
0.0008593646421604733
0.0023572905489723083
0.0025237576679854345
0.0010273061919793298
0.0012475461236816357
0.0014271116318942028
0.001697585300978579
0.0015732098742880158
0.001171274672742356
0.0011370804241547946
0.0011201419499905945
0.0011370804241547946
0.0015367406693617255
0.0017482732066486416
0.001604760951438427
0.00242002741849092
0.0022945810550068033
0.0020523015202428036
0.0016020237763625998
0.0005343183986332137
0.001458648684882265
0.001243449601128446
0.0015261813990081992
0.0014268524401174429
0.0011199132193782835
0.0025203077020972417
0.0024002638429499335
0.0009881363147185135
0.002487735593279469
0.0025986836763211975
0.0014247236477176717
0.0038079875339890497
0.0026733064837691943
0.0015261813990081992
0.0019188643443196851
0.0016951722449718267
0.0021700368432269797
0.0027579934367645362
0.0012406613677993159
0.0020523015202428036
0.0010815016836118255
0.0014493911329845823
0.002387064508829756
0.0011996007795378656
0.0015285006892873862
0.0020523015202428036
0.002210567865861014
0.002210490057518349
0.0030046380490527493
0.0014981219841366836
0.0013596955645417967
0.0010309747575266632
0.0020523015202428036
0.0029515703836913766
0.00268677350319569
0.0016734633958258374
0.0005351699493330431
0.0006797000133389041
0.001890216932391429
0.0009410236009967638
0.0014692778550970847
0.0008444593196562473
0.002211995135240473
0.001281226251931826
0.001070473234936616
0.0015717943331385526
0.0024199987040524934
0.0021350369329763974
0.0006592384039215544
0.0011310571008394878
0.002271127056789379
0.0021392759453786837
0.0030045091525246334
0.0019413466598989326
0.0015738314174707235
0.0019285042476811847
0.001813050398310073
0.0018516338941859454
0.0009887735449751703
0.0013670299619520626
0.0005357868473114832
0.0018628672107648546
0.0010627834052631849
0.0020523015202428036
0.0014716804787784478
0.0018099617931996302
0.0010565040954414095
0.0026712680704694732
0.0015747888845465974
0.0018943215895448294
0.0010836821591564615
0.0020523015202428036
0.001118429479803431
0.0008742342774819273
0.0007736011184961669
0.0030008639145423033
0.0012431430634406763
0.001170570483772395
0.002169111466844894
0.0030045091525246334
0.0016253292175565776
0.0007596304752835207
0.002338347707990135
0.0013943300467335036
0.0014281911796427146
0.0023560621512912334
0.003042865063982315
0.0010232463216458677
0.0010453471756986191
0.001002408982309961
0.0020523015202428036
0.002211011214589373
0.0020214145510242475
0.0010710101501541023
0.0019385528954793904
0.001057875716450248
0.0020523015202428036
0.0018930024825610165
0.001569538675657795
0.0010582028106980558
0.0015705759396309796
0.00242001976253375
0.0010528957037745283
0.0006987161666439777
0.0012165237256454885
0.0021698601977402985
0.0012238755791661702
0.002385888538809847
0.0016967187365127308
0.0007405034540815202
0.0012417058938516314
0.0017816959968583192
0.0016158559403516132
0.001189677960712745
0.0012781384179413385
0.005309476034519783
0.0010145854630444601
0.0010573543815115005
0.002416989437236718
0.0027039737724373616
0.0005766745402283977
0.0022313495721243484
0.0005340785692677147
0.001056625674186539
0.0020523015202428036
0.0014273645090484468
0.0011113913602210535
0.0014308747722228399
0.002234402854563101
0.0009161154665782308
0.0017913028091111668
0.001929541535656517
0.00102788600523791
0.0012948580470414225
0.0010515664453093236
0.0014451926820234784
0.001212807724090333
0.0011742354457790225
0.002341799816397772
0.0016947053858603802
0.001752566837077771
0.0020268872992644862
0.0005766684735965498
0.0015767909727993222
0.0016928055791017305
0.0011085906620417593
0.0007354318524960433
0.0018889584615591193
0.0008635970561796593
0.0021717755241290873
0.0013100711755638361
0.002398271287271796
0.0020523015202428036
0.0020523015202428036
0.0012976809630594899
0.0019085250198911086
0.001783880312273998
0.0011675353740104948
0.0026834456107206104
0.0053090557922411425
0.0024197117161397323
0.001935159992587246
0.0017753011183572302
0.0008640155989234319
0.0006983075472764868
0.0009863608128047132
0.0006884122032624656
0.0013643533717636325
0.0008432189799411142
0.001244871685768968
0.0013673042386231674
0.0015267696896212166
0.0016237493997481665
0.0015033278423004274
0.0017514629164676638
0.0021404998306967355
0.0027297953339437495
0.0021431176534564113
0.001645508642559113
0.0024190577386442045
0.0010574982692152046
0.002079363026168046
0.0014585467443930672
0.0017515039665843397
0.00114851605700995
0.0022337557380528094
0.0016341332099997353
0.002697250881780076
0.0019134888291309545
0.0015802435832920996
0.0015538020459445164
0.0010379759777251255
0.002143098303625441
0.0020523015202428036
0.002507499586067342
0.0018872456313003972
0.0006955663342808657
0.0011317644241860701
0.002165147932901361
0.0011605931623191016
0.001574258213510382
0.0014976049024703628
0.0012973881414247916
0.0014508428509650295
0.0024002638429499335
0.0014028238686285388
0.0019091681601803182
0.0005003835416883226
0.0025069675961818623
0.001614818965850565
0.0009901488026589037
0.0009468986067545658
0.0010111171216819774
0.0009113404905632903
0.000650469902942252
0.0012239889585475537
0.0019642357665805776
0.0023540545448959313
0.001911039445427757
0.0013608545401865041
0.002785011719870389
0.0015097303692172697
0.0024182008271101873
0.0010038782061475386
0.0021446348751909664
0.0011601797391696375
0.0025055317179628234
0.00221173891697562
0.001436137117489996
0.0023409045726619344
0.002231432113201819
0.0016353745838870687
0.001307598754592218
0.0009677604900750457
0.0015402572182075878
0.0008988238599401563
0.0013440065907498848
0.001425590505634751
0.0016213729369581329
0.0003664899171572761
0.0011683018819428923
0.0016945812519872552
0.0022116672834143767
0.001295544579922773
0.0022124370409601713
0.002090339036268403
0.001931515291006455
0.0020524778659737637
0.0025607407724151264
0.00201093915264573
0.002506435107927274
0.0015963903583284505
0.0017616665927920106
0.002144195182071076
0.00138536116219854
0.0005797128221963167
0.0007930862090318705
0.001983702528401507
0.001296842958980449
0.001003138834266383
0.000848334060279728
0.0009257060513604832
0.002365648696927742
0.002774217102214133
0.0019848199844071835
0.0012301618218863873
0.0022988535518213993
0.0012386242384979395
0.001693615316670081
0.0018653862004143395
0.002385696644620572
0.001534753927837135
0.00086628372004169
0.0005370860776928903
0.0012762046178390679
0.0008982194522817107
0.0011370804241547946
0.0012202944958972506
0.0010045637784733715
0.0014592935363748872
0.002424894653438003
0.0011605827809704824
0.0010668359949043077
0.002260703399908571
0.0014286690066207847
0.0024199285535159085
0.0009314349064361992
0.0022990145378894325
0.002185076444169333
0.0011082649054192171
0.0013159354984986094
0.001579657184386828
0.0020523015202428036
0.0010025398772674108
0.0018971013124907943
0.0012271718638631889
0.0010213591662717506
0.0020523015202428036
0.0009804736116912482
0.0024215232248067753
0.0014090304813637882
0.001507179083635831
0.001163902880034988
0.0012300622355376923
0.0017429761819313444
0.0018968679335251933
0.0018841481842195975
0.001059870283731604
0.001283023777585898
0.001915885670505504
0.00115626815750125
0.0024204876468528584
0.0023378406584504473
0.0009893631083217527
0.0012901627331429397
0.0012475511277959428
0.0010925155112613157
0.0017795996865611623
0.0014550339355096898
0.0009228541958382376
0.0013875723762906624
0.00038526178903192787
0.0018821799465352817
0.001296560776126447
0.0009386901062857194
0.0013673840056734321
0.0010121912550504922
0.001362185753876445
0.0027511659132782433
0.000796662107171967
0.002202770949919986
0.0020493684113926927
0.0004936096595648666
0.0016283624564787734
0.0011434324196962573
0.0025055087000659874
0.0010712157853897835
0.002748544130701294
0.002705013529488854
0.0020391163349387227
0.0003832211385373281
0.001875446909788281
0.0013031518474297395
0.0022991326186428363
0.0010611755556677609
0.001910631215749145
0.002143955119263631
0.0023358661109674087
0.005308187048997415
0.002951881553181278
0.0011149336511964356
0.000836699204791223
0.0030160028824207457
0.0017856725433141347
0.0009272476291752505
0.0010807163934799455
0.002168523504354994
0.0021786916298844176
0.0020523015202428036
0.0013633865208291134
0.0014568319853331387
0.001976523796509765
0.0022146866395588976
0.0005767548016355714
0.0015123081776027493
0.00241176726175055
0.00095150852475503
0.0015151204922074046
0.0023389188621228585
0.001568629657583971
0.002211995135240473
0.0011317644241860701
0.0009398547526208177
0.002144527940091875
0.0010177634036144423
0.001896453365978361
0.0020587150986180413
0.0024513822603203063
0.002957084018736623
0.0005797667052580696
0.0030671629102379996
0.0022283793045227303
0.000818903308281328
0.0004328314741450389
0.0023510192205751976
0.0021894744983806057
0.0020814343822285093
0.003002366395537301
0.0016942504950493182
0.001517199491416256
0.0023367688904393936
0.0018734779562641546
0.002556200515851479
0.001116075098286796
0.0018267663862900825
0.001426769036945311
0.0020507281720395765
0.002022657482488568
0.0004956747474349784
0.0017820325224095655
0.0004952111767323362
0.0015091828207873658
0.001783070536424987
0.0015233461943736971
0.0015220785569470818
0.0008892844805068897
0.0018988669339692222
0.0013586785141267467
0.0012978881888320317
0.0011675353740104948
0.0012535774280042957
0.002421099300342347
0.002355698040547702
0.0011991053210266458
0.0023810950188547673
0.0018916682620035948
0.0009869864867850522
0.0019006292797101058
0.0021883281154891168
0.0016947053858603802
0.001002119612972326
0.0005012376273080678
0.001165944103743432
0.0006873749308658066
0.0013951879802536007
0.0013980918779469037
0.002335540317839635
0.0008489118031768759
0.0019100769814112235
0.0014246383671215324
0.0007933682189811679
0.0007900421249382552
0.0010072976128416558
0.0007515917082867122
0.0015775990944720067
0.0012133384970488765
0.0020523015202428036
0.0020523015202428036
0.002338384007287558
0.0013755172815395373
0.0009084496226222294
0.0010135004353942156
0.0008448565213527703
0.0014310102432342682
0.0021700202491373183
0.002600971309964351
0.0017868934972249011
0.0008920122208166947
0.0025072664397618218
0.0014435835181483537
0.0007464019773136568
0.0012977085871950765
0.0022058990451845214
0.0015128461127789279
0.0020523015202428036
0.0027334062933380633
0.002224278690339995
0.0015317923438301385
0.0020523015202428036
0.003813171358621576
0.0027659341284241496
0.0008987636860481012
0.001602452617143288
0.0006914840005120428
0.001777404731921958
0.0011355799513507075
0.0017021556644058215
0.001423934053081249
0.001891254534173598
0.002168854032651713
0.002025141181970688
0.0025141985116275338
0.0011683688535423608
0.0008217301642919257
0.000987318880426871
0.0024216202119091076
0.001744375739107109
0.0020523015202428036
0.0007185994272068352
0.0015444467132356683
0.0009105786478485482
0.001967492680761938
0.0007972396186209527
0.0010728878041459655
0.0019701981311531446
0.0016402708978834743
0.0017141194252378973
0.0021697885225909156
0.0015424174191777495
0.0010104564234617644
0.0009976909145802536
0.0008886958674662995
0.0013902689312987697
0.0026794776937927715
0.0023376913086306907
0.0010127106901769126
0.000988520785722331
0.0013689562124631503
0.0020523015202428036
0.0010753435220596248
0.0008206253171175445
0.0011500616757101666
0.0010294978655569827
0.0010021275276869373
0.005308380214907946
0.001748160332299123
0.001599272427700676
0.002168523504354994
0.0017378658614977968
0.0010748875880970822
0.0015742689460468853
0.0018968679335251933
0.0016394435424918717
0.0008101773832504079
0.0015427556140096505
0.0009664424891814233
0.0011551104580724665
0.001063284976719184
0.000915932594008837
0.002737677770703716
0.0010084236439137507
0.0019066047397989724
0.0005352840813557781
0.0015263486440495128
0.0004913665619126203
0.002413713050989719
0.0030006765390304456
0.0015565065518362005
0.0014253552068031951
0.0012218595973340983
0.0012576791996632816
0.0019096079991785227
0.0012779214115802803
0.0008194494500564223
0.0005659603027753957
0.001876216304271026
0.0011636247316340375
0.0017399232780200538
0.0015789806990855733
0.0013644870762299223
0.0021366101797148005
0.002419289326541512
0.002766980900469499
0.000497578022687501
0.0010500541801320323
0.0013959625426262585
0.0021889146042591593
0.0009649608521078247
0.0010595472180608065
0.0024185642772787015
0.0010055729310371974
0.0021714761953697172
0.0015236588663144436
0.002183714706064557
0.0010358185879457914
0.0016361645383814584
0.0023565504168847028
0.0012247255860395783
0.0008809294843135869
0.001096198601728902
0.0020523015202428036
0.001777404731921958
0.0010475801870811002
0.0010042100516792988
0.0029532183253109415
0.0010196438538707445
0.001113356736352488
0.0008975358216838228
0.0011331870901578553
0.0018837118395025644
0.0019002152729192257
0.0020447105585219712
0.0005000487654250095
0.001105225718293848
0.0015802994744732956
0.0016378684473428672
0.0008629889793619134
0.001887246297404467
0.0012424737528092835
0.0017483490952181246
0.0018828402050174607
0.0011214129870304468
0.0018209028815123264
0.0012351857429141804
0.0016947053858603802
0.0006533551552708032
0.0009811399408749591
0.0017585016362376992
0.0027834844372210486
0.0012301618218863873
0.0008048478318616277
0.0012518427033250017
0.002085541966492092
0.0020987734058282204
0.002766721477319875
0.0007117657234888077
0.0029541350825088675
0.0004728935835691918
0.0019128371203767055
0.0020829692357075508
0.0020258759745415654
0.001016902502798581
0.00242365009028795
0.002600638736643194
0.0016989382301287816
0.001278775623278124
0.00205321399026176
0.0017918816387178609
0.0021438353032533
0.001056313018009613
0.0038105203149221586
0.0011826813363285968
0.001307889267318057
0.0027857556219106345
0.0015796754520795374
0.0014321735182736405
0.0013514718680245567
0.0019289709124170377
0.0017818852691752632
0.001999129919658671
0.0019800499615874995
0.0014178392396589886
0.002756445144246266
0.0012486214629302452
0.002381988483636149
0.0020523015202428036
0.0010558827778420691
0.0017853098979037129
0.0024568316136347372
0.0012140638832922566
0.0012461447940140696
0.001876113435913551
0.0013451534175895877
0.001304758241138031
0.0011204020893608383
0.00139752084515867
0.0024182232021572325
0.0015805588082801417
0.0023649933790977754
0.002337401678333584
0.001046095780533655
0.0024218360333304223
0.0016779245176161957
0.00049412808164567
0.0011552497740736198
0.000619401113148355
0.0023871885596622212
0.002093635351250235
