0.000704113704262002
0.0014438350012300207
0.0015191339768639608
0.000685620985146688
0.001052652201697779
0.0008605317511811254
0.0013634014960224436
0.0013634014960224436
0.0014383079366632585
0.001083934975671091
0.0008185560568823576
0.0014387053824458163
0.0009095675332489361
0.0007247389146172653
0.0008553073392841933
0.0015752265076538798
0.001063860588948946
0.0013634014960224436
0.0008620522197888078
0.0013766946326660304
0.0014394182539005272
0.0007150522938356623
0.0014192207244238823
0.0014639687824905098
0.0015525156524870552
0.0010109533038507419
0.0007148762862870372
0.001285788368670023
0.0016328862283339115
0.0017902617794032316
0.0012585964002084186
0.0011322980167353467
0.0013047304823089567
0.0011253159140552948
0.0010094641954207062
0.0010421004964196946
0.0009011421112122481
0.0013006874848179738
0.0013634014960224436
0.0008302669636942139
0.0017026378022318115
0.0004091660345738742
0.0013874424395399142
0.0005169357383116033
0.0005151327431855687
0.0014294216845369507
0.0017319286555229185
0.0006733884816291998
0.0014033283516374567
0.0009530824081245121
0.0007247009330257158
0.0018876754748542513
0.0017463253706001777
0.001468416987931273
0.0013634014960224436
0.0013634014960224436
0.0013276233825853675
0.0011525729260137515
0.0017420172792927127
0.0013634014960224436
0.0012769669845021315
0.0009347796911556481
0.0016525419070131764
0.000714070188429073
0.0012171770081228009
0.0017403414185517081
0.0017332796748846008
0.0008235579608187445
0.0013634014960224436
0.001529534178960052
0.0014957731646553143
0.0014716782521533417
0.0009519760754848343
0.0014416758373084636
0.001673523459103383
0.0013499851446733672
0.0010214080083918878
0.000886416337600874
0.0013301393470211756
0.0004910184719085095
0.001212645792241759
0.0010631212862060575
0.0012127583195000481
0.0014297527477342446
0.0013634014960224436
0.0006854254357639238
0.0008228598027780506
0.0007687188324718788
0.0013634014960224436
0.0012163708000352124
0.0006474418555391288
0.0014377964752618406
0.0009328038269696195
0.0010421079485379953
0.0011907719155318422
0.0006803159896056991
0.0009552569640892142
0.0011289125721161352
0.0005151106536608631
0.0010437734241499931
0.0006526621883452989
0.00174115469135743
0.0012588959100678534
0.0012018501220221133
0.0014627944697029633
0.0006931790137975149
0.0007180741041731835
0.0009578160141249111
0.0014789072427771894
0.0006945930771455059
0.0015029352725227476
0.0009292041228714416
0.0015030184511398406
0.0016019570121359333
0.0010322181006439115
0.0005382837565972763
0.0013634014960224436
0.0014303419367055952
0.0013634014960224436
0.0011428242978425245
0.0008533987521233525
0.0013634014960224436
0.0008211081352365701
0.0008297075146680386
0.0014963291221346102
0.001439495994451026
0.0013262312685095531
0.0011188610668962276
0.0014713354675558986
0.0013634014960224436
0.001554891615626125
0.0008591972641078001
0.0005160245400254286
0.0013634014960224436
0.0015020700885515356
0.0008350799847728679
0.0005931264101052826
0.0015014778910834457
0.0016054856699452824
0.0013828256096793665
0.0014734077603558212
0.0011932792379818812
0.0006851553996790736
0.0018494184078723913
0.0013446928283657137
0.0013634014960224436
0.001300787375899894
0.0005527118538292127
0.0012759888331484116
0.0013634014960224436
0.0013634014960224436
0.001418977827286438
0.0009391294639011524
0.0013634014960224436
0.001487596390086313
0.0005165411658927469
0.0013283219128219094
0.0008818321618339153
0.0010017105346295085
0.0009459450840029366
0.0014337149835570559
0.001672164261844364
0.0007327926637974887
0.0008596749296069339
0.0014139776956862131
0.0008548840719569906
0.0013634014960224436
0.0009308507267555795
0.0011824967004696906
0.0011370618326133576
0.0010017916859484453
0.0015205384044096445
0.0005957748727555226
0.0008850374381375142
0.0007192216752023019
0.0012249758808470263
0.0013413269851560625
0.0012167829340411602
0.0006912415277060838
0.0015541281013523194
0.0011305197520820565
0.0009407510477083107
0.0013163128714335237
0.0009040304123320724
0.001396651204191038
0.0009534975167677889
0.001886876477324256
0.0017355842320324459
0.0014970609933810672
0.0009371379287265971
0.0014712103615553787
0.001425780646841954
0.0007236092151214238
0.0012175617804798203
0.0009392085554285237
0.0012133658199869257
0.000708555983656877
0.001178649250824666
0.0014647341265746595
0.0010644880324071615
0.001376183292413148
0.0009529022968835459
0.0009356783708613976
0.0010103084350329436
0.0007292467348097707
0.0008089657972889028
0.0009755791856087813
0.001520040614127237
0.0015674155335943852
0.0011878643208442408
0.000841244527350088
0.0016324406934887625
0.0011514256288144965
0.0031282200120278094
0.0020515357126447437
0.0014613549217657234
0.0013634014960224436
0.0006625349641731633
0.0017393706757572519
0.0016785862088153785
0.0020547774399865635
0.0008083472904344325
0.0008035337621492283
0.0007557260922823855
0.0013726091086102554
0.001735221381146991
0.0006880833668667656
0.0013750908331728092
0.0012357622127655747
0.000990017912523691
0.0010084321375997457
0.0014976170880543053
0.0018167418542312385
0.0016754491875783182
0.0012691665565034926
0.0005541486019401545
0.0007297820425907275
0.0006032992076322769
0.001503349764219587
0.0012345010190515577
0.0007380038972472345
0.0006321378493565478
0.0031576423782434877
0.0013634014960224436
0.0020505843352465166
0.0013027810436528051
0.0010223627129908636
0.0017320542466923927
0.0013634014960224436
0.0016385841492925384
0.000724481386716064
0.0007792964789184204
0.0008627430296189495
0.0007241762213833549
0.0006519620314423985
0.0015019281145014001
0.00046274746367577405
0.0019396213374916085
0.0018497175807928507
0.001851914539246894
0.0014293555574592656
0.0011477822789186939
0.0014158533707243702
0.0007213837419593956
0.0011309030144178354
0.0008773848356579253
0.0018871561878634738
0.0014066834151648885
0.0008077725814657001
0.0012242512993018485
0.0017469343553927392
0.0015240730859164243
0.001040513450801499
0.0008166120012878012
0.0012028511665200185
0.0008231579557938193
0.0006937050468483015
0.001571932117074523
0.003158939687277208
0.0012323507269313256
0.0012134055439520387
0.001410247170774148
0.0007301100107870024
0.0013426836735812488
0.0008239248378089142
0.0014538269636227468
0.0011313992206575725
0.0031585327872949297
0.0013634014960224436
0.001311084937429257
0.0006503122032570708
0.0008527692900494359
0.001408939776614361
0.0008633396808649911
0.001313035825613134
0.0008533271223477956
0.0007700422484063304
0.0009561008628972718
0.001468749399580011
0.00040051826498883674
0.0016829164829425009
0.0006985637994591689
0.0003997080315655095
0.0006497174940236508
0.001467718962484391
0.0006902975704644328
0.0004898564926345185
0.0013000965007329357
0.0013634014960224436
0.0017368424058812075
0.0013490695560424738
0.001497444648104755
0.0009094940262728153
0.0011053646371666532
0.0009765079048690956
0.0015191096967605835
0.00058810243323673
0.0012074740459165516
0.0014167282401770156
0.0013634014960224436
0.0009304069003775761
0.0008105067282957966
0.0017373639512364156
0.0007317020065983666
0.0011058675787961206
0.0013028313976405311
0.001158931145596482
0.0014485229747731425
0.0013912922617547309
0.001500917136814174
0.0010644880324071615
0.0005427253047616088
0.0014206831544186583
0.0007441653070342036
0.0008446333755640793
0.0008470539604962222
0.0013131573092990578
0.0010370784977800924
0.0018487654712767388
0.0013262858223472922
0.0010432631298587613
0.0007756067027260102
0.0007162882925272684
0.0013634014960224436
0.0010801952519624652
0.0008235128728951856
0.0013634014960224436
0.0012421113174355808
0.0009505929282392238
0.0011491474378760686
0.0014540025709517345
0.0019880912253115255
0.0005174210603239768
0.0012791350891215862
0.0017388175021467638
0.0013811019807104176
0.0007314250376439134
0.0007247438924438287
0.0014686651007997445
0.0009182474498336263
0.0009345437169114403
0.0008797917369534274
0.0008788133387613287
0.0012704310359144212
0.0014304148962185834
0.0008635708661084134
0.0015045245263799602
0.0014056712454461099
0.0006409979235715104
0.0008532742328883196
0.0010955140941937042
0.0007017073269158327
0.0013634014960224436
0.001190013202041252
0.0010909384109767453
0.0013249565928247725
0.0013634014960224436
0.0014032553564039445
0.0006734944642852235
0.0014882322508126293
0.001321298256499597
0.0010145474487199858
0.0014701354352047143
0.0014629490812929932
0.0013558987197171868
0.001471864981727539
0.0014323007318420395
0.0018428059323584932
0.0006947522113163017
0.0008191201948317873
0.0008440094894333616
0.0009871638758006042
0.0013634014960224436
0.001679455376004901
0.001271046804963973
0.0007252129880897718
0.0012117110561387311
0.00150238173138744
0.0009173826158154406
0.0015022928403281993
0.0006819094598985813
0.0015235970743377582
0.0012121539424335855
0.0014341250672749975
0.0015720933047995561
0.000585423296086395
0.00040160065326726364
0.0018441306016205472
0.0013634014960224436
0.00039996759302173826
0.0008341594208523456
0.0013634014960224436
0.0011773857618891691
0.0010080342014378504
0.0016986993859620123
0.0011188610668962276
0.000730228596732979
0.0009042789190705141
0.0006755962487010191
0.0009877822967901933
0.0014984709102018527
0.0008056835506637794
0.001039745956054461
0.0013634014960224436
0.0007180741041731835
0.0009365906689804132
0.0008462797011686878
0.000721854811680325
0.0010515320481222037
0.0011896835679744988
0.0013468801392296816
0.0010188344059597664
0.0013634014960224436
0.0005655821005700064
0.001043526075354402
0.0012445858394301331
0.0008013798301966473
0.0006946111284720885
0.0007799895541517956
0.0013634014960224436
0.0031569084679805262
0.001193618091734247
0.0014714204990973565
0.001180697965232028
0.0012132722516566049
0.001573667651338516
0.0013634014960224436
0.0014683378333661071
0.0009371803732387254
0.0013634014960224436
0.0007058273559485532
0.0008044990718696315
0.0013017826751039172
0.0013634014960224436
0.0018501132938561953
0.001329261140626799
0.0008280405246354984
0.0013634014960224436
0.0009768521383837043
0.0014649667848645172
0.0013007446404215519
0.0009003000674384706
0.0013300632615694614
0.001314560752911024
0.0016733435373883537
0.001152741359835683
0.0004225904602645944
0.0007337209339710625
0.0022349216009673843
0.0015525914334739543
0.0013634014960224436
0.000772333954554573
0.0014392188355746604
0.0009104478854745448
0.0006345714166069337
0.0015395576241071871
0.0013401109120542137
0.0007760634352485598
0.0013574441165217928
0.001524005799195315
0.0011311490612710394
0.0007251321625343463
0.0010431906982251255
0.0013634014960224436
0.0016304149392424407
0.0007303424534702177
0.0014038557399328295
0.0007790043411484146
0.001227884733676292
0.0008542881504781469
0.0006501805895987767
0.003131421782124023
0.0017347147429485907
0.0015228204731920214
0.0014407251775038726
0.0008461602431133673
0.0006965796680172548
0.0006957703884551213
0.001007393270625334
0.0010110250590013195
0.0007284408042623965
0.0014974446248258988
0.0013984921773031163
0.0007687856124449149
0.0011368805156113822
0.0011788360114620949
0.0015717059494621698
0.0013634014960224436
0.0011524799123886547
0.0011640375586588587
0.0007081236108962641
0.001574054632829723
0.0007150111273956221
0.0011583004841983738
0.0006882282650823059
0.0013634014960224436
0.0009067843241283725
0.0009030074213478626
0.001047518199875122
0.002049104215099014
0.0011516413201536
0.0009294316462773595
0.0013634014960224436
0.0008649208850167989
0.0014968209337225087
0.0010721642013272986
0.0005977858619517356
0.0007989687245879398
0.0015201930463225836
0.0011914115143485515
0.0015584477763814092
0.001574651655021793
0.0013634014960224436
0.0013634014960224436
0.001738289215736642
0.0007165791890953519
0.001047261255971815
0.001372597834603975
0.00184996936592931
0.0011487846515427947
0.0012133211838997735
0.000774105547275489
0.0014680481876821042
0.0007228574261267926
0.0007054337998610522
0.00040048919875183456
0.0011927871619629902
0.0008361547583057333
0.0006736327615087858
0.0015045088966502205
0.0005968871075025996
0.0005432370901876362
0.001463476758793046
0.0008277884902104872
0.0008908354228614765
0.0017551313640897237
0.0014311116399902517
0.0014668078216312592
0.0014572188786772407
0.0008960673747602097
0.0009267997965264992
0.0014073724703594723
0.001738195641440938
0.0009909885008522008
0.001167119081593458
0.0010446173743734438
0.0005518833883767163
0.001328587403414692
0.0005529930445603324
0.0012337568272366396
0.001301075763184861
0.0010253411815898674
0.0012063718040753034
0.0014501034384319825
0.0007243667080796115
0.0007442746376514436
0.0010959014350745663
0.0014974297893223674
0.0010204688941296183
0.0007431886927952043
0.0006903614697289284
0.0013634014960224436
0.001678317854744795
0.0014303835457629647
0.0009379802436021757
0.0013427494485214304
0.0007084060677087782
0.0013634014960224436
0.0013634014960224436
0.0012359942921304043
0.0013165600978343015
0.0009361025100206218
0.0007244403004069371
0.0014750102859552895
0.001435755486503018
0.0012023388964458352
0.0020515357126447437
0.0008425388349526739
0.0011917073624203131
0.0014306691071106247
0.0008628876181118873
0.0010887280947941354
0.0008550205334535381
0.0011923467288721032
0.0010666901161678875
0.000682666912582637
0.0014863750946132038
0.0018510208183832872
0.001234844767764404
0.0009670701238231469
0.0007494525910493063
0.0005824973243137464
0.0005185083825533766
0.0013270978690400987
0.0012339636272382893
0.0013013323143569167
0.001440483506261144
0.0008848144397609989
0.001046635836923332
0.0008338187224298252
0.0009370571299427058
0.0009087782670271313
0.0009467498695547385
0.0012333176531527023
0.0013634014960224436
0.0008628451187137989
0.001521205193929753
0.00084471921600118
0.0013634014960224436
0.0006361948715799071
0.0015534821731587516
0.0013795749871679227
0.0015253136904674934
0.0011637018447847966
0.001018750824052113
0.001432504118568308
0.0013634014960224436
0.0014685547969747056
0.0007637514544004548
0.0014334295744768816
0.001195917312303586
0.0019396213374916088
0.0017404608423986449
0.0014998851416856147
0.0020557000575700413
0.0013634014960224436
0.000641622709406941
0.0006064349845707765
0.0006488421913978071
0.0008435509764897128
0.0013634014960224436
0.0007391639533028137
0.0009735604726373295
0.0014386371525677794
0.0005163770056714863
0.0013634014960224436
0.001204022272623514
0.0004751703486595511
0.001477969308641929
0.0011419934038247597
0.0005154512138412327
0.0015201930463225836
0.000933487619205482
0.0008065881115978634
0.0011439018114324335
0.0013634014960224436
0.0007241276763775737
0.001672164261844364
0.0013634014960224436
0.0014754366929898913
0.0010109627686882945
0.0010452600437954223
0.001401347242234003
0.0012099194869025125
0.00048458791708496106
0.000718255219594815
0.0012283724372250883
0.0008543239847976058
0.0017345968145305885
0.0014649695773397073
0.0014670071083688406
0.0014298456472801907
0.001402964460999489
0.0014626405891641652
0.0015700701778894345
0.0010889591064871568
0.0011784957755100521
0.0011316864622091176
0.000694882986456016
0.0017476836905496668
0.0010436337858905705
0.0005483756585523232
0.0019022847841345784
0.0006901810752478974
0.0007074753512375003
0.0017034783155907636
0.0010413298941180673
0.0008196963754786771
0.001440357211876561
0.0015711561387022717
0.0008578495249221906
0.0009173582098122768
0.0005152965433064006
0.0007672652674258913
0.0012253515992204037
0.0004916667959334306
0.0014883546430119693
0.0011306173160163056
0.00200872440972866
0.0019480375143833414
0.0017314215519897208
0.000697856534547996
0.0007246428932545375
0.0006928127794379618
0.0008837440615241895
0.0014518813129539736
0.0012183650141739878
0.0007782549610964146
0.0012634816986263227
0.0005148493487965169
0.0007065560857425319
0.0017369105987870307
0.0009339698933588607
0.0013179823123988228
0.0008472089096915133
0.000679021773801429
0.0006464197743876506
0.0018477604903042138
0.0012119186809243186
0.0009258631674208097
0.001313583235270953
0.0014968873705020658
0.0014294623480729342
0.0006709973628102484
0.0014377909387038332
0.0014638764005876527
0.00140061096038895
0.0013634014960224436
0.0004882536714995979
0.001565267863507137
0.0013828256096793665
0.0013634014960224436
0.0007978618316941806
0.0007240245437128844
0.0007579896398995434
0.001527061863119382
0.0013634014960224436
0.0012053468286369713
0.0013634014960224436
0.000689999129294376
0.0016723914956001766
0.0014795280650174395
0.0016716861449203306
0.0011318483357805433
0.0007870548199543342
0.0017339487919817305
0.0018518783908351006
0.0016515026674824105
0.0013324401220403338
0.001478678128971983
0.0011949773038302254
0.0008556900828410356
0.0006935597621783252
0.0007135127911976337
0.0015731254914145372
0.0013915946395720439
0.0011663517274292455
0.0010450773081095313
0.0013634014960224436
0.001176601702830621
0.0010119542851054998
0.0010152125609766136
0.0013634014960224436
0.0008098954093152296
0.001129849472517694
0.0015907702313110751
0.0020477593042468904
0.0014030080013191695
0.0014106618520282705
0.0014669574385045424
0.0009497467004970496
0.0011569623900554728
0.0009150362382354338
0.0007990093348910579
0.001675297365711964
0.0011538553413560598
0.0013634014960224436
0.0018500162859263608
0.0004548096679756981
0.0005958379795259627
0.0007075684028838286
0.0007935508279666655
0.0014726723435591197
0.0007264703833047815
0.0013634014960224436
0.0014386230984586687
0.0015015855202035915
0.0009428096929739848
0.0011430185526553093
0.0013256199446964115
0.001425239261506539
0.0007696498282790824
0.0008204181545628536
0.0013312362814392829
0.0005149222419842659
0.0014772240149748845
0.0009678497558029264
0.0013935111495747923
0.0016475557889838548
0.0007147236138140749
0.0017377643385171654
0.0008700713653831345
0.0007355944634650493
0.0015046425529362218
0.001319239630472016
0.0012143642479078137
0.0012333134848916678
0.0011864812494012454
0.0013634014960224436
0.001209486507486172
0.0016385841492925384
0.0007294633540771285
0.0006207401455344094
0.0017948053490477447
0.0008597479277126402
0.0013634014960224436
0.0006893647933663874
0.0014966804070591828
0.0010513593224356053
0.0007650487740511396
0.001313813552286762
0.0011101497003993227
0.0007490624316294059
0.0005692462921934335
0.0013634014960224436
0.001479121802956892
0.0013124946042112472
0.001519695621249924
0.0010437734241499931
0.0009329387796183351
0.001214491157691706
0.0013634014960224436
0.000696510394584167
0.002286116943659511
0.0008194156997769506
0.0006471797014814378
0.0015324285644949072
0.0010611870109025273
0.0012334137952776376
0.0010596831430096587
0.0013570465992473457
0.0010206150732938286
0.0008550893736351298
0.0008045789954964532
0.0007738037565645864
0.0005973983813381805
0.0008601388080371896
0.001407539585261463
0.0011935491255117728
0.0013622784620604146
0.0008286759813313924
0.0009524280817881631
0.00160342272606939
0.001253502283348531
0.0007001397296797352
0.0009332116377715689
0.0013634014960224436
0.0013634014960224436
0.0004008384516055333
0.001486321246673975
0.0005794993589376521
0.0010236687500238797
0.0008001004325942557
0.0011092027496341125
0.0013634014960224436
0.0015022726150682824
0.0013750254626450275
0.0012060064409182025
0.0014966932706930406
0.0009509144734914246
0.001572573313392508
0.0013940820854961122
0.0015207026773345616
0.0016635144977348254
0.0005442549711773688
0.001019570186772755
0.0006965103945841669
0.001359901859670748
0.0006683561110350872
0.0006533230945831498
0.00042334740067664065
0.0013634014960224436
0.0006985342935487092
0.0006501805895987767
0.0012322711386287997
0.0012128086813719293
0.0013759491202467876
0.0009298841196070236
0.0014330338668134756
0.0011990590549582419
0.0017116559859894085
0.0013634014960224436
0.0011886955543347155
0.0010488730518975154
0.0016769097805795622
0.0014768172926627316
0.0014300160207300432
0.000712792587135405
0.0013634014960224436
0.0012107962465550304
0.0014692095259108617
0.0006566827839614883
0.0007312156443339546
0.0012915394553644549
0.0009044784362055281
0.0008237519807607792
0.0008889717708376877
0.0009570903985945469
0.001264533586721976
0.0008118593964333122
0.0013634014960224436
0.0031567830176560596
0.0005563279363433051
0.0008614408650953265
0.0007064877520534585
0.0009324164478977935
0.001341061583649989
0.0007292467348097707
0.0014768025500722741
0.0016975230658337675
0.0017417033689674042
0.001393756914837889
0.0014968277564446507
0.0013400044601296539
0.001429172852561114
0.00045404698343329817
0.0013634014960224436
0.0014291977243822303
0.0007492639064131941
0.0011792102577244613
0.0011950209654355954
0.0014334470443883977
0.0015039281980775959
0.0013325584156654421
0.002049953744619148
0.0014395080737294025
0.0007147936945208787
0.0008347798880286094
0.00164287686060863
0.0008524623817415892
0.001495051309165558
0.0005835949088067935
0.0012122855447574748
0.0011651837022573794
0.0014901664235790603
0.000590802139852507
0.001506047369477751
0.001429999019302548
0.0015733272542031967
0.0013634014960224436
0.0014375673260025104
0.0013634014960224436
0.0006793023439630861
0.0014612739793939107
0.0014624974414433646
0.0013634014960224436
0.0013367561657989602
0.001813511375442244
0.001502024928659042
0.0013634014960224436
0.0013997453023111602
0.001193618091734247
0.0015543444386044328
0.0015518879314015918
0.0007379225316039943
0.0013634014960224436
0.0015703936521766731
0.0007840406426966064
0.001215081752104607
0.0017323401703929538
0.0013634014960224436
0.0012163329610522784
0.0010299755344452938
0.0015593916813031695
0.0016734032121651264
0.0010984015905742216
0.0014603180430716248
0.0009192052930651991
0.0013634014960224436
0.0008820675612126633
0.00047641664511959925
0.001399226606895527
0.0013689230894984162
0.000974843494273427
0.0008292732214637724
0.0007081236108962641
0.0012697469879694957
0.000911860624618624
0.0009325553457188281
0.0009460340979351924
