0.0008589244946191685
0.00144417572153315
0.0012054285757796997
0.000817368291072098
0.0008246832012504346
0.0006898136686240388
0.0008282051601445436
0.0008526578938256532
0.0011812304755846109
0.0008004984431751824
0.0013459514852475485
0.001442993730525264
0.0009989490501996622
0.0007406771640772966
0.0014170919560622737
0.0014731536749511955
0.0009744841702699245
0.0008007865924288682
0.0009751317180128153
0.0014729577003614314
0.0013179823123988228
0.0012333456040648683
0.0014738080843488737
0.0014690469170722583
0.0018444774482808267
0.0013532814282642021
0.0003984359859556743
0.0006297605219381013
0.001303737805019852
0.0013634014960224436
0.0014305923125283407
0.0011800866049402451
0.001174779726118631
0.0014187210847918577
0.0011015875177847814
0.0011913908315286227
0.0014726723435591197
0.000977146483202358
0.001555710322942501
0.0014707193609813918
0.0014687630966727044
0.0009108166704945193
0.0007931553252102403
0.0007095210949686984
0.0009155382722656944
0.0007081236108962641
0.0007940066484766366
0.0009533892317517564
0.000688656912398777
0.0015022424822234062
0.0012032881616489707
0.0010889591064871568
0.0006399247245517329
0.0004444416146260876
0.0014072426001610291
0.0013682071117679965
0.0014984709102018527
0.0005931781529347203
0.0012094858356711353
0.0013634014960224436
0.0014710383398660312
0.0014690046679341922
0.0014334503076555796
0.001946157958161252
0.0018776843373170175
0.0012166123182246514
0.0013474349649576947
0.0008236854271983176
0.0008921884406986573
0.0013072543746078808
0.0013634014960224436
0.0016669824771110861
0.0014751159646819666
0.0009571109618833314
0.001231412123796372
0.0008255977878693701
0.0012590539264726365
0.0017357973351357755
0.0010256896818185523
0.0016428400773107735
0.001093136373327332
0.00038863433638505247
0.0013682071117679965
0.0007456505133860302
0.0007170061584117889
0.0014885573428790372
0.001213288543579247
0.0007257140584525384
0.0015743260806795677
0.0014378669227553575
0.0004575510502874994
0.0010638443272818826
0.0008623002433312692
0.0014705778780238236
0.0011917151240925968
0.0017062963794099984
0.001035467325988604
0.000852746584250219
0.001307280350428645
0.0004404104620479859
0.0016624999800494
0.0016740235674026916
0.0014374557603698682
0.0014676875476541716
0.001460585715931368
0.0013043294286131078
0.0010408724376815511
0.0008522986338117633
0.0009322629903597954
0.0007308799203442385
0.0018538102017214438
0.0015210066204453605
0.0014072426001610291
0.0007442564009209945
0.0015543043008239838
0.0009075150172766585
0.0009159481523231069
0.0005860756157668588
0.0007350635650815455
0.0007260718378426042
0.0031580656382338324
0.0006901613545671334
0.0013634014960224436
0.0017116559859894085
0.0015028733712200222
0.0005418356488092582
0.0017253607428170887
0.0011786077261455078
0.0005830627743693168
0.0013229477355066492
0.0008030042020406231
0.0007150379778297309
0.0014440314259571692
0.00047945266550669934
0.000697740955556626
0.001639065523250942
0.0014311659868263197
0.0012343700582640997
0.0007298855492835708
0.0008551234646430311
0.0009356783708613976
0.0014720982205415783
0.0015655226690030998
0.00147447867141241
0.0014706668007266079
0.0007167805970966849
0.001471684287946723
0.0006965796680172548
0.0013467479801848247
0.0006893647933663874
0.0014970144905620127
0.0011970037079034963
0.0007471060353134592
0.002049878033653096
0.0022564847171456493
0.0015029080285685471
0.0010188497662442604
0.0007382651001242446
0.0009028818493369802
0.0008275609453920731
0.0007223335950041896
0.0015630162340874445
0.0017420849822301315
0.0008532391140735003
0.0015563840071740457
0.0014711741943398892
0.0008231662856317204
0.0014794401561257498
0.0014093666161397495
0.0008194807270358522
0.0011817044629693343
0.0005514507382042041
0.001039745956054461
0.001884423638869216
0.0015511191595072328
0.0013634014960224436
0.0015233454926034892
0.0015674904947557198
0.001609566609643777
0.0006880833668667656
0.0008027429316175841
0.0015011835398371094
0.0012014368278843827
0.000706489197510288
0.0007493394451121637
0.0014414762581732308
0.0005235296780540957
0.0017324631517779917
0.0011786564087482687
0.0007052735251667896
0.0006836407340808436
0.0009126870294564096
0.0009121668857375851
0.0014293539526113418
0.001543220113487309
0.0008468549722322244
0.002287828598802633
0.0008863769090577265
0.0010926071196054148
0.0012128923324712616
0.0006911708854080753
0.0008247004330503783
0.000936815497993227
0.0006953065732680483
0.0012653363587325859
0.0014302341587740864
0.0013634014960224436
0.0007615402786433827
0.001462407306120514
0.0013634014960224436
0.0009074888943627316
0.0017338787460109554
0.001978745868581541
0.0013634014960224436
0.0008202334953611581
0.001671947496238803
0.0007353958014731403
0.0014309851462799747
0.0014417030597460073
0.0006766784087678429
0.0017310352588309284
0.0006912415277060838
0.0009179026732681091
0.0006997568160964898
0.0009069723667070065
0.001040523127118605
0.0013634014960224436
0.002024848926568558
0.001618174383184253
0.0010477662165019322
0.000661032152560855
0.0017480821464779647
0.000825707093426228
0.0016317383862040533
0.0008674093082926069
0.0013736175938179609
0.0014689095638800807
0.0018122610946311592
0.0015753094201291615
0.0008536310125977305
0.0010941449313565828
0.001265975861187516
0.0010071840582340083
0.0014300068472578571
0.001526528387522251
0.0014998066093580736
0.0007668944296255243
0.0013438352173920306
0.0006986915207212543
0.0009297282773452083
0.0006980068657771292
0.0014291131286048298
0.0011565067865468236
0.0007243307655397553
0.0006520044460113028
0.0013530358078693
0.0009504166116281128
0.0007439358139209832
0.0014684253148646738
0.0009991942271272863
0.0005149799827201737
0.0007490624316294059
0.0008056787700798
0.001090507679127823
0.0018577155682750303
0.001149015432077884
0.0017420172792927127
0.0013634014960224436
0.0007124403497745427
0.0011933265859387077
0.0007076546441308025
0.0010370784977800924
0.0008782029526573883
0.0013145051372341681
0.001849732330097783
0.0009516198880718373
0.0011221522576322339
0.0013530398032604296
0.0014700679973961572
0.0008255907643677333
0.001225636719594694
0.0014923482715011895
0.0010825028569235132
0.0017385849917215762
0.0013998067679507618
0.0011668384207546075
0.0014440314259571692
0.0013261184751229024
0.0008078097707258432
0.0014947575144250915
0.0014798841561241996
0.0010774153344688992
0.0011552440823228598
0.003164668553523332
0.0006964119844872594
0.0009292726102736872
0.0013124163446631937
0.0013936358643547233
0.0013634014960224436
0.0013002377937290828
0.0011688933110633147
0.0007713492478702164
0.0016062880684146051
0.0009505351404994933
0.0005402597071471123
0.0012054106200064696
0.0012346568690350924
0.0009206829237439515
0.0013634014960224436
0.00039469864221102565
0.0008194807270358522
0.0013022221942730324
0.0006249550981238976
0.0013245589023375543
0.0014132156107208146
0.0006319231886586098
0.0011105104243914307
0.0013407533060876763
0.0013294888592563024
0.0020498043455160694
0.0012330537524558344
0.0007237579192379392
0.0015238318027049641
0.0008590371908102491
0.0007270544328243326
0.001503411107455001
0.001242232238798435
0.0012670487063728324
0.001403994898040309
0.001471528985681636
0.001520750196904894
0.0007256914333138114
0.0013217244354476547
0.001555416912298226
0.0009516246085124196
0.0011920365770562449
0.0013250839613594472
0.0009754461654048048
0.0011306565462052595
0.0016409803924703817
0.0014612526331620654
0.001212619636218773
0.0010477662165019322
0.0006879762253924301
0.0013043294286131078
0.0012330230341609488
0.0006091551190799601
0.0009658980722742563
0.0015694922613717268
0.0015021592109792235
0.0011667795525000836
0.0014961370397651155
0.0011318483357805433
0.0006805878034803459
0.0009783947516329033
0.001484868977990152
0.001277392731114387
0.0016966419146011245
0.001021721917304326
0.0006221156808324852
0.0008519570464736467
0.0017404858359835024
0.0014641946448293764
0.0006125214953514131
0.0007263905694473203
0.0014051473063780638
0.001576594642596929
0.0014593869447804787
0.0008597479277126402
0.0006371036961966032
0.001193728808247152
0.0014376404205553527
0.0010840400757430341
0.0011614640352787743
0.0009528902697955972
0.001328758256193761
0.0011067241288660215
0.0012127814294422114
0.0017421627694074776
0.0014901077696408912
0.0013634014960224436
0.0007920519563407248
0.0007845286992570827
0.0010396524232651177
0.0007482870786201911
0.0013634014960224436
0.001192598178275457
0.0016986993859620123
0.0009565046982966389
0.0013747351380030454
0.0016515026674824105
0.0013115766229351582
0.0014390596897362
0.0007743438539400276
0.0014009359742254044
0.0013941755497970112
0.0007790847728223873
0.0005209279197037152
0.0011571228757975933
0.001565267863507137
0.0011926479501166353
0.0007814673371608302
0.000743840687101175
0.0015724725866011725
0.001129004376880992
0.0013272492083821767
0.0031572287607590163
0.0020481390273518504
0.0007234681722328335
0.0004888438792804079
0.0007350635650815455
0.0004394842667663525
0.0007414294192112042
0.0010202541952768723
0.0010833069412106969
0.0014685756563662656
0.0008340381825662755
0.0013015842516564164
0.0014003695515548715
0.000908528696993338
0.0010446874553189486
0.0015064079204406499
0.0012125765234744345
0.0010263205284375917
0.0017339487919817305
0.0015769312596700161
0.001235024608723116
0.0015014806724950361
0.0014333066211345744
0.0010299755344452938
0.0014602408669936587
0.000853517121297464
0.0017362386381221792
0.0014987788865845812
0.0018891540394447973
0.0014965714331568456
0.0014381726437414845
0.0012104037450582114
0.0007038140890225776
0.0004049865652308456
0.0014287823205146482
0.0014299184079334074
0.001392212057913707
0.0010125567675685555
0.0008561049039061274
0.0007854183046695676
0.0008935627864569048
0.0009877822967901933
0.0013828256096793665
0.0014375160859013438
0.0008560321483018922
0.0009360297496261717
0.0010987460397094174
0.0014776622582334403
0.0010268948085612893
0.0007434323328443813
0.0018503195012244014
0.0007703387545049502
0.0007253568544110354
0.0009751105103767795
0.00045852097171917796
0.0006685427988683696
0.001554015633192922
0.0013878354250278124
0.0005860756157668588
0.0014960396964171809
0.0009370571299427058
0.0007443223619265815
0.0011572182342047274
0.00142906249139763
0.0013634014960224436
0.001571295122869977
0.0004597671703363133
0.0012145910319667306
0.0008502469718196632
0.0007163138591147079
0.0013634014960224436
0.0013956654748488936
0.0010190045328972031
0.0014780032235761017
0.0006234641897478203
0.0011830762888984496
0.0014297734366132207
0.0014295576891776764
0.0012346167060465526
0.0008591820841957905
0.0005770174084914937
0.0011929376020447604
0.001374699347999837
0.0014120903154790298
0.00167440903883082
0.0011604643209239117
0.0012133211838997735
0.0014166103603256996
0.002054643126971918
0.0009569827398918427
0.0013634014960224436
0.0016436285537864473
0.0012440438155608899
0.000922793509620557
0.001729693522398791
0.0008965437308357145
0.00048770280133295226
0.001468753389560227
0.0009198776025203349
0.0009747716004534977
0.0007308537035639308
0.0007964721721453867
0.0006840361154113448
0.0015713624025181254
0.0013634014960224436
0.0013934224667300605
0.0015191250326352184
0.0010436381531735187
0.0013267219815317878
0.0013634014960224436
0.0006755466644688255
0.0007791581475976828
0.0008130510446164535
0.0011362756512306106
0.0009516230716788689
0.001503368799091792
0.0005148475644619139
0.0005432370901876362
0.0013634014960224436
0.001312081308082551
0.0014959988153598728
0.001042801171542261
0.0013969087466285432
0.0014685547969747056
0.0020515297528836216
0.0011275184080209227
0.0007555698351782175
0.0013203182699340526
0.0008547334327959553
0.0014857006560468422
0.0015227434323303263
0.0009416157733394871
0.0017881663316325
0.00085412264372891
0.0014958019119687418
0.0014297581207244202
0.0009512761414302779
0.0014339715806655998
0.0008470923829313727
0.0015018221390433102
0.000598409466421389
0.0009095530676513539
0.0019172233551915812
0.0018549340344189273
0.0013853410593251355
0.0009745451220701742
0.0006662824132100836
0.00167251357901743
0.0019471309013162942
0.000952273361388188
0.0016718773011898634
0.0008317792864827451
0.0009531823103238423
0.00085609391499855
0.0007434664565936913
0.0012126834935239459
0.0012576031330303469
0.0007986603448367521
0.0007093300397761705
0.0007213318447946131
0.0015114589198145208
0.0011906228028429626
0.0014636749727012252
0.0005417014469650429
0.0018500162859263608
0.0020580145516806685
0.0014467458675680922
0.0014131827701741285
0.0011642795829056407
0.0016976992380747797
0.0014901650421035267
0.0015705319285469466
0.0008438709965296278
0.0011898465124382533
0.0007232956117488891
0.0009527802104555343
0.001496525980771481
0.001052652201697779
0.0022873813731017598
0.0008476184629526916
0.0011868516681318884
0.0007390843393132358
0.001022670914187114
0.0013450309240310443
0.002286283457164736
0.0007103267985053231
0.0008473756406334566
0.0015020330404782946
0.0008850374381375141
0.0015220922554571546
0.0011667795525000836
0.0008492856991881729
0.0013001746490946535
0.001438568823330934
0.0013172841939796405
0.0011591693438662378
0.0013948789598386942
0.0007061179739205834
0.0009307359880086816
0.0007434332388360376
0.0012358089958174028
0.0013634014960224436
0.0015630757966463976
0.001525879520427685
0.0007843382675070937
0.0012173126809579017
0.0014408709054817854
0.0011637310391014943
0.0013743236195726386
0.0006178391088168222
0.0012854040314607485
0.0010161247006116858
0.0014333089840361274
0.0015025901973424892
0.0017062706743229774
0.001552768579160111
0.0012344590416348755
0.0013634014960224436
0.0011487890999686329
0.001020207177412065
0.0007674989085825059
0.0012096038920394233
0.0008285492061827288
0.0015051087400746671
0.000660936802147044
0.0012076213348859001
0.0012158382344991403
0.0014297281246763993
0.001462263503972887
0.0008539853175022492
0.0014705322434510003
0.0014686383918252886
0.0010316279573982009
0.0016316147548255534
0.0004884005170630935
0.0006573116188368155
0.0015674466522052261
0.0008295757323983846
0.0015548518238055393
0.001561495647796899
0.000843795124619441
0.000661636875862343
0.001064986148972045
0.0013182681125837926
0.001506879436809025
0.0013012439708464908
0.0015260505852226634
0.0006591504712405887
0.0012356245831604423
0.0009755660418215831
0.001471229025252597
0.0007448497194724357
0.0008100161137156953
0.0009523520361404417
0.0015042464954001036
0.0014330264619804728
0.000785488516691784
0.0010138727351265931
0.0008341774271484659
0.0015722292012466928
0.0007264703833047815
0.0006960528466630355
0.0011538553413560598
0.00166345341771799
0.0010204017584150833
0.0007292744503582862
0.0014026297592474638
0.0012045548031432494
0.0015640535808590908
0.0013443819295204744
0.0020507453628137605
0.0013128564089093687
0.0011925043862286758
0.0012138667946567999
0.001735902286174423
0.0010974780000435232
0.001205622345566255
0.0012266394750364443
0.0014843602271174287
0.0015732785485374197
0.0008014251018779521
0.0018113774453824864
0.0013184409648184163
0.0014683976934486548
0.001228024530632759
0.0007412486801759138
0.000693885261837878
0.0013634014960224436
0.000714036082860853
0.0008252679169345956
0.000720687848427471
0.0006727590073948309
0.0008557738734253442
0.0009450926512883837
0.0009742618840370697
0.0007452201470479696
0.001132546090620565
0.0013634014960224436
0.0011101497003993227
0.0014395392766179778
0.0007973623686854332
0.0012005612184095005
0.0013404087732783716
0.0018880877135687077
0.0009328038269696195
0.0008216806016454597
0.0007296050285398347
0.0014640699102129108
0.0031586846457604314
0.0012224346807956337
0.0006023219509998157
0.0009303379988170822
0.0007290628829191806
0.0009073699483443344
0.0013128564089093687
0.00045594753247252365
0.0016980202975909575
0.0016747056677867225
0.0013634014960224436
0.0015198429347896834
0.0014969213025912557
0.0009361025100206218
0.0011106694282352258
0.0008747061317094005
0.0015233792999261191
0.0008022497744994801
0.0015306665922809376
0.0007354005626214456
0.0009438368188536225
0.0016954191897397947
0.0014606471936298
0.0007207528875759567
0.000811704324431895
0.0014343896004655305
0.0006345372223577083
0.0007471060353134592
0.0002579041203235411
0.0014716569674770004
0.0008551444232868539
0.0008764833666055142
0.0013128900124754154
0.0013634014960224436
0.0008636983574118761
0.00045640135225313725
0.001192324268895506
0.0014294799747982688
0.001333105539574202
0.0011409340666415026
0.0013634014960224436
0.0005800097901658581
0.0007254732364769396
0.0014555119143613738
0.0008539418128197937
0.0009578728519615843
0.0014393743415869243
0.0009337284171309591
0.0012145918043404724
0.0014960072980297748
0.0008262928499881508
0.001497003132787528
0.0012880290087869631
0.0011540543259563006
0.0006234641897478203
0.0008868164092123132
0.0007982156016770351
0.000707503353774131
0.000646721317942976
0.0013853191325715703
0.00040250996101435176
0.0013634014960224436
0.000737985567056191
0.0006665726335983786
0.001007298422693917
0.00104940979611589
0.0007333431622554413
0.001473266804721438
0.0015255860125500827
0.0015021195261929726
0.0010208764705156924
0.0014054223933726764
0.0006929490595256517
0.0005139214464549149
0.0031583411132983775
0.0008578010492451008
0.0006283235433886019
0.0014286639102885678
0.0007390843393132358
0.0014953573859761483
0.0016718575080797648
0.0012346435150515749
0.0008345262543347738
0.0007246386495528378
0.0008099114127097228
0.0011928236900576026
0.002003340491213491
0.0007871290087757857
0.0010042047535288145
0.0017442965951726605
0.0013251398544421578
0.0016466733698834697
0.0008686726024323684
0.0010635868274900023
0.001533308931410305
0.0011558516044651282
0.0014689936559927675
0.0009345079868593376
0.0006011151192363948
0.0013817666945568606
0.0007078464089480834
0.001204976360745586
0.0017389425104896153
0.002098529753178453
0.0017323186780096882
0.0013397076918127372
0.0014603691659946492
0.0017458855351800773
0.0013716750572054092
0.0010141450417617773
0.0014709722639950275
0.000594027411877338
0.0010455961427212118
0.0009662519097937446
0.0012025956048400857
0.0007764538142499617
0.0011922872543313114
0.0009546895353019727
0.0006101379656904369
0.0016417439920172784
0.0013010683819768623
0.0010132463968603482
0.001235024608723116
0.0007242635555577409
0.0014172824328209568
0.0016807728760519637
0.0008973237757025556
0.0010219771828820152
0.00067139755606741
0.000718255219594815
0.0009353045346900974
0.0009469733807255828
0.0007637377881558179
0.0014710108905255498
0.0014293896659458363
0.001524361761782303
0.0013634014960224436
0.0007220966093316024
0.0011917492808087074
0.0009542192344459866
0.0008341328576595781
0.001468652078697542
0.0008927669959374938
0.0012159912984863912
0.0007222245506819713
0.0016388317116653596
0.001354125767331788
0.0007391760450054974
0.0014719037213425591
0.0014379233318354806
0.0015653694973138926
0.001697389608534325
0.0011911447498352933
0.000787313600351103
0.0008202334953611581
0.0009551575732838765
0.0011300586639026986
0.000999706062444761
0.0014515134200496571
0.0015906093964561199
0.0007683808401422269
0.001193977825788536
0.0005148553460771621
0.0014020189128628585
0.0008337615827782505
0.0018868500061021867
0.0007754473458162845
0.0006425527950409633
0.0008501176626017629
0.0018875901340936205
0.0007694635929070078
0.0013417653243909416
0.0010452071611586292
0.0013999314409541544
0.0014157329218273634
0.0008128949691058834
0.0006937050468483015
0.0014298931657398641
0.0010177669890890889
0.0007237830154266493
0.0012307901989470859
0.0012747939538261556
0.0017406285579402905
0.0008519956946441299
0.0015558307447510495
0.0012790617552166732
0.0005413811369145012
0.0015536764521568876
0.0012285286297647091
0.0009041914423091359
0.001258639337924948
0.0011362756512306106
0.000957563717373849
0.0013760937563675217
0.0009288364595960042
0.0006834320273866768
0.0018843781144254586
0.0008213811375755476
0.0009050275177744053
0.0015551842909341414
0.0017878156322081627
0.0014298189071569533
0.0018484322489574516
0.0013956817209930714
0.0008982834305368354
0.001577493444655065
0.000653380225402756
0.0017412912886844991
0.0012342717249766166
0.0013634014960224436
0.0013147164330296428
0.001278212447515527
0.001270629840847317
0.000640043282679358
0.0015631334004939312
0.001985062115331084
0.0011698809051666394
0.0014540025709517345
0.0014558975767352354
0.0007403301700558327
0.0012224346807956337
0.0009416157733394871
0.0008604400701437289
0.001431686820276897
0.0014739481604640657
0.0010643894394040884
0.0014696298345918848
0.0013750254626450275
0.0009296928267000978
0.0011511600870529623
0.0017974244955837298
0.0017374253194401218
0.001502296123696504
0.000888683829179097
0.0012193359133161584
0.0014305923125283407
0.000928115789620042
0.001469100351188706
0.0013634014960224436
0.0013764067047215506
0.0009206950955824461
0.0014428571185555218
0.001512177244605428
0.001333893649189745
0.001429390342786176
0.001976935662707235
0.001502402162005559
0.0007846470536089429
0.001444382797135524
0.0014131040833753406
0.0009546895353019727
0.000857878180249387
0.0011957479081503792
0.0013044062335318774
0.0012990249401866438
0.0017316742281641242
0.0015714039062682873
0.0014143347916020343
0.0013634014960224436
0.0007467890510886278
0.0007480982763064584
0.000822282878716904
0.0013634014960224436
0.0007087743945474687
0.0014968474751401507
0.001415187345202648
0.0006794741643746177
0.0006834345600708133
0.0016463610209938838
0.0007073510965652386
0.0007602849888269306
0.0013967434306150124
0.0008554068365641138
0.001429853754503295
0.0013634014960224436
0.0013634014960224436
0.0007249280568405866
0.001352017529630781
0.000845453036968551
0.0015718182444402916
0.0011449414161597148
0.0002474959805045626
0.0018494335451669196
0.0013441647358530962
0.0031596319631464
0.0007973112865828168
