0.0017340416342854512
0.0014245881006774248
0.0022116633123777023
0.004181140735798205
0.001403632037372825
0.0014245881006774248
0.0014245881006774248
0.0014245881006774248
0.0014245881006774248
0.0017630530027053922
0.0031926419222341874
0.002992096382138217
0.0014245881006774248
0.002405200881812653
0.0014245881006774248
0.001609934126201433
0.002123747136369952
0.0018946007259346776
0.002195365261672883
0.0036546559283400955
0.0052072976776928
0.0031932694445063847
0.0014245881006774248
0.0029960394526021604
0.0014245881006774248
0.0021600494227177833
0.001958837061493526
0.001823957412785578
0.0021191032801073395
0.0031844035932976763
0.002238286514389138
0.005129864533921224
0.0010509874881812012
0.002364871381730604
0.0006396779553556346
0.0029907456584433024
0.006358422742624563
0.0013213492728285658
0.0038501708365971114
0.0025564899613221277
0.0030487667771693836
0.0014245881006774248
0.0031155294771564755
0.0015676950793635214
0.005149451655153819
0.005760387983174167
0.000904630247422282
0.0024775873884724737
0.0008151548375330596
0.0017310283505496988
0.002289843194244719
0.0031981714505990933
0.0018250764354116775
0.0023842474212843775
0.0029933805257456887
0.0014245881006774248
0.0014245881006774248
0.0014294771451353655
0.002989352027240772
0.0023801064674548
0.003914127544330517
0.0023112766512566663
0.0026609250770050982
0.0022267547560602817
0.0025570763639391637
0.0019846434136628205
0.0014245881006774248
0.0014245881006774248
0.0014245881006774248
0.0014245881006774248
0.0014245881006774248
0.0014016728161453313
0.0012319141298402052
0.0014245881006774248
0.004369970450509512
0.0009414954154162998
0.002415752434673291
0.0023985348488525715
0.0010092064042722631
0.001562295099792252
0.0023558713434278446
0.002392629937065867
0.0015971950984457267
0.0014245881006774248
0.0014245881006774248
0.0014245881006774248
0.0015694550355503482
0.0034305274592113374
0.0014245881006774248
0.0014245881006774248
0.002414309398317803
0.0025734999121881487
0.003091396207737687
0.0029946257656765043
0.0019098216238503233
0.0014245881006774248
0.0012012494167165507
0.004755581520676158
0.0025509127626843985
0.003931136183907289
0.0016806879519846644
0.0013776029502703734
0.0018367281452849815
0.002320914436198459
0.00174915393908124
0.0018806031391664171
0.0011702184075942379
0.000871688922970635
0.005132602772461074
0.0006883368403757182
0.001771004683402564
0.01095924268185732
0.0032537113613232997
0.001990318266559173
0.0034100044328565517
0.0011708628543612638
0.0034110535735133074
0.003468830340809926
0.0030133078151832787
0.0014245881006774248
0.0012719108454515204
0.0022352822371000053
0.0014245881006774248
0.0019786718385014965
0.004819905703993082
0.002406079555630477
0.0014245881006774248
0.0025260662869113007
0.0014245881006774248
0.0015662327819521494
0.00182360527061006
0.000904630247422282
0.00331347049113075
0.0023111192282828656
0.001610319835775908
0.0015695483170307862
0.004126359996508237
0.001393194779621433
0.0014245881006774248
0.001359871456047137
0.002462437955970551
0.0031803258178973916
0.0022309730089014527
0.002374929436020305
0.0014245881006774248
0.0023813749036360526
0.0031923802591571834
0.0014245881006774248
0.0014245881006774248
0.003949594457604808
0.003475952697652402
0.003049358319751495
0.003073370340212828
0.00149518246854746
0.0014245881006774248
0.0021881259243049954
0.0014245881006774248
0.0005897481124465631
0.001407206074444759
0.0005866735712051015
0.0014245881006774248
0.0019725491403064367
0.0009445082438071579
0.0014245881006774248
0.001219006303852876
0.0020027310548277437
0.002477758834273875
0.0014245881006774248
0.001732219206435804
0.0021572045721176933
0.0014245881006774248
0.0014245881006774248
0.0014245881006774248
0.0008069821375022617
0.001299966588385453
0.002440264661331449
0.0042420186494647235
0.0020326814300763033
0.0025609986489695167
0.0014245881006774248
0.002143727511420325
0.001464641617203292
0.002302791036577793
0.0017495119937508716
0.002343127194711607
0.0012662720408199088
0.001726991997270698
0.006340383965782567
0.0030512504118023927
0.0023365293915878138
0.003937708074965997
0.0024865425582227983
0.0023895653446492212
0.0018639357782178983
0.0008682376150256533
0.0014245881006774248
0.002105599961898915
0.0010643370437102826
0.0010095558343610283
0.0014245881006774248
0.0014245881006774248
0.0014057770126048427
0.002249969432544976
0.002245802274329673
0.000963406306710937
0.0017851660295026463
0.003193196081719494
0.010960708235428511
0.0014245881006774248
0.0014245881006774248
0.0014245881006774248
0.0009617792399290956
0.004445761927319582
0.0037319945310471184
0.002554149226242776
0.0014245881006774248
0.0048241499231922134
0.0017841077664780029
0.003955767898306736
0.0014245881006774248
0.0005786136787833871
0.0013761553537206665
0.003064383065448887
0.0014245881006774248
0.00212148485623388
0.002559853149926851
0.0017974178049843723
0.0014245881006774248
0.0014245881006774248
0.002358628037274786
0.0009717135140264364
0.0014245881006774248
0.0018057151928348198
0.0008920681291149171
0.005108385453309537
0.0014245881006774248
0.002567600725608806
0.0014245881006774248
0.002413930590551635
0.0024731003375221606
0.0008735300503308516
0.0014245881006774248
0.002568444148338197
0.0014245881006774248
0.0014245881006774248
0.0014245881006774248
0.0024791320109621164
0.0017210957068675029
0.004735773129089767
0.0014245881006774248
0.0030093525440216705
0.0034130924126147474
0.003578896548460202
0.0016323738476684102
0.003989986313709315
0.0024312850351363336
0.002430922401573148
0.001688717833291009
0.0024522173562525527
0.0024788365790838125
0.0014245881006774248
0.0014245881006774248
0.0011699428725438108
0.004094410054216237
0.0016836044881423102
0.0028031924359804405
0.0014245881006774248
0.0012914553545309156
0.0015645500665113126
0.0011454464870974612
0.00334276738275513
0.0014245881006774248
0.0014245881006774248
0.0012205265454088257
0.0014245881006774248
0.0034113912178074593
0.0025690237405337087
0.0009300046471611531
0.0029381915032874067
0.003050789595810561
0.0023879242266094205
0.0016848590657188133
0.003004148879436947
0.0013687690454039282
0.01076473242836988
0.0014245881006774248
0.002244695324503465
0.0014245881006774248
0.0014135711482158835
0.0017494829844769497
0.0021196877591460996
0.0009550633408767382
0.0014245881006774248
0.0014245881006774248
0.003511249946686874
0.0026592434689524857
0.0023837850633166404
0.0027518039898841475
0.001190804742449056
0.00482013142997602
0.0013213492728285658
0.0018661130022090985
0.001894085078404249
0.0011699428725438108
0.006190978270950977
0.002615148959793748
0.001717801009663333
0.002318252363433646
0.004523974741767056
0.0010786748144915282
0.0014245881006774248
0.00472242851377821
0.0009694265918582308
0.002563886266744385
0.0022360747258013745
0.001522822272536758
0.00575353139119041
0.0025595400569123246
0.0024776078004582628
0.0017868441791602512
0.0014245881006774248
0.0014245881006774248
0.001741063682517864
0.0023352780043581984
0.004257440137274092
0.002478154499686987
0.0025525529286612347
0.001735262222503693
0.0014245881006774248
0.0011464019061202609
0.002119158040575879
0.002227791622000213
0.0014245881006774248
0.0036530650634447807
0.001545981547111789
0.0017189027829209466
0.002531169430869576
0.0014906505315359364
0.0014245881006774248
0.0031982620602397705
0.0011506691745764078
0.0014245881006774248
0.0022271979062452006
0.0022107085406344804
0.0018354827885676847
0.0029925893803473456
0.0020550471178286986
0.0014245881006774248
0.001679432881196576
0.0019823946880017378
0.0014245881006774248
0.0031973771898172127
0.001216837449353742
0.0022121204114294176
0.002381241034739056
0.0008689764109764014
0.0010555835746558406
0.0023472614903607683
0.003041022152460147
0.0015546460256078405
0.0019212007842175666
0.002565954671852421
0.004095319655756998
0.0024300956623319213
0.0011589995202641722
0.00241866303050684
0.0017036389919345527
0.001638684832577659
0.0014245881006774248
0.002670266953648709
0.0014245881006774248
0.0014245881006774248
0.0021161727477312445
0.0014245881006774248
0.0014245881006774248
0.0014245881006774248
0.0007866443711744229
0.0030494922754009854
0.0025333529357911676
0.0009445082438071579
0.0018964034294451807
0.0025680204798495285
0.003754991255046221
0.00423995490985568
0.0025688062764486486
0.0014245881006774248
0.002048378708855443
0.0014662240402558168
0.0022889722398332897
0.0014245881006774248
0.0017886804658108952
0.0014245881006774248
0.0014245881006774248
0.004646473114223896
0.001889454506845579
0.002281732715668031
0.003905934542748613
0.000985966194885494
0.0014147285036730007
0.0013807138489594422
0.0017197227139593443
0.004964038861107091
0.0014245881006774248
0.0031930627492380848
0.0015829596981719615
0.0023164434901450314
0.001628477098030824
0.0023634304762077903
0.005143469705141888
0.002629134818703858
0.0014245881006774248
0.004128273792137509
0.0015675470359058422
0.0014245881006774248
0.0014245881006774248
0.002997222958269485
0.0034804203166484645
0.0014245881006774248
0.002241576634767086
0.002298293895173831
0.004821879873548525
0.002339865467976222
0.0014245881006774248
0.0029906624084299837
0.0024583289771637823
0.003411907692127555
0.0014245881006774248
0.0024745506783040703
0.001007852910991194
0.001798679857824524
0.0014245881006774248
0.0014245881006774248
0.003956930601877536
0.004375217278214943
0.0032435713680328813
0.002563238877976304
0.000879372950391843
0.0017788043103374633
0.0020460022452653106
0.006191020718219502
0.004446323380992542
0.0024633734208538574
0.00482013142997602
0.004893917208603888
0.002182992549928341
0.0021221978847990276
0.0019439798672756365
0.0012810836903657595
0.0022298848500822304
0.002379855550991505
0.0016825910540123137
0.003969419699936387
0.00262661199776814
0.0014245881006774248
0.0007274506497433473
0.0014245881006774248
0.0020917600439171913
0.0036549700790240477
0.0014337569381276322
0.002433547541235032
0.00495577850342523
0.0023136096021495714
0.0014245881006774248
0.004442589247492249
0.0007407559027303792
0.002446893754764367
0.0014245881006774248
0.0014245881006774248
0.0014245881006774248
0.005627631766383909
0.0015166706422167916
0.003475952697652402
0.0014245881006774248
0.007437619943925284
0.0018909789728007976
0.010754795063455223
0.002217578021358159
0.0018781448355871964
0.0014245881006774248
0.0014245881006774248
0.0016330012302165169
0.0022496060287326963
0.0021604954634857486
0.0017795236566347569
0.0018903461269547453
0.0025373705301711368
0.0022865738338739595
0.0014245881006774248
0.002362122416916906
0.0009672451508759558
0.0024690643394774995
0.0017158527003527518
0.0014245881006774248
0.0014245881006774248
0.0014245881006774248
0.0023682374982519653
0.0014245881006774248
0.004103341818033582
0.001421034504250818
0.003451079601612469
0.0025333529357911676
0.0014245881006774248
0.0021214437544661183
0.002525923038196908
0.0027952541559152612
0.003087107351820514
0.0020930396814174313
0.001775546267347242
0.0017808484469346458
0.0014245881006774248
0.0009434817280436586
0.001801033768190941
0.0006972659059897751
0.00245212474641376
0.0014245881006774248
0.0015690022557773517
0.0016267193261489481
0.002309644396851665
0.002918075101716694
0.004652785760279734
0.0025626030187612323
0.0008879588145688466
0.0014245881006774248
0.0018677735775735438
0.001377188991426677
0.00331292925641748
0.0014245881006774248
0.0018216651184880586
0.004244224124378424
0.0014245881006774248
0.0014245881006774248
0.001294017864969296
0.0014245881006774248
0.0034250672734747875
0.001376632226627338
0.0014245881006774248
0.0009488382688372239
0.001610319835775908
0.0016407755746768904
0.005154058910322287
0.0014245881006774248
0.0005820798773456987
0.004821331978556044
0.003477683768373885
0.002576132453006815
0.0025294332867309794
0.0034173766058284614
0.001263549786249207
0.0014245881006774248
0.003573925913348154
0.001077731416500771
0.002457155759013524
0.0017522694375067397
0.0014245881006774248
0.0025173478241665484
0.002406623540146432
0.0018331065913916175
0.0018950512116712747
0.0018139283031428609
0.0014245881006774248
0.0014245881006774248
0.0023857192282176172
0.0014925042469357238
0.0024731723412881705
0.0014245881006774248
0.0014245881006774248
0.001447890260369302
0.0018542993986110535
0.00397048139632373
0.0036553669269079707
0.001987861775852279
0.004830419584593899
0.0014245881006774248
0.0021226232343925736
0.0014245881006774248
0.002546313121251781
0.0036587270821103017
0.0014245881006774248
0.0017786996618406406
0.0006984800910057709
0.0034371449551964363
0.004955767111854959
0.0008670289328118033
0.005501345018665699
0.0014245881006774248
0.0014245881006774248
0.004185960864723178
0.002290456577315563
0.0016439592661950276
0.0009434817280436586
0.0007288289370203113
0.002410563407914165
0.0021227655869732382
0.0018321856716589976
0.0018744713497126956
0.0012455037851428128
0.0015682060347550217
0.0014581680297186437
0.0018639357782178983
0.0017799305918945673
0.002358628037274786
0.005135749062225584
0.0014245881006774248
0.002281732715668031
0.0012539491074968956
0.0008153931639775224
0.0006160385571497191
0.003000819313965412
0.0014245881006774248
0.0014245881006774248
0.0014247577488518866
0.0014245881006774248
0.0014245881006774248
0.004274900701711154
0.0024265569493017096
0.0025507523996539166
0.0019600717583224993
0.0034272328867806685
0.0010128276906157013
0.0014245881006774248
0.0014245881006774248
0.0014245881006774248
0.0014245881006774248
0.0014245881006774248
0.001455977000925987
0.0036023643264562343
0.001581175353251462
0.00303362763616837
0.0014245881006774248
0.0025674791055782945
0.0014245881006774248
0.0017611046568816722
0.0041193991843379695
0.003989986313709315
0.002057717300117274
0.0014245881006774248
0.003981151618178982
0.0014245881006774248
0.002051871809355555
0.0014245881006774248
0.005765902543443149
0.0026180699708790705
0.0014245881006774248
0.0014245881006774248
0.0014245881006774248
0.0029942072707666817
0.005176452884807588
0.002424447058401822
0.0014245881006774248
0.0016178906287053962
0.0011831095452989801
0.004257440137274092
0.002324552760095642
0.0024804634407882224
0.0018871414412314478
0.0014245881006774248
0.0012113839839779112
0.002440264661331449
0.0024100115618773572
0.0014245881006774248
0.0014245881006774248
0.0010096994818949078
0.0014245881006774248
0.001960519069792242
0.0014245881006774248
0.0023990864100391675
0.0025329944032028797
0.0009350661810302226
0.002314330291499432
0.0015630051220124428
0.003053798741872634
0.0014245881006774248
0.000942053136585977
0.0018954707949517843
0.0031844035932976763
0.0018876984073589826
0.002416701406171932
0.0014245881006774248
0.0014245881006774248
0.0036587270821103017
0.0014580965416582758
0.002576837895290519
0.0014245881006774248
0.0014245881006774248
0.004196975514309875
0.005197447308048159
0.0025173478241665484
0.0018364525222318493
0.0014245881006774248
0.0014669680046621126
0.0012764252160357907
0.0014245881006774248
0.0014245881006774248
0.002517745338601602
0.0018260000301211303
0.00348287569743303
0.001161082896754463
0.0014245881006774248
0.0011419173337294246
0.010958899113126825
0.0025674791055782945
0.0014245881006774248
0.0012509674557242315
0.0014245881006774248
0.0014245881006774248
0.0021235832789152018
0.0017524935086469969
0.002174086611997313
0.0009043567755879793
0.0021363355799768288
0.0034763204985375188
0.0032020042839924164
0.0008866803964852387
0.0048310366952992005
0.004444983086710666
0.0010137497653164196
0.0009748263454559802
0.0021815936203723363
0.004247050318721787
0.002333761758206129
0.0016217262991538458
0.0014245881006774248
0.001780865566191834
0.002989257015111837
0.00178088078607181
0.002456580165792799
0.0008647514651075942
0.0036494884014203815
0.0014245881006774248
0.0014245881006774248
0.0011411281284928803
0.001599237028405341
0.0024272692362749954
0.0023115497840511287
0.0014245881006774248
0.004736504451467032
0.0011668242498491907
0.0010200164540870632
0.0023895653446492212
0.004222658779921844
0.0023035716749504184
0.002567601791415111
0.0016042380071176453
0.0014245881006774248
0.0007857336526324665
0.002133548500044799
0.002364479468054228
0.0025832666459903067
0.002475297144647717
0.0009416630146343427
0.0031847260986762253
0.0014245881006774248
0.0014057870579823153
0.003599251662234481
0.002249969432544976
0.0014245881006774248
0.0024284125029532355
0.0014245881006774248
0.0016068053791973738
0.0016608917286624893
0.0014245881006774248
0.001051418945373604
0.0036591068798628944
0.0008506335624783938
0.0029960817010113443
0.0014245881006774248
0.003715401728975378
0.002080389754429821
0.0024775873884724737
0.0008679344775730363
0.0047304274865972796
0.0014245881006774248
0.00393632474393435
0.0014245881006774248
0.0024778719073991146
0.0014245881006774248
0.003051280738861727
0.0030028646657362847
0.0014245881006774248
0.0008839116878118308
0.0018785450345896826
0.002553045125853907
0.0024697299284271944
0.0014245881006774248
0.0014245881006774248
0.0014245881006774248
0.0014245881006774248
0.0024416801075542033
0.0014245881006774248
0.0009773968727972452
0.0010062731501537209
0.0021262870413269195
0.0023620967620251233
0.0014245881006774248
0.0022352707786794544
0.0009529014416336781
0.0009492401831008794
0.0014802974902470456
0.0014245881006774248
0.0036023643264562343
0.0014245881006774248
0.0019823946880017378
0.0014245881006774248
0.0014245881006774248
0.0006600897095472383
0.005188759347440302
0.0034900560244860174
0.0014245881006774248
0.0014245881006774248
0.004821331978556044
0.0016156403826339258
0.0014245881006774248
0.0014245881006774248
0.0009414954154162998
0.0014245881006774248
0.0014245881006774248
0.002575803226736168
0.0008026585070521282
0.0021247694495318105
0.002121616569613684
0.002439530598074039
0.006179597309391301
0.003909012898259865
0.0016707933731750066
0.0009411042895993577
0.0025263838464098342
0.0009401454026365138
0.004366665188555558
0.000863423088412724
0.004823013346575315
0.004753635064456463
0.0024633734208538574
0.0014245881006774248
0.00424531465577875
0.0021182284881564773
0.00229498239298462
0.0014245881006774248
0.004819353339818866
0.0011836312026127789
0.0008402597824034136
0.0014245881006774248
0.002462437955970551
0.0015040413400627148
0.002900374494718674
0.0034755184416408015
0.002430663145246442
0.002518936835540513
0.0037051385963959072
0.0013193798753492942
0.0025600392234965325
0.002900374494718674
0.0014407989287561406
0.0029921730234739857
0.0005751612767941046
0.0012805983265348556
0.0012203513973643224
0.002119301494070589
0.0014245881006774248
0.0014245881006774248
0.0013652980096164147
0.0016944707066773787
0.0014245881006774248
0.00472242851377821
0.0014245881006774248
0.0014245881006774248
0.001538434493796005
0.0014245881006774248
0.0014245881006774248
0.0005681298821755006
0.0014245881006774248
0.0019518117427968227
0.0009416661801889448
0.005132868726689253
0.003920053814022036
0.0019803169131511855
0.004113941324190089
0.0014245881006774248
0.0014245881006774248
0.0016828034424709044
0.0014081425898683306
0.0024752073552714113
0.005140021911258082
0.002437273858226632
0.0022433719775474615
0.002327471065057499
0.0009350661810302226
0.003172036548247463
0.0024783796594252954
0.0014409191774114398
0.003663044348252773
0.003953555056460576
0.007435603471968297
0.0023123230934806254
0.0014245881006774248
0.0015656972448493793
0.0014245881006774248
0.0024163308985259376
0.0014480186937007521
0.004821005751361108
0.001058939670766825
0.0030548497293466535
0.00633546155961667
0.001628477098030824
0.0013310563571919934
0.0014245881006774248
0.0022618691980864493
0.0015408682561257072
0.0014245881006774248
0.0029970086117700003
0.000975596257702893
0.004720591646500154
0.0014245881006774248
0.0012667732260888624
0.001714066211951878
0.0022394749897659554
0.0034347029942549717
0.001464641617203292
0.0018899130407486842
0.0024046534096508155
0.002558651492190141
0.0025476455293340227
0.00213328632725419
0.0014245881006774248
0.0014245881006774248
0.0022865738338739595
0.0014245881006774248
0.002267483164300523
0.0014245881006774248
0.00308118960565103
0.001851242993743069
0.0033116785532099056
0.002127144958981415
0.0024915607704671873
0.0022309730089014527
0.0012845576198874066
0.0018954707949517843
0.0024287791784176854
0.0014245881006774248
0.0021649396769806103
0.0014245881006774248
0.001176828559535904
0.0011666124193085627
0.002530166219036211
0.0052072976776928
0.0018331065913916175
0.0014245881006774248
0.001162198428943709
0.004343735641203201
0.0021196877591460996
0.0030548006046177533
0.0014245881006774248
0.0011618547221424519
0.0015612802915319086
0.0024026948768575275
0.005136395778336548
0.0025832666459903067
0.0022391649875182075
0.00181854701404627
0.002278727731962567
0.0014245881006774248
0.0025739941955424763
0.0014245881006774248
0.0014245881006774248
0.0014245881006774248
0.00088126968443501
0.0014245881006774248
0.0042410615669614
0.0014245881006774248
0.0014245881006774248
0.001752604515205841
0.0014245881006774248
0.0015100340991155462
0.0019951503973341536
0.0023935279258577168
0.0030029466136369943
0.0014245881006774248
0.0021501710968844174
0.003657478273616832
0.0014245881006774248
0.001058939670766825
0.002150037998388405
0.0041226682561699545
0.001437232099108078
0.0014245881006774248
0.0014245881006774248
0.0014245881006774248
0.0022360747258013745
0.0008535838950215321
0.0017795236566347569
0.0014245881006774248
0.0018836504020030595
0.0005898280448843763
0.0014245881006774248
0.0014245881006774248
0.0014245881006774248
0.0014245881006774248
0.003941495063762979
0.001250628566505788
0.005626271337839566
0.003172036548247463
