0.006749925522233288
0.002974677146713051
0.002124725457271627
0.007586114538429745
0.0033129656709484636
0.0006855033094563241
0.0033074617956234953
0.002992306756436224
0.0031352960988392602
0.0015360507019935722
0.001162536967800584
0.0029714685813226104
0.0102176972463015
0.001162536967800584
0.00323661504410661
0.009275774404706791
0.005791980975205756
0.006393543766126363
0.013483712681280218
0.005512376081048658
0.007543349807749719
0.0047846324012332546
0.00101219136840936
0.0017467754102864857
0.002097781324894203
0.004942918698856351
0.008605357659096976
0.001162536967800584
0.01021687749985993
0.004022952358455218
0.0032074625977460774
0.003990482659945398
0.00848185456994691
0.009061501608428387
0.003994214383014177
0.0009729158874671977
0.0018173619546504427
0.0014722759829466007
0.0019313172236198827
0.004081331386460905
0.003011692907790153
0.005394408153914268
0.0011131984507647083
0.004943015008293315
0.002860258564608119
0.018366525807476268
0.003531408907094655
0.003056343841227522
0.007562809974293305
0.003533272680403268
0.0003149423057102008
0.005371074056720042
0.004164505222530703
0.001162536967800584
0.01841186874801875
0.007552857443371553
0.010229770257948736
0.01371425749517241
0.003983061776959802
0.004660187416939599
0.002195275872250102
0.0035343155253752894
0.0009649710580362776
0.001487800630971254
0.0017901060467291508
0.002912720395395193
0.004158455401265302
0.00299428794854771
0.0014410690594157804
0.00103617937462511
0.0029862745710634983
0.00258760902454722
0.008111662484695336
0.006413388093254263
0.0003552142743842977
0.002291438134940877
0.001162536967800584
0.015056240424706652
0.012930969811236573
0.005868834958739006
0.008092134278859624
0.005391592272054197
0.001162536967800584
0.0025318033437554638
0.0022875075958139375
0.0019906292046763144
0.012760135661257988
0.0027904155646362844
0.0034446156666342992
0.00020497347635572402
0.0017966867884768724
0.001522329891109135
0.007190892816068541
0.00551580166413488
0.001162536967800584
0.004023063190367071
0.006383249464448906
0.0028068873604293813
0.0031308491106537654
0.005849036675250945
0.001162536967800584
0.008782093322452915
0.007573110884769141
0.00818492197163104
0.011026336220127162
0.008540310082699815
0.008904082576379965
0.0018849896843796256
0.007397033199763989
0.000825809772600483
0.001162536967800584
0.001162536967800584
0.0014298688391248182
0.0018998899822452512
0.003991646438909267
0.019661941123090818
0.0029911742374007814
0.0009492413505587532
0.0014885716574362892
0.001162536967800584
0.008098781563857429
0.002876977642698936
0.01322528794861325
0.002226930404944102
0.006387600052251245
0.00365607132240282
0.007263543748863313
0.001162536967800584
0.0016481214744861281
0.004019424300905411
0.0007772505783806
0.001784913043606234
0.001162536967800584
0.001162536967800584
0.008710285651795845
0.0033162716477250762
0.0050276658433188615
0.0031381950333458216
0.0011716505993439868
0.005363748923328651
0.01424648509155545
0.003987338471159976
0.008195781130089234
0.003084536627338393
0.0031024781342795303
0.0009613616722248485
0.002108311981997961
0.0016713839478785548
0.004236884854424973
0.002261579668912402
0.008700681286206453
0.0028572302367293376
0.001766648494498212
0.0019835481464056783
0.008068689854149557
0.0027923266920261815
0.0022257865676975613
0.013760583350360123
0.01302961487598955
0.0080853209155987
0.00832011793620387
0.005567516583598351
0.0017960035450503152
0.0029683030778384412
0.001162536967800584
0.0012690709074539828
0.001605994769867429
0.00819941052436984
0.004592893406245245
0.00039532680637317395
0.005409509688398362
0.005585096973207179
0.002443845651590477
0.006094352432660438
0.005214915327863376
0.0032055663215795013
0.005580510867630889
0.0040434070600458855
0.007160048444713138
0.003051466606355962
0.001392527006642075
0.005399179616874092
0.006591687003132706
0.011614743826904087
0.0009926059112469144
0.005220652245864588
0.004564891243541488
0.001162536967800584
0.001162536967800584
0.00854260034596455
0.008697245021469435
0.007616182704310828
0.001162536967800584
0.0009977339622612277
0.0020110271093741793
0.0018450232575869536
0.002860898179901248
0.005043462388570285
0.001162536967800584
0.01374634790635145
0.014263859550446381
0.006119491481649782
0.0062531878926877895
0.003995812735966137
0.0047813288422724155
0.007573110884769141
0.00403045935764815
0.00666802986795059
0.004917697448841329
0.001162536967800584
0.004019439716876453
0.005562965358253641
0.004161349303121953
0.008077567225070716
0.00021336674597065042
0.00657361717518608
0.001162536967800584
0.00030893013790492366
0.0022718685670156764
0.004016502618612078
0.00437799472108393
0.0032465217497831982
0.002300117682315393
0.006386208035187552
0.002024519877526954
0.014330108678934176
0.006384484845131861
0.001162536967800584
0.0014823612965177684
0.0009292681245802453
0.003416988472488626
0.004171946932427256
0.001162536967800584
0.0014946956224347761
0.008700681286206453
0.003965558629468663
0.004417867612574879
0.005593224844156657
0.004076404597810474
0.003605455479658834
0.002968899471744739
0.001162536967800584
0.001379684464029858
0.001162536967800584
0.0026223032745123294
0.012998733639411241
0.00041518835992905947
0.0031046030250805414
0.002722886708548921
0.0011832908525601326
0.001148468649055261
0.010263781769973133
0.001162536967800584
0.00036481949998289163
0.005628032521614873
0.003329243390089668
0.005396574039326638
0.0035933862864891814
0.01373227717478281
0.004755309786960487
0.014301346931946115
0.005039322442407271
0.00656571981726708
0.0038309764710205987
0.001162536967800584
0.0018537369016709462
0.005686917860052926
0.003087818748001258
0.003253770339732095
0.0023214626404721556
0.004000332665805062
0.013712747199555095
0.008785664228031533
0.004201146070156819
0.0053935367987181515
0.0031176107000613455
0.0022757004622176416
0.0007113010979214426
0.003259160410759177
0.005571286061886534
0.0028204957092537054
0.0027971688245925544
0.0005762268106230004
0.0011682348859467433
0.001162536967800584
0.00730988696297675
0.001974240613130813
0.0025403683598801503
0.013504230194282763
0.003934566247469381
0.01253044582082855
0.004076796819253889
0.001162536967800584
0.003072385408014641
0.003161140691522816
0.001162536967800584
0.00278127408817292
0.003113278400490685
0.005070289578173036
0.0009554917860310607
0.0012221894226556171
0.001492426379729473
0.001987850264101497
0.002116305095868131
0.01788085880148432
0.0011240129349493067
0.0039428623102080234
0.0023043617574510533
0.003111524055837687
0.00729236035748503
0.0013668010214498026
0.001162536967800584
0.00399147432388061
0.004015465337534932
0.005576452675136239
0.0036167025237983834
0.0021968561237930666
0.018378290594594372
0.01870000454016448
0.001162536967800584
0.0031111853388962477
0.0026794910557731335
0.001397995015370846
0.00200649341586468
0.0007537793568101642
0.0017379709849304867
0.001162536967800584
0.012222666818628289
0.0031381950333458216
0.0028013535571909105
0.00340278712256323
0.004003087262991808
0.002209870047200093
0.0014223981541768595
0.004087567343051222
0.0007498051504318236
0.006594117508072249
0.006598584460316022
0.010887634243103829
0.0025550219177099907
0.001162536967800584
0.005697550088196122
0.003917327350991369
0.01022372591092679
0.0025728436072627605
0.0018503513197263208
0.007545315656067336
0.002965265611140641
0.00181708302073615
0.007588504228275922
0.0014080932657054412
0.006402437909425497
0.0029776311272468868
0.003121988705188511
0.001162536967800584
0.001162536967800584
0.0036601545861267306
0.003670396786207395
0.00186590835567145
0.0018983460237669007
0.001393161976627324
0.013733565842499105
0.008567128392110194
0.00239770810737849
0.006377174971235386
0.0031306317599427507
0.005425396439343219
0.009052495804926824
0.01835726722903263
0.0048081106015013045
0.0035002106081768935
0.0013833899989590139
0.0027495809699007085
0.001371534681877441
0.012959334852619317
0.001162536967800584
0.004381501564505222
0.005382622249447375
0.0023624835194495826
0.008420496558648785
0.0007529850511612486
0.002762388397344142
0.004140821969695679
0.007530877822201085
0.008148622671482222
0.0039029911661928665
0.0022276073237364555
0.006381306917520375
0.001162536967800584
0.002627531035514858
0.0019905846078767135
0.00209306959386372
0.001095466078181145
0.009085530019460148
0.0014052493632178095
0.0021984390454095966
0.006593760604674939
0.0041859789643505785
0.0034587760271275864
0.0041930531758937305
0.002778413957215879
0.0028780219146872853
0.011989516561930837
0.005567809063428332
0.003544348139744171
0.001162536967800584
0.0025873602189671443
0.0024557298945753936
0.0018618929396917818
0.0011559417061208273
0.0040045026058936105
0.00407681557897868
0.004681915410483425
0.0040305651638099455
0.001973830529529641
0.01527893817600337
0.006411870773467461
0.0035383447718885554
0.0028318209505042206
0.0012114865925673924
0.0040198468809164575
0.004022373994274879
0.012783237719942917
0.001162536967800584
0.004008387732270792
0.007112960029508871
0.012553476139071856
0.004032392012245476
0.0030630538495621867
0.0020720937209104816
0.005920691483953589
0.003196899674294107
0.0030707997827849206
0.0013744280708329237
0.001162536967800584
0.0025416407433658515
0.002656342372757745
0.001776191138932649
0.008802560112494393
0.0072925195818212855
0.0031263756833138424
0.005127923328118044
0.0006788852221400529
0.00638186580081581
0.005120412021607999
0.001132753881891329
0.001721083425733606
0.001162536967800584
0.002596420029133339
0.0018856385068551315
0.0017630867363520864
0.003150852285121184
0.01241409174702895
0.0013280243243962886
0.007402232807453284
0.0019802837381859154
0.0035963791487005647
0.004144239031317459
0.002986280889310952
0.003939465955256728
0.001162536967800584
0.0008325475549406019
0.010215725330894153
0.015104266783506936
0.0055417323761053
0.0023608769183979307
0.0003554055424712871
0.0037141672041865526
0.0018260858822299508
0.005777922429126034
0.001162536967800584
0.0024644284243260464
0.0019592437966311303
0.0016973282858128032
0.008808292917100186
0.0008817300316335753
0.006616117947529773
0.001162536967800584
0.008653865639681648
0.005783977383215312
0.003286125177585842
0.003611138988885648
0.01296791532464861
0.003988594249357265
0.0027322955045290245
0.0031046030250805414
0.007588535844219283
0.005383801086412033
0.0018443432657600637
0.0007451323281291217
0.0030980641323601287
0.001162536967800584
0.0014046030051366825
0.019984724896976787
0.002912917907619921
0.003625128500339852
0.002785613892768135
0.0006926513631403059
0.0032886661641925996
0.001162536967800584
0.001162536967800584
0.003999158699998477
0.0027539773468788957
0.0008495737555938469
0.014262592244074501
0.013706435493042452
0.005237502374029483
0.0022084089472756787
0.00508008716899199
0.0035950906404078943
0.0033290695902482405
0.0016780161074166778
0.013331268224696291
0.0018752056108307265
0.007366636017964589
0.0040049279762770125
0.00908793888442146
0.0007582751837995581
0.007177399692951511
0.008884922544699282
0.001162536967800584
0.00020794605960486272
0.005586943564813787
0.004376752411514223
0.006384086571594184
0.00019248426311596625
0.004394218417778175
0.00249543154282694
0.0013950250717783019
0.005417396525221902
0.005531915245208912
0.008764587895034428
0.0017704502433433587
0.004297179024849269
0.0032926144058027075
0.004003936573261145
0.0020348262266786645
0.004578617403960471
0.010212394705702533
0.019827723856260828
0.0028782976959662136
0.0018326820418729617
0.005431477596402968
0.0036202618212910487
0.007929951937787044
0.001162536967800584
0.007168977257134711
0.0040101987774052725
0.00045712497990131173
0.007565688154405575
0.007883239241322889
0.004028564716630744
0.013508424669496127
0.0012569072989763541
0.006584400292762735
0.008113960726635925
0.001285002761837631
0.0011016677111725889
0.0028574969668634545
0.003670249968504541
0.004715621803021307
0.006398723463753739
0.0019746062952282696
0.0031517802861388395
0.001162536967800584
0.003528663954985009
0.014287974016713032
0.0016760258179706576
0.002101422976834127
0.0029745081453458437
0.007082989785314253
0.001162536967800584
0.006567801010868341
0.010045104778968134
0.001162536967800584
0.0010532143179102272
0.001162536967800584
0.008735254223330302
0.009065573923427075
0.006595742756788009
0.00905058179697064
0.00108426253775517
0.004300435804444407
0.002350799003781189
0.004741337250088388
0.001234964673654027
0.006425852144517154
0.005645026123541471
0.0028133316314301214
0.001162536967800584
0.012536272717064015
0.010244619924285537
0.002249600249863374
0.0007498051504318236
0.014243019215300596
0.001972424908885676
0.0041648219787570355
0.0040047678316764545
0.007998828355577005
0.01085908610691724
0.004000611741820671
0.0014813951834288443
0.0019131409644098309
0.001162536967800584
0.001162536967800584
0.009071628171767081
0.0025390414515315722
0.003988640631787481
0.002399090786091531
0.0018969467938707168
0.0018688968582569235
0.006502070480351689
0.00401949674161311
0.00868511768794027
0.006587722287710528
0.0017160838207030237
0.0028651811041126643
0.0019624870979353453
0.0041444405067707175
0.006398723463753739
0.008149874020757345
0.004928586465935272
0.008280216347818817
0.014299084161242379
0.001297958071025021
0.002596420029133339
0.003938198217330939
0.0019310797754445049
0.008140402525810018
0.009039424462848864
0.017518521289925676
0.013501000244793768
0.004012070118431193
0.005371370082697718
0.001162536967800584
0.0042683906657731505
0.0035301669058129654
0.008755164840717884
0.001381618799028624
0.0020770917333610786
0.003229995831160553
0.0024462936492941714
0.004012209413057898
0.0032469521084868024
0.0015835735639854475
0.002633931933812746
0.017578308678966224
0.006383169408683799
0.004017818493385233
0.00463667370376034
0.0002266343927414251
0.0017257002484146566
0.010224491183650042
0.001162536967800584
0.0025848285167669014
0.0002182730708818601
0.0023366084376363087
0.004107435871052506
0.007337723677413049
0.002497405104800227
0.00139449130906808
0.012943039142858317
0.0020203841196759953
0.0011106364624974782
0.005720485447338564
0.001940929205087647
0.0035857666409008808
0.001830158762812558
0.001162536967800584
0.0036028070188702972
0.0054316800684063565
0.0019235532062059804
0.003502983390010133
0.0175931625325488
0.00024254721537998657
0.003949387213387815
0.004036451327434823
0.02103081456889669
0.0019748326737797856
0.006375620263196359
0.006388907053046905
0.0032397049781865807
0.001162536967800584
0.0021176624422238953
0.007571573695688019
0.0007466036528383853
0.0016274107659363657
0.0071462822161767955
0.0015298940750532114
0.008962824872651496
0.0035146400663682077
0.002839195501063649
0.0063926408127449475
0.0020438227362537483
0.001162536967800584
0.002343954307586704
0.0016342859357006822
0.0061033588104772735
0.0030711257241827334
0.0032029475207207953
0.003727778183668727
0.0028445606193693643
0.0016884793140901026
0.001162536967800584
0.010938359046751184
0.003503830859154061
0.012545334293560242
0.0036102449973877404
0.004010766270602513
0.0073431273979164295
0.0014467263497965816
0.007121175401988524
0.0014746242796812973
0.01326179910053367
0.001162536967800584
0.00273591806359764
0.00424687337285184
0.0030259782212959
0.0022233725352832634
0.001162536967800584
0.010228806415637903
0.001162536967800584
0.01970006944192151
0.012531777717752976
0.00020794605960486272
0.0030672018683960095
0.00262980708288781
0.0012103049721598155
0.010223044144770434
0.012991706613245238
0.0032703692565766106
0.001162536967800584
0.018683197908212473
0.0028180699137714746
0.0019507960361181784
0.003646658949952734
0.0044241599605780784
0.003046623655164874
0.004002468813861102
0.003129533696181284
0.001687020945982369
0.0019326000543386924
0.006410401609988225
0.011842185836197401
0.006584134176213163
0.0011357177582930116
0.003892814695782566
0.004109961041630604
0.0010519302573770157
0.004883235563747126
0.0020243655454954467
0.0013853829324524825
0.001993546993640442
0.0035419610572392838
0.0029037280922007682
0.0028102903395686952
0.001979375977989381
0.007551244971258539
0.002102672618745413
0.007296401925113239
0.001162536967800584
0.005865294741032231
0.001162536967800584
0.001162536967800584
0.0033130288897198885
0.003999057617589284
0.012756581083128318
0.0013901334113263857
0.0013795212422009389
0.004954738475672083
0.002929542367005597
0.002466383859751706
0.010221930728947493
0.003910399867323853
0.0019330625233744763
0.0013171520921263567
0.001162536967800584
0.0022505749921793087
0.006388815518827358
0.00258625436125572
0.007427147318790306
0.004162264605613632
0.004138026875421341
0.005615802792071306
0.004336112128913045
0.0016844814008735837
0.0019024975827491564
0.0075551247537858305
0.006395498985016293
0.0058555223122148704
0.005397839527675127
0.001162536967800584
0.002480865690412845
0.003981201186050481
0.0019293287151603271
0.004052074121313586
0.002297578227508674
0.0027472182051650764
0.0016870581322529128
0.013364157226292115
0.005371326447283465
0.006649122179605389
0.0021766258426605266
0.0020515250277666967
0.0023283921048951337
0.004180876490079305
0.004492698173607453
0.0032556324078012074
0.008517770883504769
0.0036017397285922946
0.006383051443099803
0.002627531035514858
0.007252296738721869
0.003799392579366131
0.002860595608359037
0.005531915245208912
0.0018963040301884834
0.0025153518048292257
0.0017548011570337428
0.004111653574083695
0.003230856971942063
0.00906065095284932
0.005647807245263275
0.011965599728589196
0.010938678684076154
0.008087669684984786
0.0046733701224498155
0.0038010095243248125
0.003245622954069506
0.0030289224886522197
0.005144753829305756
0.0014700069680800034
0.005852439337333893
0.008759236392702102
0.003163387954247479
0.004897882367584922
0.0025567036338489716
0.003458982865432016
0.004079220849250329
0.0033319490527750836
0.001162536967800584
0.008635073478028088
0.005755898607592898
0.002988700667523968
0.001162536967800584
0.001162536967800584
0.00564354035983219
0.005135071789691863
0.003089916145168673
0.0017173256759945063
0.0022696495003875325
0.00036009701931913525
0.0028058452267525355
0.004005949078886486
0.007921275454106376
0.007270599409872652
0.004607552091726746
0.0016225673625135753
0.003206397181564015
0.001162536967800584
0.0022340521207000912
0.0018882984101568708
0.0012261919765732124
0.001162536967800584
0.003531408907094655
0.003078750542086668
0.00410594502899916
0.00657361717518608
0.0007535721547328418
0.001162536967800584
0.0031690577661760188
0.004293974964162078
0.0017668600596773658
0.013138859773269304
0.003565269917095664
0.004045221188564771
0.010231011401106004
0.003841078283646554
0.0018298729008060551
0.002600864289428822
0.003398387535540971
0.002589020268252133
0.0019511716419182677
0.001162536967800584
0.003820246174074741
0.0010228333551107506
0.004111653574083695
0.002795234149136127
0.0007772505783806
0.007101140942649393
0.012648426712183539
0.002977306354055285
0.0035271598247245753
0.003316913903490902
0.003973910781533067
0.004028273319475308
0.012943039142858317
0.0014993478431251398
0.006584328025305097
0.005168904447917468
0.0040865645199288396
0.0027884537562215504
0.003825540247823047
0.003996986333173637
0.004481271633978772
0.0033997362304017337
0.006583147842694129
0.0018916945540478534
0.00242044047331783
0.007200506115664115
0.004112510926601957
0.0016588419822026542
0.017543843130773458
0.0006726018047832872
0.001162536967800584
0.0006883287193980789
0.003527583897642502
0.0011659122389662813
0.00907139375816724
0.0028029407588449863
0.002813273476386568
0.001162536967800584
0.000692331023080427
0.0008603443492548799
0.002064721285988767
0.002914838307700237
0.012994973390297992
0.008497346889887191
0.0002343663331806617
0.0035464825136025647
0.017874072886680286
0.0021799696500231216
0.001162536967800584
0.007168338710415783
0.003699369691769387
0.003905606040034944
0.007260874300556183
0.003121395748941682
0.007532782037829411
0.013500565652968635
0.0014268940825070183
0.01024117562516424
0.0015071740546288741
0.00030106496990395666
0.004000014475815872
0.0017076383488880027
0.002409933239524074
0.007575866643628493
0.003096256653133094
0.003998987995244709
0.0005903033129029272
0.00249966227530904
0.0075510307818076276
0.011917829703665023
0.009047167673094537
0.0024706305403735707
0.003933833983192493
0.008124439996902471
0.0018962309961338957
0.013732705656544966
0.003536002906024513
0.008043841805776494
0.0009727142552549053
0.012230367683407775
0.01023194525269627
0.003236645723848749
0.0047152141052571855
0.002265663621682376
0.010240937829630665
0.007975578089669906
0.0031476005506175784
0.0024856401304475953
0.0031229490614409086
0.017913757123738987
0.007134943600022909
0.001162536967800584
0.003563760831344378
0.006591455738040533
0.0018641451286176866
0.0020991872482192
0.001162536967800584
0.002053396006221752
0.005378826525894033
0.004414091090808954
0.010982043746712083
0.0024593830526826316
0.001162536967800584
0.00848558903927284
0.0027412478092709845
0.006587926707940846
0.001162536967800584
0.00869234745791166
0.00016655161664271006
0.0033087713055743894
0.001162536967800584
0.0033189653536493634
0.0021960541850956318
0.0075798455220772816
0.005591274394423763
0.005721983567374199
