0.002170280051665186
0.0021455567242078346
0.0005344311462903789
0.0016316250935069188
0.002387925779694606
0.0020523015202428036
0.0010165327278365086
0.0005374422741655069
0.0011709369264257198
0.0013653425023102356
0.0018865516213119535
0.0018859461882877204
0.0019729198597012994
0.0030698403780145215
0.0025665541159854027
0.002302554858705716
0.000887489694947954
0.0011201047477981448
0.0008924653381728145
0.0024640105515017813
0.001524576584684621
0.0016151255616396647
0.0019820438509572215
0.0011593519866056714
0.0020523015202428036
0.0013105271811353876
0.0011229175146956739
0.0016260613970346114
0.0020523015202428036
0.0020871274315506574
0.0020523015202428036
0.001701767679839722
0.0010524734782885823
0.0013660041580747637
0.0017828078856163047
0.0015397029240696342
0.0020523015202428036
0.002007466201500452
0.001785706753977505
0.00037018089471740575
0.0020523015202428036
0.0010738462228128604
0.0014644327239829293
0.0020523015202428036
0.0005377557772838759
0.0020994286827099146
0.0020523015202428036
0.0011568124079348262
0.0020523015202428036
0.0021714749584121383
0.0015321116144609438
0.0027697838432466475
0.00221304227202152
0.0020523015202428036
0.0017816341152113713
0.0015203689565650785
0.0008330454032325592
0.0007033914080090317
0.001493322572991343
0.001902167117290502
0.0025079823608908473
0.0016949718022136562
0.0016397806168566538
0.0020523015202428036
0.0016735365386061666
0.0020523015202428036
0.0020240028635368336
0.0007103879867463821
0.0016755373639826395
0.0020523015202428036
0.0010285366212995025
0.0015817897898008756
0.0010527348392200993
0.0011264696681986387
0.0020523015202428036
0.0015187517925541
0.0030047723309115535
0.001173806369155143
0.0024704949988585364
0.0012368208112752644
0.0008151695827344499
0.001704784552864321
0.0008472262314080231
0.0011286443386679405
0.0017540097226313846
0.0010020757695033014
0.0021396798601739995
0.001899864353181484
0.0020523015202428036
0.00238422291641106
0.0010833471026958689
0.0015211353741626775
0.0010094813515961086
0.002410425937542909
0.0011058865421218675
0.001227379426455688
0.0016167583181603469
0.0021559502038184845
0.0019629120787588356
0.0012320298303776741
0.0015259877255697097
0.0016937095292012554
0.0010746174524875712
0.0005384253060289949
0.0008893114601770986
0.0020523015202428036
0.0024547846335356165
0.0019332078334518164
0.0010636651068280042
0.0025543506568217363
0.002203100686755128
0.002952153411848142
0.0020164235071284896
0.0014246960600720461
0.002418871956765268
0.00213119683183917
0.0020523015202428036
0.0016789632413857307
0.002027883056934457
0.001896453365978361
0.0016032267765036163
0.0024218981903293534
0.001522534262200997
0.001027583715680411
0.0016734051878131756
0.0030728524193831116
0.001741534133250212
0.0013889397284012589
0.002353960343451382
0.0011219337751587376
0.0014483889899769928
0.0011178918346189976
0.002230545302666532
0.0020523015202428036
0.0013603050021870897
0.002755204141743054
0.001673842038357843
0.0024175768183903636
0.0018924670709747336
0.0003850287688167455
0.0009380097487847851
0.0020523015202428036
0.0020523015202428036
0.0020523015202428036
0.0020523015202428036
0.002133527511471222
0.001071880618260281
0.0019195570899709269
0.001779434925144879
0.001233320115341379
0.0012414770047090963
0.0020523015202428036
0.0007540454014291623
0.0010726838711793577
0.001002116418908263
0.0020523015202428036
0.0011284357609786277
0.0016100393196071337
0.002034056192050894
0.0014261194363503467
0.0018309111546917414
0.0010804819623239565
0.0006902128924439145
0.0005339303705473854
0.0009609265466135963
0.001599367438648325
0.001424572602322808
0.000724683321814343
0.0015761406725860023
0.0005056521293358771
0.0019630709121873265
0.0020523015202428036
0.000993125839594856
0.0006919840250086377
0.0020523015202428036
0.0014662514393671273
0.0024985066693779313
0.005312370224674349
0.0009843263363286856
0.0013642537702905513
0.002172919617868849
0.0014592613845380554
0.00042134565384572236
0.001577595816452265
0.0006898040090593981
0.0012206327604619743
0.0013899752592205974
0.0013845098806696916
0.0020523015202428036
0.0018429214466361842
0.001015215095622158
0.002418113575885984
0.0012144538826089476
0.0016251966872677492
0.0020523015202428036
0.0019374912936870544
0.002559863092781836
0.0020523015202428036
0.001579557428937596
0.0011409967609113648
0.0011139432161790413
0.0012417588171943724
0.0012336206045209402
0.0014019317183605654
0.0013398653889192202
0.0009785902277690862
0.0023379082088048537
0.002070193387902742
0.001042550030940277
0.0011250565969358904
0.0020523015202428036
0.001511005012219987
0.002187037451677802
0.002054820221585135
0.0010515155239107289
0.001973598615383332
0.0023510648329335263
0.0019804372955013138
0.0023554089117806096
0.0007695278743223052
0.0012336500884451576
0.002505355624607792
0.002366107149241405
0.0017775788103658514
0.0020523015202428036
0.0020523015202428036
0.002379703093091801
0.0025975057318332155
0.0019007602714093685
0.0019101132688562053
0.0015240636581088853
0.0009912403447633446
0.0015328327140411446
0.0021455709991111487
0.0020777191907455695
0.001742976181931344
0.002050994933544015
0.0019545119851308
0.0016057723864619084
0.0018187483634940962
0.0011750676630892596
0.0015216385245380665
0.0015886745514985363
0.0014271381651099592
0.0014273396665015132
0.0008746251860002366
0.0016238018179030105
0.001904247156734027
0.0024016832163123152
0.0006971810511938929
0.0011175068532434755
0.0015789695313261152
0.001364226451156445
0.0020523015202428036
0.0015281866826647957
0.0024041006297223565
0.0008872112594924821
0.00214319084437304
0.0019554380486988807
0.000533831485523923
0.0015190408943593025
0.0016310389830194482
0.0007957886202437272
0.0020523015202428036
0.0020523015202428036
0.0010474975204920363
0.00188302850211056
0.0008634453338961118
0.0021450340168200684
0.0012938992218322618
0.0015709422198117006
0.0017129331593971789
0.0020523015202428036
0.0018693046347392367
0.0014079232981079463
0.0014261961938337577
0.0020536686199813213
0.0020523015202428036
0.0018279318107764437
0.0030077853182018314
0.0021350369329763974
0.0005335924967354262
0.0015728739488244238
0.001885979674972217
0.00145708100734802
0.0020523015202428036
0.0009749962958649168
0.0008277194494014752
0.0016355229540385699
0.0009669685342781664
0.002132111019556722
0.0015212740565319109
0.0017805008654878261
0.0020816754867429483
0.0009993773398552655
0.0008980941064068345
0.002171016229691143
0.001060703361225233
0.002184064756095187
0.0020268996006340525
0.0019117003410142617
0.001030987675719196
0.001751615043486472
0.0018827436397369733
0.0021347095088807945
0.0020523015202428036
0.0017118617596746724
0.0016064194182412788
0.0016726813006327087
0.0018854024378435598
0.0020523015202428036
0.0011264979182377983
0.0022111395331051442
0.002185076444169333
0.0007675793825478131
0.0015763281859376855
0.0012117251856703494
0.0014322111706411894
0.00233405276919799
0.001653603535420619
0.0008324602100168889
0.002171359202824976
0.001800104094029246
0.0015805266805764442
0.002355335398566188
0.0015708210266206861
0.0011815449056951214
0.0018767952541520801
0.0021881541337841065
0.0011175068532434755
0.0010809754765862506
0.0007266091898774671
0.0008644267776940883
0.0012413510135908194
0.002283077461570713
0.0010293773160317894
0.0014305818331088991
0.000495796025148564
0.002057118160963766
0.002143253750430938
0.0011818354894542488
0.0011729329041421587
0.0016741539627796705
0.0015466385697960568
0.0022120560993953843
0.001366169211807102
0.0010597745101862245
0.001036092363061605
0.0024224869345435126
0.0023893873319200546
0.0020523015202428036
0.0005350409480913262
0.0011559200774374028
0.0020523015202428036
0.0010583567666036554
0.0020523015202428036
0.0021435426425898078
0.0020267519865098194
0.0021957984853662894
0.0018980455002598027
0.0027616603808678824
0.0012118268398999192
0.0015796146859371868
0.0012530085652095696
0.001922963672890567
0.0014242432219250768
0.0017817720205171696
0.0029807527313835346
0.0020523015202428036
0.001129008459038799
0.002144944498428693
0.0008179677017096629
0.0008662346529866977
0.0016763252133369533
0.002422047012478931
0.0010084995194776867
0.0021699748874350684
0.002955599463732252
0.0013642167199696348
0.0010032407185463694
0.0020834227984267944
0.0009937862418811087
0.0020516543385444698
0.0014605186398995449
0.001585150656675171
0.0011108267930447235
0.0005003826842929021
0.0023868698683145507
0.0011696242422665692
0.0038068647244812134
0.0027519251966533187
0.001971759373414666
0.0014356881097091192
0.0008246537449175371
0.001124307815070973
0.0019121155026624638
0.0021707869082061254
0.000495796025148564
0.0008485138607368976
0.0006884725554848842
0.0015568145605672757
0.0026845602305763092
0.00229679984718262
0.0010407668771477245
0.002378410493158226
0.001435139121635093
0.0021315921775256316
0.002756445144246266
0.0006330089393233547
0.0009292667715663658
0.0020523015202428036
0.0010040899286228044
0.002021255542329922
0.0018944491683205444
0.000985913264899845
0.0014300390841610572
0.0020523015202428036
0.0005040364590641111
0.001694306769865043
0.0017497277282080995
0.0009330154220142608
0.0010289224223563747
0.0023941498596402144
0.0011229175146956739
0.0004927164408257313
0.0006485305929154275
0.0020523015202428036
0.0020523015202428036
0.001635178432688001
0.001528502544987753
0.0016746658661564813
0.0018632246571621037
0.0020523015202428036
0.001672960605229504
0.0011534841616557348
0.001778368177055094
0.0015039406744932094
0.0012788273351505225
0.0011292464684414065
0.0007959999965008266
0.0015614224906243042
0.0012446534441018728
0.0008986299640793706
0.0019176630052832476
0.00207949633887883
0.0010105866365630615
0.0010294562710499063
0.0009937083946296612
0.003073496853626214
0.005310676545900276
0.001083283632990923
0.0007076022822511965
0.0022140002877256587
0.0022556679476622063
0.0009975669794595817
0.0020523015202428036
0.0008833604967296959
0.003810381739123501
0.0011623990822127056
0.0011657618246763107
0.0019535675746236224
0.0021696423785383906
0.0027684496778012154
0.002660335551894428
0.0011532836397706021
0.0012169607992784481
0.0011296678271954892
0.0011570296510695541
0.0023788949021973133
0.0020523015202428036
0.0016029550585627333
0.0012971714564763643
0.002052170482941264
0.002010396999749395
0.002023940065192282
0.002052337356610426
0.0014263046323969538
0.002082207973148126
0.0008942023031570645
0.0020249236258249393
0.002417831904238079
0.0005931498941303484
0.0005756623864873185
0.0011204956077487693
0.0027480962173533816
0.0014587307937807459
0.002142890901993607
0.0010305606334378135
0.0009577556807994002
0.0025070320176763675
0.001171254119238449
0.0013958517511299118
0.001057802739914381
0.0019617326271854875
0.0013632677010050258
0.002172088594754752
0.0015597871590623787
0.002549795955032937
0.001579544875718619
0.0010105866365630615
0.0009149226117994446
0.002143764902673313
0.00262612964197028
0.002220832674061626
0.0015714240677345784
0.005307512327608047
0.0012162412455751237
0.002232082955833464
0.0011715429349774082
0.0013655481780321154
0.002520687521973074
0.001577595816452265
0.003812508970537379
0.0013967932695637447
0.0012208543054149817
0.0014264839740057997
0.0018849447671314631
0.0020523015202428036
0.002098891329968384
0.0024211103580561487
0.002144668902394049
0.002229251901553885
0.0015746994685753987
0.0020570988106353087
0.0009983818076625172
0.0014268055935044266
0.0012412283993658286
0.0020566354984190138
0.003001093120674919
0.0010766435848150507
0.0017914810904335195
0.0005354676000890005
0.0019809447220357434
0.0011230356611927916
0.002169696440476827
0.0008875099961021011
0.0024230224489371396
0.0025220270968386886
0.00217109051421579
0.0018759870071749672
0.0011123824667066174
0.00307510779470499
0.0017207983294859337
0.001494699259668384
0.0020523015202428036
0.002037413281004957
0.0020523015202428036
0.0009513533357195247
0.0009444445057317529
0.0020523015202428036
0.0008863139799420728
0.0005754215315224951
0.002408191558045136
0.0023016052438391103
0.0008928314255111121
0.0010615031979608854
0.0009303518305820207
0.0009844470162809727
0.0013754541793840936
0.0020546265284970442
0.0017498371113345173
0.002214193822769574
0.0020523015202428036
0.001865971442167997
0.00112033488281058
0.002738180768931184
0.0010602099947589708
0.0006901540568601431
0.0004328314741450389
0.0020523015202428036
0.002171184431538069
0.0020220562997948104
0.002026761303682184
0.0020224969386039024
0.002292983095555044
0.0008376508124286677
0.0020523015202428036
0.0007705826404717846
0.0012170309319524547
0.0018837719155481174
0.0010279880731956046
0.0010734018870996256
0.001895019415114746
0.0010057097785828451
0.0016995118317078607
0.0012045885836275787
0.0023955557291974543
0.0018781178371078534
0.0018250068908319168
0.0020523015202428036
0.0010805575794956216
0.0010548603110849429
0.0010293537011874015
0.001364242138690989
0.000808828222628752
0.0015311480752610517
0.003809110757515993
0.0019897513163741215
0.002172033491464429
0.0022102893794317163
0.002295900700428249
0.0005570879782781094
0.0018954499382436505
0.0010159390186331137
0.0012551812818445355
0.0017057474192399634
0.00125158380790901
0.001239049324110156
0.001054961459240427
0.0024082738304186295
0.0008974031399699924
0.0015110050122199867
0.0008325242268634877
0.0014689194416985072
0.0020523015202428036
0.0018932899750213445
0.0018779879351138546
0.0010127110104599234
0.0011521016996841893
0.0022330369679761123
0.0021912856858079433
0.0020242266923136314
0.0010808722063941334
0.0014856634076466904
0.002507245900577382
0.0020254399003477716
0.0019339816789116105
0.0010168147222617682
0.0010746851038499123
0.0015249859531722618
0.001783304044054604
0.001454931586604853
0.0019193272435133362
0.0015120628849200819
0.002084093443333456
0.0018861942107410835
0.0010068325852520415
0.0006880751614278975
0.0013958999079570042
0.002210919572857923
0.0020523015202428036
0.0020523015202428036
0.0021709506667166967
0.001295544579922773
0.001507730914930234
0.0038119363293867663
0.001140265874664628
0.001634879066047581
0.0011142398007776232
0.0025200160613939983
0.0019731655093640347
0.00242881147731612
0.0018882965393523458
0.0020523015202428036
0.005311497982989161
0.002440055705186165
0.0010476647190895585
0.000796796981400191
0.0023675515742127957
0.0010478078958268504
0.001983023597788646
0.0005733982806166491
0.0022509663996052548
0.001180479182456811
0.0018969955248244886
0.0022922696857076976
0.0023237691714207507
0.0020175689696745078
0.002073082244884943
0.0016371461275392378
0.0015311237715372628
0.0021871582985904868
0.0012073763024156678
0.001579544875718619
0.002014122715843948
0.0020523015202428036
0.0010350765061612028
0.002233469581289936
0.00250643343145263
0.002340187426794233
0.0014266599643578501
0.0014365284639247665
0.00102700181204196
0.001428932816314825
0.002137126880122151
0.002168884507673528
0.0038132163535832073
0.0013632469884318477
0.0020523015202428036
0.0012804134744093174
0.0020523015202428036
0.0008833779050415977
0.0015736636480794216
0.0023778917665430027
0.0023378615061168282
0.0008867059586395092
0.0014449053971381525
0.0027073380222492837
0.0022309385203375318
0.0014307864900935216
0.001075350985634608
0.0012466013852426537
0.001522133468362498
0.0016342195963226329
0.0023378041392456057
0.0016704772273437197
0.0011991428156782448
0.0006935790641465813
0.0020304076999188396
0.0027336943882871373
0.0019445557685165012
0.0022605055301664614
0.0013412746176038528
0.0021434657717581207
0.001029313166452071
0.000875145723789714
0.0006919840250086377
0.001121604572397583
0.0015274403823956428
0.0014805047311400032
0.0021346243626378303
0.002784189502494924
0.0010304581099738707
0.0020523015202428036
0.0022104933666061907
0.0015431650653527286
0.002492652311565317
0.0020523015202428036
0.001800104094029246
0.0010241791949186095
0.0009210381461810204
0.0019157771827256033
0.005308527552493813
0.0018111172418210303
0.0019039377204331186
0.0023409045726619344
0.0013937006019510679
0.0009010363919009507
0.0018870501324230724
0.002792574736340443
0.000977200784390973
0.0020523015202428036
0.000976286516761577
0.0006961453054622498
0.0015584785789584945
0.0008409628964072699
0.0017810694497388559
0.0024645437357488577
0.003817531477293499
0.0020523015202428036
0.001231974599743345
0.00246096904881804
0.0011598311824071097
0.0010092710138548283
0.001203128605136989
0.0020523015202428036
0.0021715251973673587
0.002211975994518213
0.0025082365209158114
0.0016312935440107779
0.0015439353786610688
0.0014358616717138693
0.0010719707078153335
0.001012285186048729
0.0027690170547125374
0.0008973203161533085
0.002143523813974114
0.0025036611187772974
0.0008432220313707229
0.0021425022454023344
0.0009951369597355254
0.0006909968012175713
0.0019330167106480062
0.0013903912195999792
0.0015680548522450603
0.0010134618625920772
0.0020681762120106986
0.0010283224897822635
0.0008073695266840337
0.0011088368380894969
0.0016168244310105437
0.0010277830997303253
0.0017762565574617197
0.0021438352613457837
0.0020523015202428036
0.0014300390841610572
0.0011834533125908205
0.0024264666118973314
0.0013594429583343897
0.0009993573675487646
0.0010290003376049086
0.000866029424086084
0.0020250813080453377
0.002144117812584425
0.0012909358898010532
0.0015209015002409247
0.0012951429462515162
0.0015230048081413489
0.0008819474473678558
0.00102938029952334
0.0010308191616104558
0.0015266494538984975
0.0020523015202428036
0.002461487615015836
0.0020523015202428036
0.0020523015202428036
0.0017387941236067757
0.0008151332330239567
0.0020814343822285093
0.0006994428901912185
0.002143955119263631
0.0012473416688356122
0.0020523015202428036
0.0018936012470008917
0.002341625908493831
0.0025200456545201584
0.001891135755259892
0.0010597628441390552
0.0013618563844498303
0.0023431500573002895
0.002130083819939133
0.0010399955114603105
0.002296311877039906
0.0021299170785517144
0.002351330246434135
0.0011470126398439712
0.0008236933153936795
0.0022132362305973554
0.001213290024031925
0.0016063720557859939
0.001236880083911304
0.0017229182492500092
0.0015208805974327609
0.0006976785957046061
0.0020523015202428036
0.0020858576910991935
0.0027321376619912317
0.0014620564891628086
0.001363637282891524
0.0020523015202428036
0.0012442675322434792
0.001061632891801053
0.0013696145450603297
0.0014340796908438275
0.0012774596930083006
0.0019143791543101553
0.0024216202119091076
0.0013689200673052083
0.0020523015202428036
0.0019100808829113104
0.0016345944664422434
0.0005035613395689796
0.0019460915848932454
0.003232527424617919
0.0010302937101866426
0.002337293220433515
0.001527713777983562
0.0015013946647110584
0.0010321775475734573
0.0011191339274119595
0.0007759693351712443
0.0018336820568368474
0.0010451508245045127
0.000977200784390973
0.0007118161466444879
0.0027642730042521783
0.0011604878077405654
0.001911039445427757
0.001519454241019702
0.0015739173555278229
0.0005598520871705456
0.0014230533409573748
0.0020281225886457513
0.0015468068598467812
0.0007961664855783959
0.0024183318167988617
0.0012368166935659754
0.0011214129870304468
0.0008178178804238985
0.0020523015202428036
0.0010712300430682144
0.0037491899307353495
0.0020523015202428036
0.0018867387154564768
0.0018868166078868885
0.000822982596582634
0.0013868746840614067
0.0012099595378280803
0.0027834566692961672
0.0020523015202428036
0.0003391536820921578
0.001581867034355165
0.001885149644171561
0.0007318771773619256
0.0012567471266079872
0.0015021136344783217
0.003044750324850785
0.0015850791965478256
0.0008913923043891128
0.002737618343847834
0.002951360941395148
0.001345564225901315
0.0008601474833601299
0.0014333517872563203
0.0020523015202428036
0.001261440278026405
0.002395922532848523
0.0028117718410429413
0.0018246432075605132
0.0021365791608046135
0.0027313909132535654
0.0017868259044934015
0.0020242456210184715
0.0024096767903046467
0.0010563298154496728
0.001635193691150925
0.0020523015202428036
0.0012234562906965135
0.001745614455749701
0.001239716635091013
0.001581107217924607
0.002168603040459425
0.0023810950188547673
0.0020523015202428036
0.002051262626386834
0.0012136073475336787
0.0020523015202428036
0.0020523015202428036
0.0015182724799927443
0.0020158986362132556
0.0022131268682616463
0.0014302098266935758
0.0007666291390467342
0.0020523015202428036
0.0010136523966101099
0.0012158826067585294
0.0011252918238890968
0.002175081311368839
0.0011182911262698693
0.0004945758194376877
0.0009826602064977935
0.0020523015202428036
0.0012851767907276492
0.0011538760017390166
0.0018336820568368474
0.0022115412365387257
0.0016793617658450888
0.0012263644042810812
0.001428847133437314
0.0023941671593531947
0.0017437204623747214
0.0020523015202428036
0.002213369688861931
0.0006480222761661452
0.0008216518174165213
0.0016233881773686943
0.0015237309611947623
0.0011223446191172208
0.0009273005807710619
0.0017503433590512802
0.0024002213692861088
0.0008477519905935936
0.0015433303005528373
0.0010774882556714056
0.0017800699887412896
0.0012254618815333703
0.0024282427387826776
0.002186572974092421
0.0027297953339437495
0.0014485483617607045
0.0022109450390701705
0.0008858409716078253
0.0019445557685165012
0.001788093828689171
0.0010059349176898204
0.002214716512488893
0.0008371490412577844
0.0021425556566399924
0.00225904462878601
0.0020523015202428036
0.0017534523496929432
0.001241614416000003
0.0021443768300433664
0.0012377253966445278
0.002039357761950348
0.0016971111896030811
0.0020523015202428036
0.00162876801989197
0.0038116173248757437
0.0018280342437863811
0.001578982701514776
0.002766201122115344
0.0024627084581690887
0.0019481499553843202
0.001059142476566988
0.0021704358203063954
0.0010461264311534707
0.005308860265667737
0.001227789380028006
0.0010509836995044404
