0.0020534155623006195
0.003992271714138676
0.003019341351903073
0.0019404198174374156
0.003241145502300951
0.012343820409049652
0.0027584399794235515
0.010228057634850091
0.0039966412846371546
0.013725479459744047
0.0034238415516162947
0.004164494673554867
0.005114185100912741
0.005106530763223434
0.009132196705392278
0.00434033278050658
0.0035881577002170725
0.004367251967513632
0.0039924393961007065
0.0027689812437648753
0.00174271150666671
0.00431729703730997
0.012577630552971734
0.002847903514897645
0.004974034920337743
0.007602013036244901
0.004684188339187769
0.0029457553175564763
0.00416380635803943
0.008068689854149557
0.0015504482013032896
0.003485371165856436
0.003565269917095664
0.004005108613805538
0.003122243786687652
0.003548206688624821
0.0020618490075279454
0.0016368942978639868
0.010226010142499445
0.0020287389504453288
0.002507222146794667
0.001162536967800584
0.0034445565432024254
0.008131591228503428
0.011874869215640151
0.001162536967800584
0.01022795130704623
0.0014746242796812973
0.004031831992964194
0.006578166485872295
0.002972528565454726
0.0014070718441533355
0.0019986273900980673
0.005863693239128423
0.0026976892794127443
0.0033203523083948127
0.0022618899321622163
0.0016863226569080066
0.0019646907942870674
0.008733541824615207
0.004006800757475554
0.001162536967800584
0.0027781929425910786
0.010297449847274343
0.006371484348591768
0.00399020483068374
0.004203119805829086
0.0055178237489545015
0.015231083631456786
0.013489881156262632
0.0030834428340698774
0.0019986273900980673
0.01373193008103998
0.019673706635231977
0.007041928722669039
0.0015281531333114211
0.011893930125145637
0.0018383763033709747
0.005408410064072769
0.005586020349327077
0.006389938600515085
0.003281107416790266
0.00730276134575297
0.0019805439742214747
0.005470228408921455
0.0023207819595998202
0.0035154344885492753
0.005135630212196379
0.004253615567875585
0.0016147979902119962
0.0019190385048797945
0.003973798483817536
0.0011225691569427018
0.001420863274211496
0.0018015264221703745
0.0015962063500964939
0.0027574902843411535
0.00205620712372507
0.002966676912832769
0.005115629635918892
0.004146464200102594
0.0009862585658969392
0.005106530763223434
0.0030978338317061496
0.002597878218916389
0.007392774230421684
0.00173062962338886
0.0011537705443543356
0.004730979307367581
0.0039604229213380015
0.01969422462921678
0.0015962063500964939
0.001979611685477026
0.0036658650834756577
0.001162536967800584
0.00191383475792665
0.002076862145558536
0.0011919351978730488
0.002700610846061266
0.001162536967800584
0.0017295383752164203
0.01250496304608332
0.010223044144770434
0.002066244338892766
0.0022011639156596674
0.00400828479133857
0.0014026360928043006
0.006389900792827359
0.0031352960988392602
0.0018340376250126703
0.005140376082740027
0.0031114378879961444
0.0026224526543855435
0.012778520409930386
0.00301915162962957
0.007336845780860392
0.004687349867956823
0.003100330339084796
0.001690855605506443
0.008133573954050979
0.001162536967800584
0.003473317528031963
0.005598224858034925
0.001162536967800584
0.0008468038195287738
0.001162536967800584
0.0032638158180334784
0.002609045897234427
0.003989853748881769
0.003023190535619393
0.00575016213632439
0.002059796650651085
0.004029885842643545
0.003262219194971694
0.004269528895632356
0.0009887523501953721
0.001103931141662364
0.0024005994401071406
0.003115260993418585
0.003249363221972731
0.003295275795922338
0.0022670114672274635
0.0028177225677232165
0.0014626873056402018
0.006558014791246816
0.018689161328808063
0.0057826911824119575
0.0029498761790274454
0.00311271147091914
0.01868957047943775
0.006381412127576314
0.0014655562472803366
0.0029609499163350808
0.00811489833010503
0.004051699036814551
0.0002890786689474118
0.00299428794854771
0.0027893813529622827
0.010125968054697227
0.0038471139035612494
0.007069490822613597
0.01025388750834876
0.008085848788170539
0.003119435504334587
0.00728314045876117
0.001162536967800584
0.004011805142653789
0.0034050897335658288
0.007112744158587805
0.0034587760271275864
0.0035328566673605124
0.0009903417209088038
0.007587649299841082
0.004130693842457524
0.0021491322009666177
0.00392694604700527
0.0009948382819698531
0.006575206960750754
0.0032147812592082927
0.001438462883431706
0.008710648925090402
0.003995603946640927
0.0020622059835996125
0.0014333298551864376
0.001972781614841438
0.0011714856449038635
0.004793656547049628
0.001966649902883221
0.0046523726435946785
0.001956561178527039
0.003782930061457795
0.002374817015799692
0.004037269132012029
0.0016970178375642435
0.0012163266795666948
0.0018725784351807863
0.0034490366319836034
0.0038173309083838385
0.00510471345979069
0.004639598301259287
0.0019001143434167543
0.009008726073837748
0.0025422988226531437
0.0035598716092640364
0.008762626803040168
0.0004190162116985806
0.001162536967800584
0.013496354441082598
0.007169017244442921
0.015114776454445266
0.003512164252967552
0.010226331323552985
0.0007985043016960831
0.001162536967800584
0.00400450388430824
0.006376460439116364
0.0018678898562211048
0.002008743828731881
0.010286060953875702
0.010230895968655729
0.007139935911431557
0.006720724853120992
0.0009559815098745515
0.0009283703483521748
0.0014723197206089474
0.003960990718606882
0.002310412631436344
0.0025664560259961774
0.001188127173145173
0.008770804013254448
0.006899977002881805
0.008776191957434239
0.007156480386188259
0.0002890786689474118
0.003542172948797966
0.003807575570595015
0.005153867071463645
0.00307846249829568
0.01424444212162459
0.001963755297382154
0.0028785783401642884
0.0009763766423848073
0.0014097255407980306
0.008666215406073253
0.0016863226569080066
0.0021815355794549064
0.010230136351436178
0.004115632895038901
0.0028830124960213532
0.008663668797012945
0.004380474011828974
0.006374000000064914
0.005152072799148723
0.003997692712998402
0.001964438546252352
0.0034354010231670055
0.001162536967800584
0.0017295383752164203
0.0039041052546300316
0.0019710047238064954
0.003999755082671282
0.013493968224461856
0.007255256990341516
0.005860014874716562
0.003399228315033806
0.0033569134825343766
0.004224620043374712
0.010234346579772707
0.001956268411659109
0.004004806272715922
0.0020052026373904423
0.004774868382072371
0.004058090253795517
0.001162536967800584
0.0030723865013961233
0.005745666363124002
0.0021327061900047488
0.005569423655244916
0.004017156564518368
0.0029155521098908448
0.008632787601564638
0.003498009277677487
0.004591397868578019
0.004084622906513813
0.002228252632010436
0.003254293766015771
0.001862775817743296
0.008107304742810935
0.004621387627079786
0.005394854176155329
0.0028739230951824557
0.0034455606482998954
0.002360088703271427
0.0020278924564821237
0.013016409094639655
0.0017077173278391322
0.005547636619387509
0.0036916892711728647
0.0012510311237969648
0.011936400979513418
0.0017811546832584475
0.005423598301211878
0.0075441551137739845
0.000688900366500728
0.008168422836341265
0.00710708377567353
0.006159037044018846
0.00728314045876117
0.004304033997696112
0.0011913312110327207
0.006446483128949618
0.007387741541637521
0.007616150550089532
0.004782961908078709
0.0019110054251034168
0.009069565538533822
0.002991054221424737
0.0030615217714665974
0.0065883360152868276
0.018676155139982508
0.0013656497974535475
0.002315053180723408
0.006550156868917853
0.018345782935929235
0.005124930535357196
0.0033229993544510645
0.00879028659054394
0.0011371012596804266
0.005261053417955743
0.0016520849811722117
0.0013925146766637028
0.0038221700734485885
0.013499257848737154
0.003006763184112196
0.004390682590396245
0.013490985986958828
0.0005581833211063174
0.01427867512511318
0.006565485874078493
0.010261033196240355
0.004085893364339343
0.0028390480996684482
0.00270051714959636
0.0011497917276666104
0.007434594178550519
0.01514957680762129
0.009057112818220676
0.004626439916820228
0.00222988606655861
0.005118666126115085
0.0014212689600626095
0.0013091330355712418
0.0021217534472924232
0.011180018440369944
0.0020372416439455748
0.013743819474379351
0.0020908571486842427
0.003132044108460846
0.005359620585268142
0.0028657998846024855
0.0035164960389305186
0.00311271147091914
0.00534010282338752
0.006583647091692088
0.007156482513501298
0.005164814035092698
0.0030480818687607524
0.0075620908557197195
0.00388732600317742
0.002881208725793035
0.001931610533621756
0.0014454033534456573
0.002376501599669823
0.0035950906404078943
0.006159144537505654
0.004628344366041878
0.007994718685834833
0.001352046352463907
0.002057578414053111
0.0015962063500964939
0.002691489308617296
0.0010297968250501698
0.00850067240940153
0.00874071500876757
0.0026898188457844755
0.003782697715574395
0.0029812006595699306
0.007544542601713475
0.010889165134354669
0.003479492101010801
0.003992199329471103
0.002187819995054566
0.0023831885422581052
0.002913313787949052
0.0032679555151959834
0.009053132529101665
0.0025479361670952736
0.002151963311352337
0.0036767126826075815
0.00462176315350556
0.0014881195215678748
0.015063375052484462
0.004228673885807548
0.0004558091265726657
0.008621744681645236
0.009041488031681477
0.00810422863087054
0.012163800766253906
0.007104167669953197
0.0035157921675988877
0.0035736333910804815
0.001973281432219408
0.0014501355420097628
0.007551244971258539
0.007535972233284216
0.004015727920906561
0.003354985802783585
0.0015717677296565099
0.005876078185442334
0.009084923318200763
0.010222141873457935
0.004311958660344515
0.0063778767931611385
0.004169979742543585
0.010229121699659276
0.002119694479599382
0.004417867612574879
0.010287799927481897
0.0055940916635733315
0.002043399331731875
0.0020279039613444955
0.0032011097846095494
0.005418392072115978
0.005599106035360431
0.0010951474857261317
0.0032473798108429313
0.0018371622575572434
0.006404558265850509
0.004610822729868475
0.001381505596528917
0.01263906201398303
0.0021491322009666177
0.0019290596688526333
0.003176196631112912
0.0020199042739280767
0.0033695602600865835
0.006583147842694129
0.002662835099598391
0.010229541766749341
0.010215861190815897
0.001955642769615738
0.005164645233755548
0.0039646950476487945
0.00534069874255835
0.004062257096284752
0.01302961487598955
0.006575147250165272
0.008592479280885851
0.007163797914005373
0.0018023423946621098
0.00416837801440523
0.007340828387935363
0.004614207849708828
0.004121539488592257
0.004365014401969641
0.007536907987849539
0.005539392822775378
0.003451503403037545
0.0029839611926960837
0.0040438083852858174
0.003065934862736746
0.003082362752443289
0.0006593001033212021
0.0027568753613089673
0.004156341226091942
0.0021560101094488435
0.0010726896067597424
0.001907385887227189
0.0009955264109543288
0.002109353680560646
0.008710648925090402
0.005579887870529114
0.004614090328071802
0.0017075662129443462
0.0075399397621392335
0.0016780161074166778
0.005416818636783709
0.001162536967800584
0.007521032386216472
0.002145100133130571
0.0032553489051582703
0.00584850724545634
0.0011361502699974314
0.007183878539662722
0.01256850593382508
0.0026571250786816066
0.001407763862204443
0.0030967968793342558
0.019692489456769026
0.0051405641208026815
0.00905285390553362
0.01023783424978729
0.003997874836925288
0.0029980743954306833
0.002307141146657798
0.0006707039887892039
0.003249340149855267
0.0023859193730635993
0.0011402758098562743
0.005559158811374546
0.0024841483223671393
0.002064961317756181
0.003017595426482094
0.0013605884528106152
0.004040908999305018
0.003214745545741722
0.0033368178882794233
0.0008182900115213413
0.004075707874563044
0.008160905197644267
0.0017066758987561322
0.00340278712256323
0.012537287704446645
0.004488989318823559
0.010882433344820102
0.008743917566832989
0.003974985506224641
0.0040874920673755364
0.003128363631675822
0.005146201850922111
0.008492775103577729
0.018295695773098083
0.0019872820532386135
0.0018170181307402711
0.003868339104128084
0.003094156089584352
0.006607608616045635
0.0006504887610919225
0.005816696991004233
0.007962455797156525
0.0009624619279007205
0.004113555367396853
0.001162536967800584
0.0043097262386534
0.0034632352201458007
0.0009715708375465971
0.0036819519928518356
0.0009275571814369542
0.0016042562088883511
0.00020348865151206065
0.0027786461322458307
0.0038374225051845943
0.004009269580923917
0.0014097255407980306
0.001942671143972547
0.005023526237574621
0.001967840253511503
0.003304873711794341
0.0023074541349083324
0.00570374742630478
0.008487660634717164
0.0031329109976982994
0.002720774932094697
0.0029788421117513215
0.010226852416826006
0.010225228459899
0.0019183192668727842
0.001482334269570262
0.004003250827591522
0.007134943600022909
0.0022573818903633336
0.005862726784376436
0.0021890597917681555
0.00656460539139535
0.014280615777079763
0.005721983567374199
0.002030245408528231
0.001162536967800584
0.0020919327479892885
0.0035164960389305186
0.006583688595770801
0.003982420649891539
0.0032363053878616656
0.003546077388277718
0.003562029353128636
0.010235958224475029
0.0041628914731754564
0.0005308093689054408
0.0013331205426209227
0.006601802688836566
0.0075579049851094895
0.0019906292046763144
0.013490532027394845
0.0029766715564605974
0.004840096918366956
0.00812143675377038
0.010219877962481083
0.0014155512170288302
0.003907583290887404
0.0019499397149038392
0.0031949738067669695
0.0028857242660365557
0.0006708479567249972
0.002525100804773476
0.0064490159316255985
0.0014092252047507266
0.006582586185334751
0.001438850885661825
0.004735245534513434
0.001162536967800584
0.003581453885183561
0.0015205673807508618
0.0023383739156146314
0.0034144485809655596
0.0022417721172654807
0.0010138237053259724
0.0070905340823649065
0.002219140631458587
0.001162536967800584
0.004354137199720082
0.006590653170464535
0.0028265889456036077
0.0034167524942322345
0.012768196597443706
0.0027894335675785866
0.0032605127419833373
0.003510724141998089
0.004056139723052521
0.0014236807294965835
0.0005315096378204071
0.003257635133239509
0.0024750950964523145
0.003238436477804399
0.0028378369219232468
0.0037950753541222625
0.0031658925830550856
0.001721083425733606
0.003004314870177734
0.005577158804818736
0.006570496337897589
0.0003052250003765054
0.001162536967800584
0.0016588419822026542
0.008517290564033544
0.0035963312461345285
0.001973512717611164
0.0014693311686033886
0.0019071115432394345
0.012538298854225078
0.0014335652770253976
0.001162536967800584
0.001253028729131731
0.0035547493344479596
0.0035985669584052984
0.0023214626404721556
0.004890451928524329
0.0050303597047026425
0.0014954256351684563
0.0014048188730923302
0.004023049568454127
0.0021107521168880353
0.001958806267484403
0.0025473741118318773
0.007314388127524785
0.005088839916986323
0.002662935634586832
0.0027676849076992234
0.0032608186503692814
0.0031572975745301777
0.003105005236011478
0.0005281581830020939
0.010219702285321925
0.00388348523744867
0.010225986685789336
0.003633989902569427
0.007533229756253093
0.002894198015555992
0.00726809238156603
0.0025630893230483833
0.0017426212294179588
0.0046538169684618245
0.003988874166881237
0.001162536967800584
0.004877785638008605
0.0013838223678272203
0.0016905547720029563
0.005116975841251212
0.005022037749983309
0.0018355543087118955
0.002004946428803794
0.0020818602328377444
0.0021825042029878098
0.0005475547373566742
0.003054197254602007
0.001162536967800584
0.002283955556050134
0.0024887480659163594
0.013484631335793066
0.006573697420307385
0.00198827225751348
0.0065717456943119885
0.006582271224613
0.001279483394792803
0.001162536967800584
0.0020234330695811905
0.00719489890548571
0.0010697146851246161
0.005382708141887628
0.0007012211908768218
0.001162536967800584
0.0009674842033524688
0.0021043221680718495
0.00368204379028512
0.005153774220002433
0.006109897228960585
0.0035760685867629377
0.002279476547527411
0.004014486733423394
0.0011082874178296766
0.00534069874255835
0.002474947166087985
0.0020455875193596687
0.008148622671482222
0.007522991175511572
0.0046012995517440165
0.0031220595968838452
0.011598330234556137
0.003928921210471721
0.0034474882659718494
0.0031132886122857612
0.0035977270802537375
0.0030339349352669605
0.0033208408033691727
0.0031369597418623675
0.004737705681989961
0.006383280697166177
0.006558462322036722
0.005853769646014226
0.0020329797455882963
0.018573155936706384
0.013506785207480018
0.0019271852186622817
0.005141896656920506
0.0014121621931464997
0.0037094192840539083
0.0031081436682423996
0.018691643492505135
0.00121529376115065
0.002488184831865299
0.0019367285383298347
0.002737611410121592
0.004679334509707152
0.010244891651836886
0.008195781130089234
0.0007203287075929401
0.006111379863194676
0.006562593786369945
0.0010177845395617719
0.008111048124373018
0.00121529376115065
0.0028583613452578707
0.0027613118680242716
0.004410737255917937
0.0013670476641421956
0.004007774665296971
0.002811907684795083
0.0019582509660876317
0.012591088551375631
0.002004592666662431
0.007392774230421684
0.002845097762560038
0.0028648853934358357
0.0072798275264855964
0.005558697434986977
0.003054635480701619
0.018674920414094194
0.001162536967800584
0.0017076370328400832
0.0036000485192356673
0.008713831592424148
0.0017474376323155217
0.004939303359826014
0.005771887523937189
0.0032688940092507794
0.003325683285300915
0.003317675316193545
0.0011408599130506565
0.004008685457722822
0.007076417545277387
0.002860595608359037
0.0017950341718050086
0.0043059780337722665
0.005082081622833564
0.018683197908212473
0.006055139313004798
0.003394238593446764
0.0017691818774778593
0.002261153996503544
0.0035542193936590714
0.003718482267919058
0.0080235050797703
0.006563444709150726
0.007989677027181872
0.005806396216771263
0.004020347639086837
0.012364142688275348
0.004101316835570656
0.0042951625995292075
0.007071154732163726
0.005397839527675127
0.003026575073377725
0.00876406400778181
0.003769479961945971
0.005603166986094213
0.004881464669615599
0.0003102414155600608
0.0038327005766322095
0.004449450247430483
0.0014084016716200342
0.0034144485809655596
0.007573163258920622
0.0003739325089813251
0.012715808697176248
0.01371227680350319
0.005418937457432635
0.004179725191022789
0.0014501355420097628
0.0020198505205851437
0.010218532631410624
0.0037893301714817937
0.0025136225663012286
0.0021944279738224026
0.0025045454042027905
0.0025861170646877944
0.007077173599108931
0.0010024532089757906
0.002973984629518019
0.012034727843826877
0.002274145862840677
0.002206524032867688
0.012762925594227089
0.0039339669030092434
0.0034153955127664273
0.001162536967800584
0.006584365962241009
0.004014364930501846
0.0030368512318434586
0.0016549467986640611
0.012971190610641423
0.003925574173720137
0.007571573695688019
0.0025222094053557404
0.00563706296097311
0.004159320366775718
0.0020859276096279952
0.003986350492853503
0.004492243946360678
0.00354594578476531
0.001478262711358686
0.0016371163032234553
0.003167106004942609
0.005698867608029516
0.0031866359902924463
0.005120182112989174
0.0030565983161936036
0.005363748923328651
0.0020178190559072143
0.007102118894132213
0.003252572804782863
0.003933833983192493
0.004143740364202345
0.0008825048845426877
0.004616436589724003
0.0031269691753258028
0.0019965552812377836
0.006131155034998835
0.011606137539859493
0.0025199378156089236
0.0020273026728016424
0.0031797037074222656
0.0031780746281646526
0.00196625353999703
0.001446989569897268
0.001227161719575567
0.004021492611311576
0.0070775467643722475
0.0013718898684031851
0.004196480599928882
0.0011225691569427018
0.010362722390024013
0.005124299474172871
0.002403524156280943
0.002023794832639929
0.00020171793004554583
0.004113353715034471
0.013490142462460646
0.0025828350866283828
0.012759919768213468
0.0012560295488325151
0.0016661390219371366
0.007535215459110618
0.007554734474266503
0.0001834495821473389
0.0008932847127208785
0.003971848384978259
0.001162536967800584
0.0018050953190803687
0.003241145502300951
0.019827723856260828
0.003000504497455625
0.002267600326859551
0.003152811478811967
0.002899503762640185
0.003095158723098971
0.0015896128806753497
0.0040589890371268466
0.01348600777404558
0.0016870581322529128
0.001487158947625935
0.0028946862989181403
0.008126081082433087
0.013491460873868339
0.0032617021960019204
0.0032081138811767287
0.00228082028976979
0.001264181573190388
0.0016678691991172316
0.002152421539560726
0.001162536967800584
0.0025373269461951144
0.005862329279733567
0.008114628241564855
0.0015589707116407364
0.001162536967800584
0.007713214595530893
0.0032363053878616656
0.001162536967800584
0.004979594327944665
0.001162536967800584
0.004388637996606567
0.0016553490624133464
0.0015807513789559955
0.002944525746173359
0.00811489833010503
0.0017253273509919929
0.008076595179554277
0.001775750080224154
0.002783648580934954
0.0013137511933180542
0.007547482777458483
0.00022350092125372048
0.003592602696067433
0.007398276430021828
0.013858801387526796
0.001162536967800584
0.007092532452774002
0.004214139452873781
0.0030583420149343198
0.007563386018784294
0.0014861726218278648
0.0018506866583274668
0.0030294349523706738
0.0021052823439550294
0.013502683549377217
0.003308066228386175
0.0019532289409491337
0.005559469954243182
0.002165974160513661
0.008096344230410796
0.001815509632990077
0.005776283736364493
0.0022407817167486737
0.0010044627188499147
0.003205801331999393
0.005581503877366816
0.0038471139035612494
0.00029201403701678113
0.0009848406070209752
0.0021869422786357463
0.002179084256903964
