0.0017163902793065145
0.0019344770316722575
0.0008221667247845817
0.0015780582610720188
0.004246055944186476
0.0017046884368878796
0.0029531554636821147
0.0032218008683570277
0.0021036999522625723
0.0013438984723206586
0.0013020030281537015
0.000917897551112089
0.0027361394795019293
0.004457172175022648
0.002263636473868532
0.003482609859540591
0.0024044338854957333
0.0018241271158038787
0.001021528947525551
0.0006725801159492127
0.003824036613228691
0.0036489817674387067
0.0009710557018239634
0.0012368755714746822
0.0026529229934939814
0.001706502859788826
0.0019931345097711343
0.0019573395550235104
0.0033339881602981875
0.0013480829874395544
0.0019010435454867955
0.0004720566404506357
0.0010009007232396482
0.003018416514885832
0.0034994904203150775
0.002997143590508202
0.0011457761753617826
0.0015164214388669437
0.002323129164438903
0.0023814012661020263
0.0009776536010293138
0.002030342587640012
0.0018073487691262259
0.0009623935226323679
0.0015719041184532954
0.0019364514864874487
0.003526031636950385
0.0015019961485609168
0.0023730687965402416
0.00534695090756319
0.0013040509026035216
0.0007288653234320394
0.007608543150633459
0.00046228473406275246
0.0031719213825311264
0.0024036937582758893
0.0016750227499827378
0.0018638607068384272
0.0010114214396373968
0.0023688433305153926
0.003218127887344834
0.0014693606456646353
0.0019205031118735682
0.0024398000845297077
0.001494969926539966
0.003232568952338795
0.0031191475424826995
0.0010126156367160632
0.001754837132084009
0.0019494115042340773
0.0010307752806999499
0.0006755512549688912
0.001758751623129529
0.0018867924634973462
0.001424528866224539
0.0023220419524257302
0.004247636299232615
0.0016765660939486644
0.003122563385114202
0.0035301385858864253
0.0013834900468011487
0.0008726460257919435
0.002594257199031614
0.0007285142953384345
0.0014078342948242442
0.0007826307490996012
0.0020958274200192305
0.0015472556027955413
0.0021005118108413075
0.0011457761753617826
0.0016761283277603861
0.000996875824430741
0.0035259276741034912
0.0017972888961168606
0.0023698666346074764
0.0005509343267121938
0.0011808217951174277
0.00181817692428282
0.0013845519891804603
0.0006922416719753179
0.003542316993021544
0.0033891751435583643
0.001682688294970674
0.0013776998777374795
0.0017544325927323406
0.002950204868514546
0.0007760777288494266
0.0032362331861677945
0.002591092442035565
0.0030931455962248957
0.0036607784892824214
0.0011457761753617826
0.0010703833761310274
0.0022893649267167345
0.00196638799373845
0.0014016537452578401
0.000936096785579532
0.0017629969379856288
0.0017189532304651954
0.002200888342865203
0.00209458839696815
0.003528920835981069
0.0028252828890112016
0.00353886367285568
0.0014828754540135896
0.0014086613215521081
0.000981769908244309
0.0024513640087366717
0.004051754203564365
0.0010229123526177518
0.0021867337140975425
0.0016945015621451362
0.002319213993589439
0.003174285070900866
0.0024020381790820482
0.002930040572122224
0.0013813047511539562
0.001066069311915332
0.0029770562003045447
0.0029869050732731304
0.0015238249402334298
0.001430259402609051
0.001519290732124255
0.0032218158240839992
0.0014153952327399357
0.002130059786520506
0.0016697525367861967
0.0017591927934674774
0.003716056694140719
0.0010981624804224921
0.0011457761753617826
0.0021864149600245744
0.0014398190902811844
0.0020687551685157667
0.002261032174350988
0.001938269711678454
0.00202696118957958
0.0020821610966356287
0.002933940519040463
0.002264149874744363
0.004457855045083962
0.0006613792076612022
0.0015853303194195212
0.001365391424589794
0.002858445117050171
0.0013086952261388142
0.001690182472755861
0.001950577305290973
0.002759910542122132
0.002591399676639218
0.002103316404159204
0.0011457761753617826
0.0027797017895024503
0.002697068976856219
0.0009134404755789601
0.0011457761753617826
0.0023687495293378915
0.002604347577457378
0.002772595611848099
0.001890006859017266
0.001124926905657428
0.0038256334019535023
0.00382988795093973
0.0023198057606497206
0.0011457761753617826
0.002420440023242722
0.0009202049667435518
0.002093497609218513
0.0011406569209101178
0.0015679021147248756
0.00123247449908677
0.003092885778944003
0.0012533844594381986
0.0011457761753617826
0.0013812101470483706
0.002594257199031614
0.0023707960766697184
0.0013337103756366048
0.0038269931945947647
0.0013442931592583243
0.0018102764675690134
0.0011457761753617826
0.000973155006220886
0.0013081660384079974
0.0008678083415894729
0.0013090884546662282
0.0037095187593934563
0.00321173431187067
0.0021753511403572448
0.0017024151760781344
0.003821910160534922
0.0011457761753617826
0.0006970365644069925
0.003821903761243645
0.0020072265470225535
0.0029297174858553174
0.0020355803995424416
0.0017466340698361062
0.0032150632250415832
0.001549660475636561
0.0012923263673901414
0.0023192570490263853
0.002031917109462213
0.002259941271743339
0.002423397989144519
0.003648631498653052
0.0034736111038272378
0.0017484888370675597
0.0009749858122351428
0.002809987110710022
0.003703316725917455
0.0014307132104075834
0.0006249326284338397
0.00238230840301214
0.001760285190456663
0.0031214093617484553
0.0013848829599219117
0.0021269657986876253
0.002168652242535516
0.0020392146416399093
0.0013848743620711924
0.0009304563667433335
0.0013860129942451474
0.005348888902977694
0.001382924509279261
0.0024034683975098416
0.0019487304588740703
0.0033375848374017857
0.001275451128240073
0.0014250035464871919
0.001176830243604804
0.0025975880644814433
0.0016207559692880914
0.0009822170943378338
0.0017030473128548044
0.0014509158531561441
0.0035197813881137625
0.0017755847399917508
0.0012830578519248694
0.0029532673393280074
0.0011457761753617826
0.0015933059747460206
0.002581796510888763
0.003923341120956794
0.0032330139007306063
0.0019353732249281126
0.0013840530305336076
0.0017933237635764665
0.0016324372457643076
0.0018078599030521743
0.0024011479545616534
0.0006737189882054558
0.002367556710977893
0.0032281493824808456
0.00208914014294266
0.000630029806988521
0.0022468483942896175
0.005078597761054365
0.0016928671678812957
0.0009328839962192781
0.002747165004441171
0.0026470861419450515
0.002030975741335729
0.001641537496820962
0.003908886579907545
0.0005854524090316337
0.0012644256190065505
0.0012701071714216726
0.0027314849801583015
0.002323465264804495
0.003336984575148999
0.002980510309391047
0.0039030289671851083
0.003166675760881678
0.0011457761753617826
0.0020228206914694974
0.001042266227731058
0.0018971359511183975
0.0010032169424073947
0.001738751758381614
0.0029250492273663175
0.0010348588818674695
0.001940072310698306
0.0037198947586011485
0.0036482915192994543
0.0013872434811653088
0.005480142217592001
0.0028784476072478207
0.0028892498614613445
0.0019542772168770605
0.0011457761753617826
0.0004361397104599378
0.002874498418692595
0.0014699620473467066
0.0025929339294268284
0.0036448817175080664
0.0023531826853414946
0.0017972888961168606
0.0015375391477746433
0.0012787464589412115
0.003123781387030851
0.002857279750659427
0.0038229496525067613
0.0021246696187002044
0.0013848969259553114
0.0015466710602889341
0.0010155555801292144
0.0012199029986142331
0.001639619424735609
0.0011457761753617826
0.0012622346988807286
0.0006700704667414439
0.0011582424653921182
0.0007807484735227165
0.001801822288653162
0.0008174286401716053
0.0014471301873483476
0.003094518384997617
0.0013857130254534727
0.00179906725799018
0.0008924915529002681
0.0014167864121714536
0.0007170708555231151
0.003910359535389218
0.0028066127974520653
0.0013187589680237006
0.0029150140980975063
0.000991303853682786
0.0015226445414556202
0.003936038565268072
0.0006300882451931407
0.00228037608021273
0.001582210882631471
0.0017561311477051797
0.002905973592437164
0.003463674244484134
0.0010212318334998157
0.0005580867866870368
0.002568836464426483
0.0017644193588623798
0.003238677744495648
0.00240585559888078
0.004049815293073295
0.0007520803401448642
0.0014284186999278733
0.0015327673670931824
0.0017543125516683855
0.0008347782224247399
0.001091482829742747
0.0016459698828519122
0.0009992678081763523
0.0007186764140038713
0.0019531213231837364
0.002325489911233429
0.0017690141771857975
0.002269740423745388
0.001955278575821749
0.0016207559692880912
0.0006437043618794735
0.0013850770320076335
0.0014022048758100666
0.0012936688222164791
0.003910862191887299
0.0013396436748946555
0.0011485278847571604
0.002945937384628004
0.0007310403809791544
0.0031798818575495737
0.0014249701345294247
0.0017276981005526877
0.002166441306889411
0.0011457761753617826
0.0014306506194085382
0.0032400571646519273
0.001956942844633513
0.0012640800449169503
0.0015631579316531692
0.0004668956771352474
0.0011986152898247457
0.0011457761753617826
0.0019326285806487884
0.002099441550679788
0.0035269018771457053
0.0016085932097197734
0.003941353761248519
0.0031693965739200427
0.0004974859608931402
0.0019370069409325229
0.002595428783333073
0.0014267608244414643
0.002930379913535632
0.0017091581201655974
0.002584960379569368
0.0020830027855658034
0.0020964847645713355
0.0006760502389432446
0.0012787782830633592
0.003132089765356096
0.0034735876165136246
0.0014653332678078682
0.0014926922082795083
0.0009297598968560716
0.0032083952830758186
0.0018879078144958732
0.0011161899749874567
0.002578381833858792
0.0028560527761229124
0.003364544804622475
0.0012651839984613113
0.0035270916918124324
0.0030185280652972536
0.0016300585415802407
0.0013148002249883254
0.0023250982073945354
0.0019993872340380715
0.0025917868168869596
0.0016093542178421232
0.002514636404311584
0.000993030521721048
0.002597619254261674
0.0021705387226505796
0.0023246735389264995
0.0033472017725340347
0.0031121874207548886
0.00317999989664044
0.0029291891224152425
0.0015475220829370456
0.001805227791279462
0.0022658190024967646
0.0011457761753617826
0.0020952848207317857
0.001970339976139449
0.001451533200411931
0.001404587558451592
0.0011457761753617826
0.001964384951644038
0.0018491458104366706
0.001321047812095592
0.0018006550253952043
0.003910384651587673
0.0013833381168103184
0.002369858421754102
0.0016085932097197734
0.0021494762560028092
0.0013128623062969363
0.0020968288012351726
0.002580672501298588
0.001391941973334074
0.0016689871532723347
0.0012298226021641237
0.0014249701345294247
0.0015202755719398115
0.0020450319764175355
0.0020738666454959984
0.0015933059747460206
0.0019649149768809332
0.0038568220878296296
0.0011457761753617826
0.0038985017323088906
0.002028943002431303
0.0019278082616462006
0.0031228588040180167
0.003476773028887122
0.0014059342048136161
0.0021170124511288237
0.004244738408794405
0.004192075860186889
0.0010177477940062094
0.0010048693796880245
0.0014180639577480217
0.0010346528565894934
0.0017308510723114783
0.003910003657105234
0.0013944822860188465
0.0033328716557811697
0.003091953254647138
0.0009550600718615411
0.001670994226488077
0.001639244124701821
0.003337244160929443
0.00288870798786673
0.0038248470416047953
0.0013213404732995199
0.0022424319333120015
0.0017242114225664341
0.0011623329923722717
0.0021044793772061403
0.0022616052089111964
0.002705210247841288
0.002323029164422488
0.0016762968969397617
0.0012348575032867684
0.0011654528143205663
0.0010601012867672566
0.003523334799237658
0.003334406182770127
0.0021225634294516627
0.0012901679046575763
0.0014268939080661909
0.0023688433305153926
0.0013296793252898706
0.0019495269435850884
0.001142861826775271
0.0030919898194664316
0.002720792159365031
0.0022710311990809477
0.002932501192621902
0.0017906028707175901
0.001442033672742491
0.0034674027102239986
0.002096829680832393
0.0028985532439332207
0.003671816015406688
0.0006681887955375169
0.0017550730364622373
0.0011457761753617826
0.0017442792554240082
0.0016714709400750547
0.0021656651619959924
0.0018016951341341464
0.001732268560940599
0.003048042274998978
0.0028667309014803353
0.002440818665371376
0.00326474190596839
0.002339267500068846
0.0019345806158757163
0.0021173991999438153
0.0020719515268208004
0.0030935295726969994
0.002320272895170466
0.0012408195224356392
0.0026874302756868494
0.0017980819296873458
0.0032814717661352848
0.0018957473519086094
0.0015780582610720188
0.0030914941661485634
0.0016690679575830539
0.0032226792283904576
0.0011457761753617826
0.002277203740255221
0.0027422365001255468
0.0016736714442026227
0.003524647311470702
0.003224209059439878
0.0011457761753617826
0.0028879556265114584
0.002655135633338278
0.001417056402076339
0.0011457761753617826
0.0018553336727944792
0.0015790293817113598
0.001805457083501694
0.0035257715367327746
0.0017123615000953617
0.0013846336798373016
0.002707159239444557
0.0013175057894676049
0.0015069272358682047
0.0015526237668562393
0.004452839792116299
0.000573963502811227
0.0021219905311076056
0.003117693458749596
0.0028564794522487405
0.004568113844954824
0.0015185527803107963
0.0012388233195647648
0.0025955061834237575
0.0011251516540052673
0.0012960444774456116
0.00212619802674661
0.002886662646036718
0.0008132426246619404
0.002225421461517713
0.003224725845801693
0.001017560947140317
0.004454649365807033
0.0016800093430364756
0.0024185037078820696
0.001670889463082764
0.0006752431633289622
0.0015218641573488767
0.0032411819758515225
0.0032223509389908904
0.0016730938876153285
0.0038249435755454233
0.001384832193139379
0.001963271551625931
0.0022641114044624692
0.0009947325854108412
0.002407496135084583
0.0030913788961723578
0.0009297444474102247
0.0011817535064251809
0.0021766717560737013
0.003717486696693073
0.0011457761753617826
0.0019631777509331264
0.0010958799073466816
0.0011457761753617826
0.0009382209096622941
0.0019440833805767347
0.0013198495484604959
0.0016846320931902937
0.0019338781682441749
0.003858130402327751
0.002103462406565719
0.0016159201856410963
0.001001279648057018
0.0015241017530893974
0.0015200083288748176
0.001336891137397097
0.0013743916704765363
0.00209380224660511
0.0012008030603266843
0.0014132343929451185
0.0011864232496676876
0.0018572297253173881
0.0016335974738205504
0.0006699182385459614
0.0011178647222831115
0.0034785042855743297
0.0013392674247463168
0.001384370784087628
0.001802583756917102
0.0014376428952686416
0.0009437889287551164
0.0013464723399510994
0.001480673669197366
0.0032114760077480023
0.0021019137513768266
0.0024044494710784787
0.003231159688515695
0.001666215982818389
0.002900386695773769
0.0020662765460266108
0.002015083892693073
0.001035653032512083
0.0044544617453351285
0.0023674155355173725
0.0024078396097570428
0.001313700484933849
0.0015890661612027656
0.0023365142210769467
0.002980666801125272
0.001670030651963077
0.0012384433738029498
0.0016834407958896832
0.005361970599968557
0.0028629262665335084
0.0013857309656818198
0.0023685514828327018
0.002192309587760273
0.001517384148605599
0.0006250375081847803
0.0024290439092965535
0.001087916538100519
0.0006360521994207275
0.0017009411603658177
0.0019488749365081915
0.002273797381717381
0.0009881763622778578
0.0017984915131972472
0.0024009002882390304
0.003652186226905556
0.0014153952327399357
0.0016984446587394624
0.0032372313458618714
0.002931416435223574
0.0028853605680743497
0.0009021968957808476
0.00215215368474209
0.001953880503010152
0.0019569105828599934
0.0014096562262756844
0.0021458362120826847
0.0028932507995720535
0.0034817037917758767
0.001427198401307708
0.002059644710336521
0.002279714311235521
0.0017331408138292848
0.0011457761753617826
0.0009297598968560716
0.0010380882211433746
0.00200777784848876
0.002100355942162053
0.0009115998835796109
0.0021491194221027903
0.0019503353419151773
0.0020895748914009117
0.0024257089150796192
0.0009397873239721919
0.001690949525861637
0.0013840736879858824
0.0012357482569716274
0.0010380882211433746
0.0013323686582375224
0.0023812327619784227
0.0026874302756868494
0.0029435103020299543
0.0023797655936787445
0.0030589825147882077
0.0011457761753617826
0.004438525927253814
0.0021862733587289496
0.0017080287602100988
0.0017091824879523724
0.0021873055390896554
0.0007497386772218607
0.0007295622034382462
0.0022705391821686693
0.002718940406339398
0.0017588979435513507
0.0024255137014438325
0.0015155150822794244
0.0011457761753617826
0.004244035992330571
0.0014074688430884426
0.0024050319274778516
0.001293586875747568
0.001522361774612304
0.0023205789451022103
0.001958022115040788
0.0029324667438981383
0.0034638688038238392
0.0039055535366700504
0.0011457761753617826
0.002100839252251813
0.002296448919524675
0.003537952758008738
0.001976187811158731
0.0012537498251290202
0.00232007999153939
0.0017516404343240763
0.003177449809737984
0.0009177797634258437
0.0013600339421152253
0.0019445028048208394
0.002169605949419524
0.0011457761753617826
0.0007163299837300364
0.000775039058801254
0.0013869047707052405
0.002106819631462427
0.0009858420249963965
0.0011457761753617826
0.002691106186709224
0.003231682059294231
0.0011457761753617826
0.0013503422894017851
0.0019513686375250206
0.002265873854414399
0.0009332412427223839
0.0009799522260254476
0.002190500717752076
0.0013183952773550265
0.001694202515286434
0.0009827736994579932
0.0026545952863797
0.0017507865564291528
0.002697419095331753
0.002845432694262282
0.0018770252458726745
0.002930096860526224
0.001000483829407949
0.0009650881455849152
0.002930276859391808
0.0036381683510455193
0.0020153267259372864
0.0020278318872160267
0.0018159554819687214
0.0014232482483933033
0.0031228588040180167
0.0035246811896362316
0.002589853217918623
0.0027345576375021477
0.0012909489817772017
0.0007460210695608637
0.001750788905372345
0.00391665145594174
0.004250488828606351
0.0015971227578200824
0.0027905353369346462
0.001635007012782371
0.0021133654669404575
0.0009848375535089927
0.0014701933706504685
0.0011457761753617826
0.003094339622643136
0.0028762928639532817
0.0021870218451532633
0.0013944458057056136
0.0032073349589066408
0.0032098967426630173
0.000794014848088153
0.0012297861329552198
0.0017062825278972744
0.002401044714602923
0.0017954727692908895
0.0007211801037634054
0.003348336554378281
0.0024292460696661786
0.0013961589263392542
0.0021911884464645283
0.0014537742080529222
0.0013467371673650391
0.0009848375535089927
0.0011457761753617826
0.002158953649857265
0.0009233452130637048
0.0013200127234839836
0.0010815692337770666
0.0011457761753617826
0.002320827979301948
0.0017661278806829408
0.004573164263130634
0.001953723830344177
0.0027566451358188183
0.003538855313901147
0.0019419468629955706
0.0022604873896102744
0.0031709560868011448
0.0039093752588252725
0.003008381476412732
0.0010081137585980363
0.0030913556319963195
0.002093353042608744
0.0006790854911540619
0.002375722686845948
0.0007802653339218548
0.0007520608365773652
0.0013845538387423514
0.002142105285739167
0.0032211143269596466
0.0023280919530489844
0.0010182527340707958
0.002414606793927947
0.0019663454318405516
0.003224096927660486
0.0011410407699411302
0.0014002613973135567
0.0010288158726013536
0.0029319990082131713
0.0007559793590468512
0.0019574490298877915
0.0019500720429824168
0.007607017780969233
0.004242419727757356
0.0013481979735943807
0.0032395145720911967
0.0010723850421667565
0.002138148639524062
0.002833070621733564
0.001537793281874078
0.002030904787298026
0.0018578042434873332
0.0024140989680937115
0.0019643442397821093
0.0009297598968560716
0.0034673353757371083
0.001341772840714178
0.0014766130594058738
0.003021822766506828
0.0014156232685461551
0.0023232614263119233
0.0005195334386546241
0.0029907098528420464
0.001672279735581441
0.0015261061707908695
0.0033308184187585657
0.0020906355088148292
0.0027030194450088107
0.0034671531116943046
0.0018537440461781404
0.0010455287817885822
0.0035683942721085
0.0007490402539114045
0.0006214971732057966
0.001952571462175267
0.0017077762243088003
0.002098541875586463
0.000670597137402825
0.001797601331631124
0.001281394149312241
0.0006898259061533499
0.00391004491193062
0.0010394165416920866
0.002095420909771819
0.0029313254272768743
0.0031326412391489587
0.0020658504148385872
0.0014162720650542813
0.0017295800514717887
0.0015781989404291899
0.00047203457806827443
0.0020833683292274066
0.00143327356257545
0.001933621427546183
0.000616224483088674
0.001899152544561027
0.001322871804296527
0.003096422918858363
0.0017900227767693108
0.0030946337206159604
0.0011057085288159695
0.003720132512068946
0.0013519474772949445
0.0029519071205738184
0.0023237475843824657
0.0013056967403870172
0.0016841870906074397
0.002081715066647647
0.0008347782224247399
0.001449574218397231
0.0028658251493313834
0.001696638903754753
0.0010694159397708891
0.0021675173962430305
0.0023365142210769467
0.0015370639158026307
0.002143052937310442
0.002169605949419524
0.00259685701128817
0.00208086060359156
0.0018957473519086094
0.002429682027663812
0.001406852216276266
0.0014423802512092713
0.0009361817177940906
0.0030916095684633787
0.0017972224206293094
0.0009550600718615411
0.001409257081809024
0.0033341646595419507
0.0015621181954854537
0.0007697826939989558
0.0007235945192156268
0.0016506272747930082
0.0009639979229913413
0.0024308243798482343
0.0032280967409209892
0.0024102610268775097
0.003649652498491314
0.00097704792665285
0.0023678421257122577
0.00103580065813937
0.001320471140100101
0.003526450757009891
0.0007722343577404219
0.004462308560107426
0.0032310967452027963
0.00040877493745826595
0.0033348929827569347
0.0025918232938538523
0.0011457761753617826
0.002268467853187616
0.0012860195102281497
0.001172901020595154
0.0011457761753617826
0.002400835918308686
0.0030191147508670897
0.0014189731705233357
0.001763625655286012
0.0026530035214638054
0.002227762697744794
0.005344132879756407
0.003240087028656067
0.0009931073898972712
0.0014194778289569126
0.0009350499378039848
0.0012385013642830646
0.0030204567974808907
0.002401023085178389
0.0029297899174516823
0.0008648878703359539
0.0013090371875386332
0.0012470091665020126
