4.153440357201319e-05
0.0
3.313657277301983e-05
7.346562520701008e-05
0.00039358075452847874
0.00045043070875068144
4.452573975640581e-05
3.3745949647140774e-05
0.0009076979892485166
2.1070397298703918e-05
2.5628615146233816e-05
2.4914800748744322e-05
0.0
2.7425607979438833e-05
2.1974314828494953e-05
2.2400745069035893e-05
3.1142996013865074e-05
3.27407201307837e-05
2.9145273489710475e-05
0.0
1.6543057457730984e-05
2.01196027095667e-05
3.0333134626781612e-05
0.00014988281139211352
0.0004446296318744624
0.0003732179711934834
0.000340917226728798
3.250863543624556e-05
2.323069903238828e-05
1.457144999781777e-05
2.3061864102254558e-05
1.491572216550599e-05
0.00021296214390947396
3.941784154491604e-05
3.0493757335581814e-05
3.186387381743181e-05
0.0001866738190446273
0.00020981968441700064
3.073407508078827e-05
2.5979693571661918e-05
0.0002509793913893299
0.0002932779208533634
0.0
3.436379383198086e-05
0.0003072078397179249
2.497987394883191e-05
3.2843902931285645e-05
3.9667104205830635e-05
0.002548536139064618
2.3375788781180108e-05
3.151136049951581e-05
0.0
4.3828138564456785e-05
3.641510031223819e-05
2.676804054731557e-05
3.086114384083288e-05
3.408777168555406e-05
0.00017078256970487414
0.0004005156015786106
6.146992934019661e-05
3.432447603374462e-05
2.1584240857401517e-05
4.35649324759994e-05
2.1608605920854605e-05
0.000934975930417216
2.1452109261284676e-05
3.249925706590125e-05
0.00013897369112630362
0.00034067226204547677
0.00021378157461813489
0.0005699321142521055
0.0
1.120326050144442e-05
0.00012861239961887047
3.3347029038409634e-05
2.0846739221667602e-05
1.8082590440739518e-05
0.000390781468141183
0.0002988113529693162
2.4231387191168923e-05
0.0
6.424977906528898e-05
0.0
2.9248380999957036e-05
0.00019103503331275828
4.4751616863412305e-05
0.00020541932017080397
4.790122281385335e-05
0.0007893925782076879
0.0014176186511713307
0.0004259722065080897
2.4031902914620113e-05
0.0002854354679790704
2.555516546641758e-05
1.8722164623766385e-05
3.1722803051599006e-05
0.000179971240809926
3.234739000916498e-05
0.0
2.5671700675440654e-05
2.6357895165128382e-05
0.00019387737323760026
3.385047488048501e-05
2.7714317024926014e-05
2.5164951493849773e-05
6.971283996733252e-05
3.98848917249984e-05
0.00021120578320750607
1.65486491206143e-05
3.143807697862846e-05
2.0566079455519115e-05
1.6476266342439104e-05
2.9061267339960857e-05
3.630798659735105e-05
3.434808544970114e-05
0.00033781690558108506
0.0006020665244659715
3.420434711648472e-05
0.0
3.369740780604515e-05
0.0
0.0003324860781480441
2.0526476174950242e-05
1.7324164953108527e-05
2.2857237351116783e-05
0.00015519646189230475
1.6478874351049096e-05
4.1202038553704245e-05
6.090795564608555e-06
4.232082269451966e-05
0.0
0.000264682809952117
2.7879393920312427e-05
4.1238422063749483e-05
0.0002968203793955555
7.328130940603418e-05
2.2521996781423318e-05
3.562565941394416e-05
0.0004094643110071386
3.7581759239108817e-05
6.612516446278701e-05
3.593156455128359e-05
0.0
2.739324870482075e-05
1.702707571194022e-05
2.095154630848203e-05
1.3683557609544077e-05
3.123279705271867e-05
2.7518372321163215e-05
1.2230245097746755e-05
0.0005539007685242856
0.0
4.702234979923708e-05
0.0013270623585115817
8.039109714610598e-05
1.8887399669828893e-05
1.7620609778851443e-05
0.00025255872042367515
4.916692144328934e-05
6.459755254566049e-06
0.00023580911133342085
3.0719319141335336e-05
0.00043455372308529776
1.9538853066377413e-05
0.0003051345290762873
4.775101946714819e-05
2.022737211004952e-05
3.832237514301963e-05
2.649150281097647e-05
4.835748375861096e-05
4.4651633486491606e-05
3.4840785384859285e-05
2.3689411973709466e-05
0.0002966918867755305
0.00013496418201376027
0.00019569765268522896
0.0
4.1060998715061385e-05
1.531336738359636e-05
3.5467744830915794e-05
1.1840434858678626e-05
1.520762739930907e-05
1.7156490184101795e-05
0.0
5.9726129882837684e-05
4.911328588385718e-05
2.751932318959701e-05
2.1007516237172348e-05
3.748023514278186e-05
0.002304139619708389
0.00036848935870217316
4.5930980627185014e-05
1.6663943937350314e-05
3.477539144656669e-05
4.027372776144818e-05
2.3660611815397092e-05
2.590849984815967e-05
4.8598796286066054e-05
9.736699239020082e-05
0.00011857033864002783
3.392126788866824e-05
0.000271477887947864
1.926100188202531e-05
3.4491127759449e-05
0.0005883551676723324
0.0
2.5744904825011692e-05
0.00020152096916719537
5.284745955162606e-05
7.480080736574007e-05
8.665678841650311e-05
0.00021104401785921947
9.28358800296606e-05
3.122691756346018e-05
1.4359953170752504e-05
2.2135177420858408e-05
0.00022647222607312612
1.634459473901777e-05
0.0
1.135478292912413e-05
1.871350809109332e-05
2.272714286244934e-05
2.7732459970144423e-05
1.5365760367712505e-05
7.4934456091475555e-06
1.94878497062751e-05
2.9758591569173386e-05
2.200973906031401e-05
0.00011593335782384658
0.00016014750193688292
0.0
7.180740127914378e-05
1.6591247233854806e-05
4.058583046535914e-05
0.0003005334875747695
2.3173144484265382e-05
0.0
2.4428017570257678e-05
2.2102798554920177e-05
2.255490603784776e-05
9.016189257489261e-06
0.0
1.5677466470893494e-05
6.018076729199707e-05
3.406326721598777e-05
0.0
2.7014926245776034e-05
3.4575588922945424e-05
0.0
0.0
0.0009308454822296397
3.66958231833207e-05
0.0
5.9972127279901924e-05
0.00044492308145115524
2.649468363080828e-05
2.8634961498684176e-05
2.0132663354973355e-05
1.465405886999571e-05
4.249434886199492e-05
0.0
1.5541692635859782e-05
0.00022800745280585527
5.37439471380598e-05
2.3991367912699697e-05
0.0002572986514827921
0.0003386496670811196
1.9043935247262875e-05
0.0
1.8284724290304927e-05
0.000665200546554713
2.740113216852677e-05
3.367166894824211e-05
0.0006638807030502021
1.403244722832098e-05
3.7750245818004735e-05
3.045140952005352e-05
0.0002805855812424601
1.3410751775602708e-05
4.6714655851807684e-05
3.188471173863856e-05
2.1504852222770604e-05
0.00017531340357017432
2.5056331999392406e-05
0.0006999056200487288
5.451030650749338e-05
0.0
0.0003064254952654824
0.00031493272924708966
2.4515137992746642e-05
1.4766378320744776e-05
0.00026330920117864843
0.00031386761620850627
0.00029999195458066673
2.3186225379597717e-05
1.2521573531102824e-05
3.358807600355725e-05
3.430500360772685e-05
6.538544716864352e-05
0.0
2.1895301929157416e-05
0.0002879317390939582
0.0002048036681580365
2.9874844418265646e-05
0.0
4.2118835906867886e-05
3.0831550519140816e-05
1.6266606675276096e-05
1.072307175620392e-05
2.7967293867209933e-05
2.8113735038490804e-05
3.2569723095483365e-05
2.1403944478838368e-05
2.2191757165937036e-05
2.071841511257934e-05
0.0003159546706580736
0.0009956220291439245
0.0004336133094815425
3.35397818023727e-05
2.595841849361675e-05
2.062691542128135e-05
0.00043530685438930756
0.0010138384067291334
0.00039684914392780404
2.010083771257288e-05
3.6725642544787815e-05
0.0007240808817888821
4.241298395270833e-05
2.0597938374760765e-05
0.0003063148767295216
0.00035560704385165454
0.0
2.9934429947259932e-05
0.0
2.24120319534735e-05
3.501534962544664e-05
3.0277802690955565e-05
1.8620199157349752e-05
0.0
0.00023484732977888519
2.7825038469334413e-05
0.008034345825123749
1.563447966083082e-05
0.0002357944148456533
0.00019708870465219938
3.278125294584722e-05
1.9726034944187518e-05
0.0002512374329124307
1.9967302063072208e-05
2.8175227079784586e-05
0.00012224141443175298
0.00026352377732106726
0.0004622348182272959
1.7396132809251837e-05
1.707533483610088e-05
3.352410270130923e-05
0.00027003442246267367
4.5163904502776295e-05
2.978812460649289e-05
4.744186067620705e-05
0.0003470980126171987
1.9942375912075027e-05
2.834542967157676e-05
6.314225155113778e-05
1.9483782005475708e-05
9.286983108409738e-05
2.6812201248678512e-05
6.0956964485792295e-05
3.0156178156117514e-05
2.069369791188766e-05
3.199725009437344e-05
0.00011063397362598842
2.1641608383621786e-05
2.4062172076738608e-05
3.305754522504014e-05
2.2865379331553533e-05
0.0
0.0
1.686047437055969e-05
1.321453081310018e-05
1.6810346549492855e-05
2.2464886511476763e-05
2.498739105702716e-05
0.0003629199906339911
2.7205833064610396e-05
2.808006576669502e-05
0.00016261995191497867
0.0003555662181495389
0.00021659944647942826
1.7514515583559067e-05
0.0005927283583735012
0.00043030958699077394
5.519448398201962e-05
4.709905543977804e-05
2.8575811977160378e-05
3.68859201671168e-05
4.2343399256376716e-05
1.615329829591716e-05
2.525950805528773e-05
2.8717709121611064e-05
3.199392421966865e-05
2.487163025091539e-05
4.315855541748912e-05
0.00046336741486188514
2.768097561592843e-05
9.8282236891321e-05
0.00021301428401944883
2.3432996503563188e-05
1.6584641581250765e-05
3.5370855609150826e-05
0.00020047664863983788
2.4655169345488906e-05
2.3661515226100536e-05
3.246580746045613e-05
1.5339803804546754e-05
2.470509010869754e-05
0.00025780545879749013
5.602080939893332e-05
0.0003980607649751903
1.3566695342832157e-05
0.000499871186889805
3.0154522626368045e-05
0.0004932390452443288
2.511853387120395e-05
2.7063206097104645e-05
4.2921911911942366e-05
1.6194559844491906e-05
0.00047263109352571944
1.4928373785557062e-05
4.9458126968923405e-05
0.0
3.133020113166386e-05
1.7816970999253276e-05
3.977644750908099e-05
2.8941249758700334e-05
2.9252251668503935e-05
0.0
4.241224696194407e-05
1.486566633523769e-05
0.00021349451205014252
4.4792586087708206e-05
2.3650421324293727e-05
0.0003654065190349391
0.0001871065270260879
4.2254864492890616e-05
3.546954552831173e-05
0.0004891896219765195
1.4445356709973396e-05
0.0003864522426099712
3.075099666190878e-05
0.0
0.00044046585576247116
1.6935816604446884e-05
1.8419423544487596e-05
2.7410887326091567e-05
0.0001678396405875044
2.3375331702781974e-05
7.93008751633226e-05
3.0652915530787986e-05
2.007904131268728e-05
0.0018252832072194931
6.0538232840243744e-05
2.9228619835249593e-05
0.0
0.0006573345805407827
2.940188137588838e-05
3.235614274315665e-05
3.568851842972666e-05
0.0002955047170857819
0.0002297734764356399
2.0585190884669474e-05
0.00015987481354992082
0.0002907503395867449
0.0002665864074265568
0.0004983289061765439
2.2734058255760617e-05
0.00017964731357179647
0.00010795686913804996
0.0002155492582402357
3.9762503159641674e-05
2.1508945839126924e-05
0.00035054077637717976
3.23797733058123e-05
0.00039340520472446887
0.00012580348164039002
0.00014440275325522687
0.00037900185217775177
0.0
0.0008043833170822088
0.0
2.741355331601941e-05
2.7709159147087725e-05
0.0002110554195341922
0.0006434519827592674
0.00020437702149324203
2.5801641017351124e-05
0.0005008163813088418
2.6550194482882918e-05
4.1156188455571674e-05
2.2680340671848502e-05
0.005216557010142844
0.0004135542639211118
9.902401863179757e-05
0.001172520975271006
0.00040758845322487957
0.0008262607790594552
0.0003463964496082514
3.006368090797903e-05
1.5377945443936077e-05
2.4528241885622442e-05
2.510026045650472e-05
5.178324039269021e-05
2.3996981175113212e-05
2.4461531650224267e-05
2.689518970139035e-05
0.0001625033100711493
0.0
2.3465676549581928e-05
2.0520176271556894e-05
0.00012734694205275928
5.539128295999129e-05
0.0005809898697367191
0.0010789990753717754
2.9548419106538485e-05
0.00035345205119714757
0.0
0.0
1.638885446473774e-05
4.936255151848666e-05
0.0002941830324857958
2.242955949979945e-05
1.846418226476604e-05
2.0457359590579295e-05
2.0254349903483445e-05
0.00044522032862135053
0.00042254938184370925
3.293122382253245e-05
2.1053904927102927e-05
0.00017452578893165097
0.0
4.1531938752952454e-05
1.5937077352646705e-05
1.9569987778209794e-05
0.0005303045701008259
0.00020842313498484725
0.0005303661971639239
0.00018021295981970938
0.0001410865750679922
4.5116988112657485e-05
0.0
8.353467279334228e-05
3.092934404478074e-05
3.420483862800441e-05
2.8047959481881104e-05
2.096918424352601e-05
4.452980038172118e-05
4.075978581096975e-05
3.083315889502248e-05
3.353847006916653e-05
0.006372703049931583
4.6668714872322804e-05
0.0016178894575921976
4.855669191638913e-05
3.325379046516423e-05
1.7781864808241435e-05
2.3427620389758772e-05
0.00013703155365080193
3.5394022030546e-05
4.9167997643527535e-05
1.7836917395616376e-05
3.563497091566875e-05
3.771565345595786e-05
2.8467825521161172e-05
2.4540281709358446e-05
7.813514445019403e-06
4.581585087715661e-05
0.0006238239797091443
3.789687265482105e-05
0.0003730737276183543
2.638974294664099e-05
0.00014864591959738732
0.0
5.189893449537191e-05
2.618635582712566e-05
0.0006473275353748
1.1365105729702276e-05
3.951701863718367e-05
0.00021909568182787957
0.0002380003973148406
3.4879324670943514e-05
9.764429450873831e-05
2.007978909166886e-05
0.00041765722694464026
1.7227372889589564e-05
2.0067708132302172e-05
1.6057453393437488e-05
7.109914926612854e-05
0.00018921136853555776
0.0
4.939997624115224e-05
2.7035028510302136e-05
2.6615184795173313e-05
0.00013541153655923958
4.4340432066624367e-05
0.00017253967385462708
0.0
1.723706691157996e-05
2.5688678385838137e-05
2.861942836583554e-05
3.817548010236129e-05
3.1996873558987384e-05
0.00021481003334893246
0.0001435726382247557
2.2994893809572627e-05
2.1222355265808892e-05
2.670474353834465e-05
0.0002462829401326048
2.6685724603992245e-05
0.0004335491301561456
9.474840198744043e-05
0.002319828731005692
4.329059443951846e-05
1.3110839075280053e-05
6.78801000386979e-05
2.378322634312068e-05
0.0
2.810761019467812e-05
2.633567003074497e-05
0.0006258076077110935
0.0009490204325686282
0.0007448607701991738
2.6152751091929357e-05
3.884564033471866e-05
3.9900311291591416e-05
4.7957847103164614e-05
7.611547496661947e-05
3.411344062054577e-05
3.7168630146243054e-06
2.636553406524178e-05
2.711722758551854e-05
3.1398255174483384e-05
0.00042212617117172327
2.2468736718556066e-05
3.823652043163814e-05
0.0
3.0196812375145788e-05
3.231689806087803e-05
0.0005572988934268528
2.2828253770569665e-05
2.579483890355071e-05
1.97992239477085e-05
2.533296211891212e-05
2.713132357765083e-05
0.00029293282136414156
3.257706636052948e-05
0.00019852898403671632
0.00032852832474066873
0.0
0.0002364961437989731
2.446968448569447e-05
4.9741370597845825e-05
0.0002126487627510223
2.9288738638078688e-05
1.944276982565177e-05
4.7409937697667695e-05
0.00014587063442640934
3.5812699107724065e-05
0.0003953447148363937
0.0003622021936261163
7.479052205973428e-05
2.2447993552920106e-05
0.0004988272330288009
2.4806190461564275e-05
2.9163857303253055e-05
2.7590673377810623e-05
2.6577093957747595e-05
0.00022598711022252133
2.584533943802811e-05
1.0620512125920757e-05
9.29053417309985e-05
0.00013489737718091376
4.187605295290001e-05
0.0007259560922144865
7.24287887767881e-05
3.4309367504484404e-05
0.00018172501739354064
2.0952392209942765e-05
1.1569668307463915e-05
1.5071982738971098e-05
0.0
2.3889005593151228e-05
0.0010406727812564893
4.04721016337383e-05
7.414912284341942e-06
2.7985803897485266e-05
0.0006037737510524342
2.7780880942306545e-05
2.4373178809008468e-05
0.0003118554210902404
3.109063161521663e-05
1.928891701346548e-05
3.2851935548761854e-05
1.937716155918476e-05
3.619310938575278e-05
0.0012655331252448385
5.3700656966942765e-05
2.064548610063051e-05
4.2418439798498956e-05
4.2222286641239576e-05
1.9728109938764626e-05
4.817984430086869e-05
0.0003645445406191424
0.00020686251950028143
3.470477373021624e-05
3.4702481627214274e-05
0.0009522884612435938
0.0002622253338109272
4.930276791518509e-05
0.0011061708032819727
3.0029085845915202e-05
2.945861371702362e-05
0.000735209764592277
1.3647012897968727e-05
2.2074949020673423e-05
2.6685367847115994e-05
4.54815529813753e-05
2.1163904545519196e-05
2.613305599591582e-05
3.989843363645248e-05
0.0
0.00025161657489428655
0.0004894085996652211
2.9416877793692254e-05
0.00027847650047798365
2.626731372161778e-05
6.663700950109177e-05
2.619788497737548e-05
0.00024989651559438565
3.0440747639110662e-05
0.0001816761140227055
0.010020770244573974
0.0003165378875889428
2.9561221442392296e-05
2.5521162970361573e-05
1.6825298896246718e-05
0.0
0.0005908270592651337
0.0
1.338074399430789e-05
1.9861942027147245e-05
2.6933923874025918e-05
5.8623701468994474e-05
6.609751928714119e-05
0.00022382267142950196
0.0002600428595849049
1.3663941413046769e-05
0.0001877533926758923
4.233520015546557e-05
0.0006912380401590144
1.1761817524587719e-05
3.304421481174601e-05
0.00038312280404018877
0.00023429777933832896
4.924101676218933e-05
2.2717073697531286e-05
3.8192018396398394e-05
2.634208924414185e-05
0.000246279938144006
2.019832085709151e-05
9.265417517232135e-06
0.0005001994496494047
0.00029046957213494143
2.8464635893996748e-05
0.00032228872538741225
0.0009557859826067473
0.00035824499193182354
0.0002873508956723783
5.062824665471279e-05
0.00014649667173699201
1.6738563390713993e-05
0.0
0.00028947776386316446
0.00027801250883316105
0.0
2.3418551521633137e-05
0.00025982580418938976
0.0004268026525476659
2.7869573584134823e-05
2.0999077711703067e-05
1.9115230897343226e-05
0.0005969250715396991
0.0001424446387361299
2.9556599011143594e-05
0.0
2.2707501768234958e-05
0.0
2.4199973333597433e-05
3.705278377747891e-05
1.436672624323547e-05
3.0570940803205326e-05
2.4688425001180575e-05
2.350009567941927e-05
0.00014985706252794486
0.00019388333201392308
0.0007034046250067171
0.0002574542157173245
2.2738287555953334e-05
2.155356508821027e-05
1.7519026999642884e-05
0.00031155068328146316
3.5775246979531826e-05
3.312056465107985e-05
2.0726643598730202e-05
2.378676805725756e-05
3.094152765734582e-05
0.00033320133620588137
0.0004060237412254731
2.6077699139175872e-05
2.0278808426288062e-05
2.0736491118067532e-05
0.0007045392747688477
0.00016015075573845458
0.0
3.209580669172997e-05
0.0009267623890676796
0.00039888195028652896
0.0002486708863332813
0.0
0.0014480379540562768
0.0003019754148536839
0.0
2.3468160663702814e-05
2.407956946180368e-05
0.00024899291909258754
2.15457922075012e-05
2.7668682334891422e-05
4.014074192742453e-05
0.000288549138954652
0.0002760672892552623
0.0
0.000196852300768052
0.0005486003162299292
0.0002815596293124471
3.0796520331798124e-05
2.4473056817217517e-05
1.6243805728250728e-05
1.8135510582938232e-05
1.73877407625829e-05
1.3409274153913074e-05
1.9104434775365075e-05
1.3926631967431462e-05
2.2912441067440177e-05
0.00022632418561367753
0.0
2.46170205347772e-05
0.00046729836813997076
5.48075722567999e-05
0.0004166072873950364
2.5495031763727488e-05
4.8494400958078995e-05
2.3555193828792644e-05
2.0053803652665018e-05
4.904773680155948e-05
2.4557992471056024e-05
0.0
0.0003315194108040966
4.053005080898615e-05
0.00015226791456277052
3.439442374412328e-05
0.00021645317377951248
2.2431718086647157e-05
0.0004406087648923892
3.3370746935364506e-05
3.311450824402807e-05
3.8029620395697635e-05
1.882733745518067e-05
4.189236548881934e-05
0.00031035332641054315
0.0006792297614688582
3.107412722479187e-05
2.5061039333005036e-05
0.0001677614619005386
1.3966571821835835e-05
3.3648506163180285e-05
0.000489125996885049
0.00015167855636648092
2.6282055333512976e-05
3.292768356070738e-05
0.0
4.881654376256049e-05
0.0
0.0002368830925404831
6.902834651872091e-05
2.7645697688334572e-05
3.3045914699269134e-05
0.0004317668781278155
0.00013439747295561716
2.6548309323858147e-05
1.4628523911074305e-05
2.511722918579716e-05
2.2833285416209896e-05
0.0
2.8795209799025047e-05
1.90828972237459e-05
1.0435608842628756e-05
2.2984388710782887e-05
2.3151823849022343e-05
3.200133070806549e-05
1.5568307344276335e-05
1.4717255455438234e-05
0.00012911195325053285
0.001063052339261998
1.3244286044327284e-05
3.9893310208550774e-05
4.0230073746828935e-05
0.0004929066951983058
1.9867145826429014e-05
2.2861224138036043e-05
1.6549240749313765e-05
0.00544599346207099
3.552447714178733e-05
5.241065291686585e-05
0.00016212294426556605
0.0006184463195221839
1.3788977894469906e-05
0.0011134053535485796
1.714891867604987e-05
0.000367225821640491
2.3863964874975225e-05
0.00035829078150762005
2.272942690125538e-05
2.194953137217812e-05
1.905738002687132e-05
3.7285610503025954e-05
2.524315995802637e-05
2.3882234297606665e-05
0.0001345785247845119
0.00016180523197393943
0.00022699785288668955
0.0
2.0672612071738773e-05
1.6393203703410412e-05
2.3200886193499695e-05
8.949521646783056e-06
2.655650488801097e-05
0.0
4.1354938217569205e-05
2.4888335936191923e-05
7.333357058600044e-05
0.00038182649992040833
2.9512986977468993e-05
0.0
3.5107279261002914e-05
4.306563453848162e-05
0.0
0.0015229551019079151
3.2933234258838894e-05
3.362747949105715e-05
0.0001958311629850228
5.618664341510277e-06
0.0
1.6761081368578607e-05
2.0084745697453282e-05
1.9344820276841615e-05
0.0014659361320039893
0.0
3.7044249176108044e-05
3.7282209315826222e-06
2.274863583143108e-05
3.239023818042267e-05
0.0003333067580800082
2.5950371381628674e-05
3.69315087511419e-05
3.4720710625823146e-05
0.0003428802772905351
3.27751298180986e-05
4.550485534218162e-05
1.0891780553947487e-05
2.2855822624722966e-05
3.609771752631484e-05
2.44346361152535e-05
3.9080017755427715e-05
0.0
0.00025915447920593827
2.263814832800112e-05
0.00014494183489452788
0.0002304777011705705
9.273014726719289e-06
1.3484230370081193e-05
3.0905577760299594e-05
1.7974229914476137e-05
4.0636820238591094e-05
2.3408503034078215e-05
1.3476751308042617e-05
0.0
0.00030030758853627563
3.463140578352214e-05
3.1848876287568614e-05
0.0009682684731246456
0.0
