42
43
48
51
52
56
57
60
69
71
75
86
93
105
107
123
124
139
140
144
145
148
149
150
176
178
179
182
187
191
197
257
295
296
298
303
305
306
336
337
339
340
343
344
345
356
365
368
369
370
385
386
411
416
417
418
419
422
451
452
459
479
486
488
491
494
495
497
506
516
543
551
555
556
557
560
563
570
571
572
574
575
577
579
581
583
593
594
595
596
602
603
604
607
610
611
613
619
623
639
646
653
656
658
659
661
662
663
664
679
687
688
691
693
711
712
714
716
718
719
720
721
724
725
728
730
732
734
735
739
748
750
753
754
758
761
762
764
765
769
784
785
789
791
792
794
796
797
798
806
807
808
809
811
816
818
819
820
821
823
824
825
826
827
828
830
831
832
836
841
859
861
875
877
879
880
881
882
887
901
904
911
914
917
923
936
937
940
956
958
960
961
968
969
971
972
974
976
981
983
984
985
987
989
991
993
995
1014
1015
1019
1020
1022
1023
1024
1025
1026
1029
1030
1032
1033
1038
1042
1043
1044
1045
1046
1047
1048
1050
1051
1052
1053
1057
1061
1062
1063
1064
1066
1069
1072
1073
1074
1076
1077
1120
1122
1132
1141
1149
1151
1168
1180
1183
1184
1185
1189
1212
1216
1217
1218
1219
1220
1221
1222
1223
1224
1225
1226
1227
1228
1229
1230
1231
1232
1233
1234
1235
1236
1237
1238
1239
1240
1241
1242
1243
1244
1245
1246
1247
1248
1249
1250
1251
1252
1253
1254
1255
1256
1257
1258
1259
1260
1261
1262
1263
1264
1265
1266
1267
1268
1269
1270
1271
1272
1273
1274
1275
1276
1277
1278
1279
1280
1281
1282
1283
1284
1285
1286
1287
1288
1289
1290
1291
1292
1293
1294
1295
1296
1297
1298
1299
1300
1301
1302
1303
1304
1305
1306
1307
1308
1309
1310
1311
1312
1313
1314
1315
1316
1317
1318
1319
1320
1321
1322
1323
1324
1325
1326
1327
1328
1329
1330
1331
1332
1333
1334
1335
1336
1337
1338
1339
1340
1341
1342
1343
1344
1345
1346
1347
1348
1349
1350
1351
1352
1353
1354
1355
1356
1357
1358
1359
1360
1361
1362
1363
1364
1365
1366
1367
1368
1369
1370
1371
1372
1373
1374
1375
1376
1377
1378
1379
1380
1381
1382
1383
1384
1385
1386
1387
1388
1389
1390
1391
1392
1393
1394
1395
1396
1397
1398
1399
1400
1401
1402
1403
1404
1405
1406
1407
1408
1409
1410
1411
1412
1413
1414
1415
1416
1417
1418
1419
1420
1421
1422
1423
1424
1425
1426
1427
1428
1429
1430
1431
1432
1453
1466
1467
1547
1548
1573
1622
1633
1636
1638
1640
1641
1642
1644
1650
1651
1653
1692
1708
1715
1719
1720
1732
1742
1745
1746
1754
1756
1757
1761
1765
1767
1769
1772
1774
1775
1776
1778
1782
1783
1789
1796
1803
1808
1814
1815
1822
1838
1842
1858
1859
1860
1867
1869
1871
1872
1873
1874
1878
1879
1883
1884
1892
1893
1894
1895
1901
1903
1905
1909
1910
1913
1914
1915
1916
1917
1919
1920
1924
1935
1938
1939
1940
1942
1945
1946
1948
1949
1950
1951
1952
1953
1954
1955
1956
1958
1959
1961
1963
1964
1978
1980
1982
1983
1992
1994
1995
1996
2022
2035
2083
2084
2085
2088
2100
2101
2105
2107
2109
2131
2132
2133
2135
2136
2141
2147
2151
2152
2154
2157
2159
2163
2164
2166
2167
2168
2169
2170
2171
2172
2173
2175
2179
2186
2187
2190
2193
2198
2209
2210
2212
2214
2216
2221
2223
2234
2249
2250
2251
2252
2253
2255
2256
2270
2289
2291
2299
2301
2320
2324
2325
2326
2330
2331
2341
2344
2372
2373
2376
2377
2380
2385
2386
2389
2391
2394
2395
2396
2402
2410
2412
2424
2425
2438
2442
2453
2454
2455
2458
2459
2462
2502
2504
2509
2510
2511
2512
2514
2515
2519
2520
2528
2530
2532
2533
2534
2537
2540
2541
2542
2544
2550
2551
2555
2564
2570
2572
2573
2575
2579
2583
2600
2609
2612
2613
2616
2618
2619
2621
2622
2623
2624
2626
2628
2629
2630
2631
2633
2634
2639
2640
2642
2644
2647
2654
2656
2660
2664
2669
2671
2672
2673
2676
2678
2680
2681
2682
2685
2686
2697
2704
2705
2707
2708
2710
2712
2714
2716
2717
2719
2721
2722
2724
2745
2772
2775
2782
2784
2785
2787
2789
2795
2800
2804
2809
2814
2817
2821
2829
2832
2833
2834
2835
2840
2841
2843
2845
2846
2848
2849
2850
2851
2854
2857
2873
2885
2888
2891
2892
2893
2894
2898
2899
2900
2902
2903
2904
2905
2906
2912
2919
2923
2925
2934
2935
2936
2937
2938
2942
2944
2947
2948
2949
2957
2970
2971
2981
2983
2984
2986
2987
2990
2991
2992
2994
2997
2999
3001
3002
3003
3006
3008
3011
3019
3020
3021
3022
3023
3026
3043
3047
3053
3054
3055
3056
3058
3059
3061
3063
3066
3068
3073
3075
3076
3077
3078
3079
3081
3083
3088
3089
3091
3092
3095
3103
3123
3124
3129
3137
3148
3149
3150
3151
3157
3162
3164
3168
3169
3177
3195
3205
3206
3207
3208
3210
3213
3214
3215
3216
3225
3230
3242
3243
3248
3249
3250
3253
3260
3261
3263
3264
3265
3268
3271
3272
3273
3276
3277
3279
3283
3287
3289
3293
3294
3297
3298
3299
3300
3302
3303
3305
3307
3308
3310
3311
3315
3317
3319
3320
3321
3323
3324
3327
3328
3329
3331
3336
3372
3384
3387
3394
3395
3396
3397
3398
3399
3400
3401
3402
3403
3404
3411
3412
3413
3414
3415
3416
3417
3418
3419
3420
3421
3422
3423
3424
3425
3426
3427
3428
3429
3430
3432
3433
3434
3436
3449
3471
3480
3486
3487
3488
3489
3490
3507
3508
3515
3520
3527
3530
3532
3544
3545
3549
3557
3560
3561
3564
3579
3580
3584
3598
3633
3635
3636
3637
3639
3642
3643
3645
3646
3647
3649
3650
3651
3652
3653
3654
3655
3659
3662
3663
3664
3666
3672
3673
3674
3675
3676
3680
3688
3699
3704
3708
3710
3711
3712
3713
3714
3716
3717
3718
3719
3721
3722
3723
3725
3729
3731
3732
3733
3734
3735
3738
3740
3741
3742
3743
3744
3745
3749
3750
3752
3754
3759
3776
3777
3778
3779
3781
3783
3785
3786
3787
3817
3818
3820
3826
3827
3828
3829
3835
3836
3842
3843
3844
3854
3856
3858
3859
3860
3861
3862
3863
3864
3866
3868
3870
3877
3880
3881
3882
3890
3893
3894
3897
3900
3903
3904
3905
3906
3907
3908
3909
3910
3912
3913
3914
3916
3917
3923
3924
3925
3930
3931
3932
3939
3940
3941
3944
3947
3949
3950
3952
3953
3956
3957
3959
3960
3962
3963
3965
3966
3971
3973
3974
3977
3982
3988
3989
3990
3993
3997
3998
4005
4006
4009
4019
4020
4025
4026
4029
4030
4031
4033
4037
4038
4041
4044
4046
4047
4048
4049
4051
4052
4055
4059
4061
4066
4072
4073
4093
4095
4096
4097
4099
4106
4107
4108
4115
4116
4118
4119
4120
4123
4124
4126
4128
4129
4130
4131
4137
4139
4143
4145
4146
4150
4152
4153
4155
4156
4157
4159
4160
4163
4164
4165
4170
4171
4173
4182
4183
4189
4192
4194
4195
4200
4201
4202
4219
4226
4236
4238
4239
4243
4244
4245
4246
4247
4260
4264
4267
4268
4272
4273
4279
4285
4286
4287
4290
4291
4292
4293
4297
4301
4302
4314
4315
4316
4323
4324
4325
4327
4331
4334
4336
4337
4338
4340
4341
4342
4343
4348
4357
4359
4365
4366
4369
4370
4371
4373
4374
4376
4378
4382
4392
4397
4404
4405
4410
4411
4412
4413
4414
4415
4418
4419
4420
4423
4424
4425
4426
4429
4432
4438
4439
4441
4442
4443
4448
4453
4454
4455
4469
4470
4473
4475
4476
4477
4479
4480
4485
4491
4492
4514
4524
4525
4531
4537
4538
4539
4540
4541
4543
4544
4545
4548
4553
4555
4563
4564
4569
4576
4577
4582
4585
4586
4589
4595
4597
4598
4599
4600
4604
4606
4608
4609
4610
4611
4612
4613
4616
4620
4623
4624
4625
4626
4628
4629
4630
4631
4633
4661
4663
4664
4665
4668
4687
4688
4692
4693
4695
4696
4699
4700
4702
4707
4708
4721
4726
4730
4735
4736
4738
4739
4741
4742
4744
4745
4748
4750
4752
4753
4754
4755
4770
4772
4775
4779
4781
4785
4810
4812
4819
4821
4835
4842
4843
4846
4849
4856
4858
4876
4882
4893
4916
4919
4921
4923
4924
4926
4928
4930
4934
4936
4937
4938
4939
4940
4945
4946
4947
4948
4950
4952
4953
4957
4958
4965
4966
4967
4968
4969
4970
4972
4975
4977
4981
4982
4983
4985
4986
4989
4990
4993
4994
4996
5000
5007
5016
5025
5041
5043
5044
5049
5072
5079
5084
5087
5093
5094
5098
5099
5100
5102
5104
5106
5107
5108
5109
5116
5118
5119
5120
5121
5123
5124
5125
5128
5129
5130
5132
5133
5134
5136
5137
5139
5142
5146
5147
5149
5154
5155
5159
5160
5161
5164
5171
5173
5176
5177
5179
5180
5181
5182
5192
5193
5198
5199
5200
5201
5203
5204
5206
5208
5210
5212
5213
5216
5220
5221
5222
5225
5230
5248
5250
5252
5255
5256
5259
5261
5262
5263
5265
5266
5267
5271
5272
5274
5276
5277
5299
5301
5307
5309
5313
5322
5325
5326
5327
5343
5347
5350
5389
5421
5422
5423
5424
5426
5448
5451
5454
5455
5456
5457
5459
5462
5469
5471
5474
5475
5476
5480
5485
5501
5503
5504
5508
5511
5512
5513
5514
5515
5516
5517
5521
5522
5523
5524
5525
5526
5528
5530
5531
5532
5536
5537
5538
5543
5545
5554
5555
5559
5560
5561
5562
5564
5566
5567
5569
5571
5576
5577
5580
5582
5583
5586
5589
5590
5591
5594
5595
5596
5604
5605
5608
5610
5612
5614
5615
5616
5617
5622
5623
5625
5626
5636
5646
5649
5652
5655
5656
5657
5658
5659
5660
5661
5670
5672
5673
5674
5675
5677
5678
5679
5680
5681
5683
5684
5686
5688
5689
5691
5695
5696
5698
5700
5702
5703
5704
5705
5708
5709
5710
5712
5715
5717
5720
5722
5723
5732
5733
5734
5736
5737
5738
5739
5741
5742
5743
5744
5746
5747
5748
5749
5750
5752
5753
5754
5755
5756
5757
5759
5762
5763
5764
5766
5767
5768
5770
5777
5778
5779
5781
5783
5786
5790
5794
5797
5799
5800
5805
5806
5808
5809
5810
5811
5815
5816
5817
5818
5819
5820
5821
5822
5823
5824
5826
5827
5828
5829
5830
5831
5832
5833
5834
5835
5836
5837
5838
5839
5840
5841
5842
5843
5844
5845
5846
5847
5848
5849
5853
5854
5855
5856
5858
5859
5860
5862
5864
5865
5866
5867
5869
5870
5872
5873
5876
5881
5882
5883
5884
5885
5887
5888
5902
5903
5906
5909
5912
5917
5920
5922
5933
5934
5935
5936
5937
5940
5941
5942
5945
5946
5949
5950
5951
5953
5954
5955
5956
5958
5959
5960
5961
5962
5963
5964
5966
5967
5969
5970
5971
5972
5974
5979
5988
5989
5991
5996
5998
6007
6010
6012
6013
6014
6015
6016
6021
6023
6025
6034
6057
6062
6065
6067
6069
6071
6072
6073
6074
6076
6083
6084
6085
6086
6090
6091
6093
6094
6095
6097
6098
6099
6100
6102
6123
6124
6134
6145
6154
6157
6158
6180
6182
6189
6194
6195
6209
6216
6219
6223
6224
6228
6229
6230
6232
6240
6241
6243
6245
6254
6258
6260
6261
6262
6264
6265
6266
6267
6268
6269
6270
6277
6282
6283
6284
6285
6286
6288
6297
6309
6312
6313
6314
6315
6319
6334
6346
6349
6352
6354
6355
6357
6358
6359
6360
6361
6362
6363
6364
6365
6366
6369
6374
6376
6378
6379
6380
6382
6383
6386
6388
6389
6396
6397
6431
6432
6437
6439
6441
6444
6447
6449
6451
6456
6459
6467
6475
6485
6488
6489
6502
6503
6506
6507
6508
6520
6521
6527
6529
6531
6532
6533
6534
6535
6537
6539
6540
6541
6544
6545
6547
6548
6549
6550
6551
6554
6555
6556
6557
6560
6562
6565
6566
6567
6568
6570
6571
6572
6575
6576
6581
6583
6587
6593
6595
6599
6603
6604
6605
6607
6617
6624
6625
6629
6633
6641
6642
6644
6646
6647
6649
6650
6653
6654
6657
6659
6660
6661
6663
6667
6670
6674
6675
6678
6681
6695
6698
6699
6700
6712
6722
6726
6734
6745
6749
6758
6761
6765
6770
6774
6775
6782
6787
6790
6794
6795
6796
6799
6800
6802
6803
6805
6806
6807
6809
6812
6814
6821
6822
6827
6829
6830
6835
6836
6838
6840
6841
6842
6846
6861
6883
6926
6941
6942
6946
6947
6948
6951
6959
6963
6967
6970
6971
6973
6981
6993
6998
7000
7003
7004
7005
7006
7007
7010
7013
7015
7016
7019
7020
7022
7026
7027
7033
7035
7037
7042
7043
7046
7047
7055
7061
7062
7063
7067
7072
7075
7076
7077
7078
7080
7081
7082
7083
7084
7088
7090
7091
7094
7096
7099
7103
7104
7105
7106
7107
7112
7115
7117
7119
7123
7125
7126
7128
7129
7131
7133
7134
7135
7136
7137
7138
7139
7145
7154
7157
7158
7161
7164
7165
7168
7169
7171
7172
7173
7175
7176
7181
7188
7191
7193
7196
7197
7198
7199
7200
7201
7204
7205
7207
7209
7211
7212
7213
7216
7217
7219
7221
7222
7223
7224
7228
7230
7231
7235
7237
7238
7239
7240
7243
7245
7246
7247
7248
7250
7251
7252
7253
7256
7261
7262
7263
7266
7268
7272
7276
7301
7309
7310
7324
7325
7327
7331
7337
7338
7339
7346
7347
7350
7351
7352
7353
7356
7359
7361
7363
7365
7366
7367
7368
7377
7381
7382
7386
7388
7391
7392
7393
7394
7395
7396
7397
7398
7399
7400
7401
7402
7403
7404
7405
7406
7407
7408
7409
7410
7411
7412
7416
7418
7425
7426
7432
7436
7440
7442
7451
7456
7467
7474
7475
7477
7478
7479
7481
7483
7487
7488
7489
7491
7496
7497
7498
7499
7500
7501
7503
7505
7508
7510
7511
7513
7518
7521
7522
7524
7525
7527
7530
7531
7532
7533
7534
7535
7536
7540
7549
7558
7560
7561
7562
7564
7565
7566
7567
7568
7591
7606
7607
7610
7611
7614
7616
7619
7620
7621
7622
7626
7631
7637
7641
7661
7669
7671
7677
7679
7685
7686
7688
7692
7699
7700
7701
7702
7703
7704
7707
7710
7711
7713
7726
7733
7734
7735
7736
7745
7748
7750
7751
7753
7755
7757
7759
7761
7762
7765
7783
7784
7785
7788
7791
7795
7797
7799
7800
7802
7804
7805
7807
7809
7810
7812
7814
7815
7819
7820
7821
7824
7825
7826
7827
7829
7830
7831
7832
7834
7835
7840
7843
7844
7845
7847
7848
7849
7852
7854
7855
7859
7860
7861
7862
7865
7867
7869
7870
7871
7872
7873
7876
7878
7880
7892
7897
7900
7904
7906
7910
7913
7915
7916
7928
7929
7931
7932
7935
7936
7938
7942
7945
7956
7957
7961
7962
7965
7966
7968
7971
7972
7977
7978
7984
7985
7986
7987
8006
8007
8009
8011
8012
8028
8030
8031
8032
8035
8037
8038
8039
8044
8045
8047
8048
8049
8050
8053
8061
8064
8066
8072
8074
8078
8084
8093
8096
8097
8099
8100
8102
8104
8107
8110
8114
8117
8120
8125
8126
8131
8134
8137
8140
8142
8143
8144
8145
8146
8147
8149
8153
8154
8157
8158
8161
8162
8163
8164
8166
8168
8178
8179
8181
8189
8190
8193
8195
8196
8197
8201
8202
8205
8209
8211
8216
8217
8221
8222
8228
8229
8231
8232
8234
8237
8239
8240
8241
8243
8247
8249
8251
8257
8259
8261
8263
8264
8265
8267
8293
8294
8295
8304
8305
8306
8312
8313
8314
8316
8319
8321
8322
8323
8331
8338
8339
8358
8363
8366
8367
8377
8378
8387
8389
8390
8393
8396
8398
8401
8403
8423
8430
8433
8435
8436
8439
8443
8444
8445
8450
8456
8457
8458
8459
8466
8468
8469
8475
8480
8487
8489
8490
8492
8493
8494
8495
8496
8497
8498
8499
8501
8502
8504
8505
8506
8507
8509
8510
8511
8512
8513
8514
8516
8517
8519
8521
8531
8532
8535
8537
8538
8539
8546
8552
8554
8556
8557
8559
8560
8561
8563
8565
8566
8567
8570
8573
8584
8589
8601
8608
8611
8612
8614
8615
8616
8617
8619
8620
8621
8622
8623
8624
8632
8642
8646
8653
8659
8660
8662
8664
8665
8670
8673
8674
8675
8678
8680
8682
8683
8684
8686
8687
8689
8690
8691
8692
8696
8697
8698
8699
8701
8703
8704
8706
8708
8709
8712
8715
8717
8718
8719
8724
8726
8733
8753
8761
8773
8777
8780
8783
8785
8788
8790
8797
8818
8821
8822
8823
8824
8828
8830
8834
8835
8836
8837
8840
8841
8850
8853
8855
8856
8857
8867
8869
8872
8873
8874
8889
8890
8897
8906
8909
8910
8911
8912
8913
8914
8915
8916
8917
8918
8919
8921
8922
8924
8926
8928
8931
8932
8935
8937
8938
8940
8942
8948
8950
8955
8956
8960
8963
8965
8975
8976
8977
8979
8981
8982
8984
8989
8991
8993
8994
8995
8996
8997
8998
9000
9002
9003
9005
9008
9010
9017
9018
9021
9022
9024
9026
9027
9029
9033
9035
9036
9038
9040
9044
9053
9054
9056
9059
9060
9063
9067
9068
9071
9073
9074
9075
9076
9077
9078
9079
9081
9082
9085
9092
9098
9099
9102
9104
9106
9107
9111
9118
9122
9125
9134
9135
9142
9143
9145
9149
9150
9151
9153
9155
9165
9167
9172
9192
9194
9197
9199
9208
9210
9212
9214
9218
9220
9221
9223
9224
9235
9237
9239
9240
9243
9247
9249
9251
9252
9254
9255
9257
9258
9259
9260
9261
9262
9263
9264
9265
9266
9267
9268
9269
9270
9271
9272
9273
9274
9275
9276
9277
9278
9279
9280
9281
9282
9283
9284
9285
9286
9287
9288
9289
9290
9291
9292
9293
9294
9295
9296
9297
9298
9299
9300
9302
9303
9305
9313
9314
9315
9319
9321
9322
9331
9334
9339
9345
9364
9370
9377
9378
9380
9381
9384
9389
9390
9392
9394
9396
9397
9399
9400
9408
9412
9413
9417
9418
9420
9424
9426
9427
9429
9430
9432
9434
9435
9436
9438
9440
9441
9446
9447
9451
9456
9462
9465
9466
9467
9473
9475
9477
9484
9495
9501
9504
9514
9516
9517
9542
9543
9549
9552
9571
9576
9579
9583
9586
9592
9608
9613
9614
9615
9619
9621
9622
9624
9629
9631
9638
9640
9642
9643
9644
9645
9646
9648
9651
9657
9659
9663
9673
9677
9678
9687
9688
9689
9690
9691
9694
9695
9696
9700
9704
9705
9706
9707
9713
9715
9717
9719
9720
9721
9723
9725
9729
9732
9737
9738
9740
9741
9742
9748
9749
9750
9759
9762
9764
9777
9779
9788
9789
9790
9791
9794
9795
9796
9800
9807
9808
9809
9810
9811
9812
9814
9815
9818
9822
9826
9827
9831
9834
9835
9837
9839
9843
9844
9846
9849
9850
9851
9852
9853
9854
9855
9856
9858
9859
9860
9861
9864
9865
9867
9868
9870
9872
9873
9877
9878
9879
9880
9882
9884
9887
9895
9897
9898
9899
9901
9902
9906
9911
9918
9929
9930
9934
9936
9937
9939
9941
9944
9945
9946
9947
9964
9967
9969
9970
9973
9974
9976
9977
9979
9981
9982
9984
9995
9996
9997
9998
9999
10003
10006
10007
10010
10012
10015
10020
10023
10027
10029
10035
10036
10037
10039
10043
10049
10053
10054
10055
10058
10060
10067
10071
10082
10085
10086
10090
10094
10096
10098
10100
10102
10105
10106
10111
10113
10134
10136
10163
10164
10168
10169
10170
10171
10172
10173
10189
10197
10220
10222
10224
10228
10237
10238
10240
10244
10245
10247
10249
10253
10254
10266
10274
10283
10285
10303
10318
10319
10320
10323
10325
10326
10327
10328
10329
10330
10331
10333
10334
10340
10350
10353
10354
10355
10357
10359
10360
10361
10363
10364
10383
10385
10386
10388
10393
10395
10405
10406
10408
10409
10411
10412
10419
10420
10421
10423
10424
10426
10427
10429
10430
10431
10434
10437
10438
10441
10443
10445
10446
10448
10452
10453
10456
10460
10462
10463
10464
10465
10466
10468
10472
10473
10476
10481
10486
10489
10491
10492
10497
10503
10507
10508
10509
10513
10514
10517
10540
10542
10548
10549
10551
10553
10556
10583
10590
10613
10622
10626
10628
10631
10632
10633
10634
10635
10648
10656
10662
10667
10669
10674
10676
10682
10684
10696
10699
10701
10702
10703
10704
10706
10707
10708
10710
10711
10712
10713
10714
10727
10735
10740
10742
10743
10744
10745
10761
10762
10763
10764
10768
10770
10771
10772
10778
10779
10780
10782
10788
10792
10794
10798
10800
10801
10802
10803
10804
10809
10811
10813
10815
10820
10822
10824
10825
10831
10833
10837
10838
10842
10843
10844
10846
10848
10849
10851
10856
10868
10869
10881
10957
10963
10991
10997
11008
11014
11015
11020
11022
11023
11037
11060
11063
11066
11070
11071
11073
11077
11084
11085
11093
11097
11098
11099
11100
11102
11115
11116
11117
11120
11124
11125
11126
11131
11132
11134
11152
11156
11159
11164
11166
11169
11172
11175
11179
11180
11181
11186
11189
11190
11191
11196
11198
11199
11200
11201
11202
11203
11204
11205
11206
11207
11208
11209
11210
11211
11212
11213
11214
11215
11217
11218
11219
11220
11223
11224
11225
11227
11228
11231
11233
11234
11235
11236
11237
11241
11242
11243
11244
11253
11254
11255
11256
11258
11259
11262
11263
11264
11265
11266
11268
11269
11270
11273
11275
11276
11277
11278
11279
11280
11282
11283
11284
11285
11287
11291
11295
11298
11301
11302
11303
11304
11305
11306
11307
11308
11309
11313
11315
11323
11331
11333
11334
11335
11336
11338
11341
11342
11351
11352
11355
11357
11358
11361
11363
11365
11375
11376
11377
11382
11383
11384
11385
11386
11389
11391
11392
11393
11394
11395
11396
11397
11398
11399
11401
11405
11411
11416
11420
11421
11422
11423
11424
11425
11426
11427
11434
11438
11439
11440
11441
11448
11450
11456
11457
11459
11462
11464
11477
11479
11480
11493
11498
11499
11502
11518
11520
11521
11522
11523
11524
11525
11526
11528
11530
11533
11536
11538
11539
11543
11545
11547
11549
11550
11553
11554
11556
11559
11560
11561
11562
11563
11564
11565
11566
11567
11568
11571
11572
11577
11578
11584
11587
11588
11589
11590
11592
11593
11597
11598
11599
11600
11603
11611
11612
11616
11620
11621
11624
11625
11626
11627
11629
11630
11631
11632
11633
11635
11636
11639
11640
11641
11642
11643
11645
11646
11647
11648
11650
11651
11653
11655
11656
11657
11659
11669
11671
11672
11682
11687
11709
11711
11712
11725
11731
11732
11739
11741
11755
11760
11761
11763
11764
11765
11766
11768
11769
11771
11772
11783
11785
11791
11792
11794
11795
11796
11797
11800
11808
11809
11810
11811
11812
11813
11815
11816
11817
11823
11825
11826
11831
11833
11834
11835
11844
11845
11848
11850
11851
11853
11854
11855
11856
11857
11858
11859
11861
11862
11864
11868
11874
11875
11882
11883
11884
11892
11895
11896
11897
11898
11904
11906
11907
11910
11913
11916
11918
11921
11923
11924
11926
11927
11937
11947
11951
11969
11971
11975
11984
11986
11987
11999
12009
12011
12014
12017
12018
12022
12025
12026
12027
12029
12031
12032
12033
12038
12042
12045
12050
12051
12058
12059
12060
12062
12063
12064
12065
12069
12070
12073
12076
12078
12081
12084
12087
12092
12093
12097
12102
12116
12118
12121
12129
12131
12133
12136
12149
12151
12152
12165
12168
12169
12171
12172
12174
12175
12176
12179
12182
12184
12188
12190
12224
12226
12229
12230
12231
12232
12233
12234
12235
12236
12237
12238
12240
12242
12246
12258
12259
12260
12264
12269
12270
12272
12284
12288
12289
12299
12300
12309
12310
12313
12322
12336
12342
12343
12344
12357
12358
12360
12361
12362
12363
12365
12366
12367
12397
12401
12403
12408
12409
12410
12411
12415
12416
12417
12418
12423
12424
12426
12428
12429
12431
12438
12439
12440
12442
12443
12444
12453
12454
12455
12457
12458
12459
12460
12462
12465
12466
12467
12468
12469
12470
12474
12476
12477
12478
12482
12484
12486
12494
12498
12501
12505
12506
12508
12509
12510
12515
12517
12518
12527
12533
12534
12539
12540
12541
12543
12546
12549
12552
12553
12562
12563
12567
12571
12573
12583
12587
12590
12591
12602
12603
12606
12607
12608
12610
12611
12616
12617
12620
12641
12643
12644
12645
12646
12649
12657
12658
12659
12663
12667
12668
12678
12689
12693
12695
12703
12707
12711
12713
12714
12715
12723
12725
12726
12727
12729
12731
12734
12735
12736
12737
12738
12740
12741
12743
12745
12746
12747
12748
12756
12757
12779
12783
12788
12794
12796
12797
12798
12801
12805
12806
12807
12808
12813
12814
12816
12817
12819
12830
12834
12838
12842
12843
12846
12848
12849
12850
12852
12855
12863
12871
12896
12902
12903
12904
12905
12906
12907
12908
12909
12910
12911
12912
12913
12914
12915
12916
12917
12918
12919
12920
12921
12922
12923
12924
12925
12926
12927
12928
12929
12930
12931
12932
12933
12934
12935
12936
12937
12938
12939
12940
12941
12942
12943
12944
12946
12947
12948
12949
12950
12951
12952
12997
12998
13001
13002
13006
13007
13008
13011
13012
13015
13019
13020
13021
13022
13023
13024
13025
13026
13027
13028
13029
13030
13032
13033
13035
13037
13038
13041
13043
13045
13046
13047
13066
13068
13090
13105
13108
13109
13110
13111
13115
13121
13124
13128
13131
13133
13135
13138
13140
13141
13144
13145
13146
13147
13151
13152
13154
13155
13158
13160
13161
13163
13164
13165
13166
13167
13169
13170
13174
13175
13178
13180
13181
13182
13183
13184
13186
13187
13188
13192
13193
13200
13203
13204
13206
13211
13212
13213
13214
13215
13216
13218
13219
13222
13223
13230
13231
13232
13237
13238
13240
13243
13246
13256
13264
13274
13279
13281
13282
13283
13288
13289
13290
13296
13299
13303
13308
13337
13340
13343
13358
13359
13360
13361
13362
13363
13365
13367
13368
13380
13382
13392
13396
13405
13406
13409
13413
13414
13415
13417
13421
13423
13426
13427
13431
13432
13434
13435
13438
13439
13443
13444
13455
13456
13458
13459
13460
13462
13464
13466
13470
13471
13476
13477
13483
13484
13487
13490
13503
13506
13507
13509
13510
13513
13515
13516
13518
13519
13520
13521
13522
13526
13527
13528
13531
13535
13538
13542
13547
13548
13556
13564
13568
13577
13578
13579
13580
13581
13583
13584
13585
13589
13590
13594
13600
13604
13642
13647
13648
13652
13657
13658
13659
13661
13662
13663
13681
13686
13688
13693
13697
13699
13706
13712
13719
13721
13722
13735
13743
13768
13770
13772
13774
13776
13777
13780
13781
13782
13787
13788
13789
13790
13791
13792
13795
13797
13798
13803
13804
13805
13810
13819
13822
13824
13839
13840
13845
13851
13853
13855
13858
13859
13864
13865
13866
13867
13869
13870
13881
13883
13887
13890
13904
13905
13906
13907
13916
13922
13926
13928
13931
13933
13939
13940
13947
13948
13949
13952
13953
13955
13956
13957
13958
13959
13962
13965
13966
13969
13978
13979
13980
14026
14045
14049
14051
14059
14062
14064
14066
14067
14068
14069
14072
14074
14077
14081
14084
14090
14101
14103
14108
14112
14114
14121
14124
14125
14130
14131
14132
14135
14156
14162
14163
14164
14165
14173
14176
14177
14183
14186
14198
14211
14221
14234
14236
14240
14242
14244
14245
14248
14257
14261
14262
14263
14266
14268
14270
14271
14274
14276
14281
14283
14288
14289
14309
14313
14317
14321
14323
14324
14325
14328
14330
14334
14354
14355
14356
14357
14358
14359
14360
14361
14362
14363
14364
14365
14366
14367
14368
14369
14370
14371
14372
14373
14374
14375
14376
14378
14379
14380
14381
14390
14391
14408
14409
14413
14417
14418
14419
14422
14423
14426
14428
14432
14433
14437
14441
14445
14447
14453
14464
14465
14466
14469
14470
14485
14487
14493
14500
14503
14504
14507
14509
14510
14516
14521
14524
14528
14531
14537
14540
14542
14544
14546
14555
14556
14557
14558
14559
14563
14567
14569
14571
14576
14579
14589
14593
14601
14604
14606
14607
14609
14610
14612
14625
14626
14627
14629
14630
14632
14636
14648
14661
14669
14672
14673
14674
14675
14676
14677
14680
14685
14688
14689
14691
14692
14693
14694
14695
14696
14697
14701
14706
14707
14708
14710
14711
14730
14736
14738
14740
14741
14743
14744
14748
14750
14752
14753
14754
14755
14757
14759
14760
14761
14762
14764
14772
14786
14787
14788
14789
14790
14791
14793
14798
14799
14802
14803
14804
14806
14807
14808
14810
14813
14820
14821
14830
14831
14833
14834
14835
14837
14839
14842
14850
14852
14870
14873
14874
14875
14882
14884
14885
14886
14887
14891
14892
14896
14899
14902
14905
14911
14934
14936
14937
14940
14944
14953
14955
14956
14957
14958
14959
14964
14965
14970
14971
14977
14978
14980
14981
14985
14987
14990
14992
14994
14997
15004
15006
15008
15017
15019
15021
15031
15032
15034
15035
15036
15037
15040
15044
15045
15046
15047
15048
15049
15052
15054
15055
15057
15058
15061
15062
15063
15065
15066
15067
15068
15069
15070
15073
15074
15075
15078
15080
15082
15091
15093
15095
15096
15097
15100
15101
15102
15105
15116
15118
15119
15127
15129
15131
15132
15134
15135
15138
15139
15140
15142
15163
15164
15168
15172
15179
15185
15186
15188
15202
15204
15205
15206
15207
15208
15210
15212
15221
15223
15227
15229
15232
15233
15235
15239
15240
15241
15246
15257
15260
15267
15268
15270
15272
15277
15278
15280
15281
15282
15283
15284
15285
15286
15287
15289
15290
15294
15296
15299
15300
15301
15303
15304
15305
15306
15309
15310
15315
15318
15319
15320
15321
15333
15335
15340
15368
15372
15376
15381
15383
15385
15386
15387
15392
15399
15403
15406
15408
15410
15428
15439
15441
15445
15447
15449
15450
15451
15453
15454
15455
15460
15461
15462
15464
15465
15467
15468
15469
15470
15471
15472
15473
15480
15483
15484
15486
15487
15488
15490
15493
15494
15504
15505
15507
15510
15513
15521
15525
15527
15528
15529
15530
15532
15534
15537
15541
15542
15545
15546
15547
15549
15550
15551
15553
15558
15565
15569
15570
15571
15577
15586
15592
15594
15597
15598
15599
15600
15602
15603
15606
15610
15611
15612
15613
15615
15616
15617
15620
15621
15622
15623
15627
15630
15631
15632
15633
15634
15639
15646
15649
15651
15652
15653
15655
15656
15658
15659
15660
15663
15664
15666
15668
15669
15670
15671
15673
15679
15683
15686
15687
15688
15689
15690
15721
15733
15735
15738
15749
15751
15756
15761
15764
15769
15799
15802
15803
15804
15805
15806
15807
15808
15809
15810
15811
15812
15813
15814
15815
15816
15817
15818
15819
15820
15821
15822
15823
15824
15825
15826
15827
15828
15829
15830
15831
15832
15833
15834
15835
15836
15837
15838
15839
15840
15841
15842
15843
15844
15845
15846
15847
15848
15849
15850
15851
15852
15853
15854
15855
15856
15857
15858
15859
15860
15861
15862
15863
15864
15865
15866
15867
15868
15869
15870
15871
15872
15873
15874
15875
15876
15877
15878
15879
15880
15881
15882
15883
15884
15885
15886
15887
15888
15889
15890
15891
15892
15893
15894
15895
15896
15897
15898
15899
15900
15901
15902
15903
15904
15905
15906
15907
15908
15909
15910
15911
15912
15913
15914
15915
15916
15917
15918
15919
15920
15921
15922
15923
15924
15925
15926
15927
15928
15929
15930
15931
15932
15933
15934
15935
15936
15937
15938
15939
15940
15941
15942
15943
15944
15945
15946
15947
15948
15949
15950
15951
15952
15953
15954
15955
15956
15957
15958
15959
15960
15961
15962
15963
15964
15965
15966
15967
15968
15969
15970
15971
15972
15973
15975
15976
15977
15989
15990
16003
16005
16010
16011
16014
16018
16019
16023
16028
16032
16033
16034
16043
16048
16049
16050
16064
16068
16073
16075
16079
16080
16081
16082
16083
16086
16101
16102
16108
16109
16110
16111
16114
16121
16122
16125
16128
16129
16130
16137
16141
16142
16147
16148
16149
16152
16153
16155
16157
16158
16161
16163
16165
16166
16170
16171
16173
16175
16178
16179
16180
16181
16182
16191
16192
16197
16200
16202
16203
16210
16213
16214
16216
16217
16218
16219
16225
16234
16237
16242
16245
16251
16257
16260
16261
16268
16274
16282
16286
16287
16288
16301
16305
16306
16322
16334
16352
16353
16354
16359
16363
16365
16366
16371
16375
16377
16381
16385
16387
16388
16390
16392
16396
16397
16401
16403
16404
16406
16407
16410
16413
16417
16420
16422
16430
16431
16432
16433
16439
16442
16450
16452
16453
16454
16461
16465
16467
16468
16473
16486
16508
16518
16523
16524
16525
16528
16536
16538
16539
16542
16544
16548
16550
16551
16552
16553
16554
16557
16558
16559
16561
16562
16564
16565
16566
16567
16569
16570
16573
16574
16585
16586
16588
16589
16601
16604
16605
16608
16610
16619
16625
16627
16628
16630
16640
16672
16685
16688
16689
16707
16708
16713
16720
16748
16749
16756
16758
16767
16769
16770
16771
16775
16779
16781
16789
16794
16822
16826
16829
16832
16836
16843
16844
16846
16847
16848
16849
16851
16852
16858
16859
16861
16865
16868
16894
16895
16906
16907
16909
16911
16912
16914
16916
16919
16922
16923
16936
16937
16941
16944
16946
16952
16954
16955
16957
16959
16962
16973
16981
16990
16991
16992
16993
16996
17000
17007
17008
17010
17013
17014
17021
17027
17031
17034
17042
17043
17044
17052
17054
17067
17068
17079
17080
17087
17093
17096
17098
17100
17108
17112
17114
17115
17116
17120
17121
17123
17127
17138
17141
17142
17143
17144
17145
17146
17147
17148
17149
17150
17151
17152
17153
17154
17155
17156
17157
17158
17159
17160
17161
17162
17163
17164
17165
17166
17167
17168
17169
17170
17171
17172
17173
17185
17191
17193
17194
17199
17208
17223
17224
17225
17231
17264
17267
17268
17270
17271
17272
17273
17274
17278
17279
17284
17286
17288
17289
17292
17293
17294
17295
17296
17300
17302
17303
17304
17306
17311
17312
17313
17314
17315
17317
17319
17320
17321
17322
17323
17324
17325
17327
17329
17330
17331
17333
17337
17339
17347
17351
17355
17356
17357
17358
17364
17365
17366
17368
17371
17373
17377
17382
17383
17390
17391
17395
17396
17397
17398
17406
17407
17409
17410
17411
17414
17415
17416
17417
17418
17419
17420
17424
17425
17428
17429
17463
17464
17467
17469
17495
17502
17511
17512
17513
17514
17516
17519
17520
17522
17523
17525
17529
17537
17540
17541
17544
17545
17561
17563
17565
17566
17567
17568
17569
17570
17572
17573
17574
17577
17578
17579
17580
17581
17582
17584
17585
17587
17588
17591
17599
17600
17601
17602
17603
17605
17611
17612
17614
17634
17636
17637
17655
17656
17658
17665
17666
17682
17707
17717
17723
17732
17738
17739
17740
17741
17744
17745
17761
17767
17800
17801
17802
17803
17804
17805
17806
17807
17810
17813
17815
17816
17817
17820
17821
17823
17824
17825
17826
17828
17830
17831
17832
17833
17834
17836
17837
17839
17843
17846
17847
17850
17853
17856
17865
17868
17869
17871
17872
17873
17880
17883
17884
17885
17892
17896
17905
17906
17907
17908
17909
17910
17912
17914
17922
17926
17929
17932
17934
17937
17954
17955
17963
17965
17966
17968
17985
17991
17994
17995
17998
18005
18006
18018
18019
18021
18025
18026
18027
18029
18035
18037
18038
18039
18040
18041
18043
18044
18048
18052
18056
18057
18059
18060
18061
18064
18065
18066
18067
18068
18069
18079
18111
18116
18162
18164
18175
18191
18195
18197
18200
18205
18215
18218
18226
18231
18234
18238
18241
18243
18244
18252
18253
18254
18269
18270
18287
18289
18293
18295
18298
18299
18300
18305
18306
18307
18309
18310
18316
18318
18320
18321
18323
18327
18330
18331
18332
18334
18336
18337
18339
18340
18341
18343
18344
18345
18349
18354
18358
18359
18362
18363
18368
18374
18379
18381
18389
18397
18400
18401
18402
18410
18413
18420
18426
18430
18433
18441
18448
18458
18459
18460
18461
18462
18463
18464
18465
18466
18467
18469
18472
18474
18476
18478
18479
18480
18484
18485
18486
18487
18488
18490
18493
18496
18497
18498
18499
18500
18501
18503
18505
18511
18513
18514
18515
18516
18517
18518
18519
18523
18532
18534
18542
18551
18572
18578
18583
18587
18588
18596
18597
18598
18599
18600
18601
18602
18603
18604
18605
18606
18607
18608
18609
18610
18611
18612
18613
18614
18615
18616
18617
18618
18619
18620
18621
18622
18623
18624
18625
18626
18627
18628
18629
18630
18631
18632
18633
18634
18635
18639
18640
18641
18642
18752
18776
18786
18796
18800
18801
18802
18803
18821
18836
18851
18879
18880
18883
18884
18886
18888
18889
18891
18892
18893
18895
18899
18903
18904
18905
18907
18908
18911
18912
18913
18914
18915
18916
18926
18930
18931
18932
18933
18934
18935
18942
18943
18948
18951
18956
18957
18974
18978
18979
18980
18981
18994
18995
18997
19005
19006
19007
19009
19011
19016
19017
19019
19033
19044
19052
19053
19058
19059
19060
19062
19064
19065
19066
19068
19071
19073
19074
19075
19078
19079
19083
19084
19085
19086
19087
19088
19089
19090
19091
19092
19093
19095
19096
19098
19100
19104
19107
19124
19126
19128
19132
19134
19136
19138
19145
19146
19156
19158
19160
19161
19163
19169
19186
19192
19193
19197
19200
19221
19222
19226
19238
19239
19240
19241
19243
19245
19249
19251
19252
19253
19254
19256
19260
19266
19268
19286
19295
19298
19306
19308
19309
19314
19323
19325
19344
19358
19359
19364
19366
19368
19369
19372
19374
19378
19382
19385
19390
19400
19405
19411
19412
19414
19417
19420
19422
19425
19427
19430
19439
19452
19454
19456
19463
19467
19477
19481
19493
19498
19499
19500
19559
19560
19561
19579
19580
19581
19582
19586
19597
19602
19604
19609
19610
19614
19620
19621
19623
19627
19630
19631
19634
19638
19640
19644
19649
19661
19664
19670
19671
19672
19674
19675
19676
19679
19680
19681
19682
19683
19685
19686
19698
19702
19706
19707
19709
19722
19726
19728
19729
19732
19739
19740
19741
19747
19767
19772
19773
19774
19778
19780
19785
19786
19787
19788
19789
19790
19791
19792
19793
19794
19795
19796
19797
19798
19799
19800
19801
19802
19803
19804
19805
19806
19807
19808
19809
19810
19811
19812
19813
19814
19815
19816
19818
19819
19820
19821
19826
19829
19830
19835
19841
19846
19850
19852
19854
19855
19857
19867
19869
19870
19874
19876
19881
19883
19885
19888
19889
19891
19895
19898
19910
19946
19958
19989
20015
20026
20028
20029
20034
20038
20041
20047
20048
20049
20050
20051
20052
20053
20055
20056
20057
20061
20075
20076
20081
20095
20106
20108
20109
20110
20120
20132
20133
20142
20149
20150
20154
20155
20163
20165
20167
20170
20171
20172
20175
20176
20177
20185
20186
20190
20191
20193
20199
20200
20206
20216
20217
20218
20220
20221
20224
20227
20228
20232
20233
20234
20244
20248
20256
20258
20259
20262
20263
20269
20270
20271
20274
20275
20276
20277
20279
20280
20281
20282
20284
20285
20287
20289
20293
20296
20298
20303
20304
20305
20306
20308
20309
20310
20311
20314
20315
20316
20317
20318
20324
20325
20329
20330
20331
20333
20338
20340
20342
20345
20346
20349
20354
20357
20359
20365
20368
20388
20389
20391
20407
20408
20409
20410
20415
20420
20422
20424
20430
20433
20434
20435
20436
20437
20439
20440
20448
20451
20466
20468
20469
20475
20476
20488
20489
20496
20497
20500
20501
20513
20517
20522
20525
20553
20554
20569
20570
20578
20593
20596
20598
20604
20615
20617
20618
20619
20621
20627
20636
20640
20680
20683
20686
20690
20694
20696
20697
20698
20699
20704
20705
20712
20727
20728
20735
20736
20739
20741
20747
20775
20776
20777
20778
20779
20780
20781
20782
20783
20784
20785
20786
20787
20788
20789
20790
20791
20792
20793
20794
20795
20796
20797
20798
20799
20800
20801
20802
20803
20804
20805
20806
20807
20808
20809
20810
20811
20812
20813
20814
20815
20816
20817
20818
20819
20820
20821
20822
20823
20824
20825
20826
20827
20828
20829
20830
20831
20832
20833
20834
20835
20836
20837
20838
20839
20840
20841
20842
20843
20844
20845
20846
20847
20848
20849
20850
20851
20852
20853
20854
20855
20856
20857
20858
20859
20860
20861
20862
20863
20864
20865
20866
20867
20868
20869
20870
20871
20872
20873
20874
20875
20876
20877
20878
20879
20880
20881
20882
20883
20884
20885
20886
20887
20888
20889
20890
20891
20892
20893
20894
20895
20896
20897
20898
20899
20900
20901
20902
20903
20904
20905
20906
20907
20908
20909
20910
20911
20912
20913
20914
20915
20916
20917
20918
20919
20920
20921
20922
20923
20924
20925
20926
20927
20928
20929
20930
20931
20932
20933
20934
20935
20936
20937
20938
20939
20940
20941
20942
20943
20944
20945
20946
20947
20948
20949
20950
20951
20952
20953
20954
20955
20978
20983
20994
20997
20998
20999
21005
21011
21015
21029
21031
21032
21043
21064
21065
21066
21071
21087
21090
21091
21096
21097
21101
21109
21110
21112
21114
21121
21122
21123
21125
21128
21130
21133
21134
21135
21140
21148
21152
21156
21157
21159
21168
21169
21170
21174
21178
21191
21192
21199
21201
21223
21233
21241
21244
21245
21246
21247
21250
21251
21263
21277
21279
21281
21282
21291
21300
21304
21310
21311
21312
21314
21315
21317
21321
21322
21327
21328
21329
21331
21332
21333
21336
21338
21339
21340
21341
21342
21344
21345
21349
21350
21352
21353
21355
21359
21361
21363
21364
21368
21370
21372
21373
21374
21379
21380
21383
21385
21387
21388
21390
21391
21392
21395
21396
21402
21403
21404
21407
21409
21410
21415
21416
21417
21418
21419
21420
21421
21422
21423
21425
21426
21427
21429
21430
21431
21435
21436
21439
21440
21442
21445
21449
21451
21456
21459
21460
21462
21465
21468
21470
21471
21474
21475
21477
21478
21481
21482
21483
21486
21488
21490
21495
21496
21497
21498
21501
21504
21512
21514
21515
21516
21521
21522
21524
21525
21529
21532
21537
21538
21539
21542
21546
21547
21555
21556
21567
21572
21577
21579
21580
21582
21584
21588
21589
21590
21592
21593
21594
21595
21596
21597
21598
21599
21600
21601
21604
21605
21608
21609
21610
21612
21616
21617
21618
21619
21621
21622
21624
21627
21629
21630
21636
21638
21640
21641
21643
21645
21646
21650
21654
21655
21658
21662
21663
21665
21671
21672
21678
21680
21681
21684
21690
21691
21692
21693
21700
21703
21704
21709
21710
21711
21712
21714
21717
21718
21723
21726
21727
21734
21737
21738
21741
21742
21745
21750
21753
21755
21777
21783
21786
21787
21788
21790
21791
21796
21799
21806
21807
21810
21811
21812
21813
21814
21815
21817
21818
21819
21820
21821
21822
21824
21825
21826
21827
21828
21830
21835
21845
21847
21851
21854
21855
21856
21861
21862
21863
21864
21865
21870
21871
21887
21889
21891
21892
21894
21897
21900
21915
21919
21920
21921
21922
21923
21924
21925
21926
21927
21928
21929
21930
21931
21932
21933
21934
21935
21936
21937
21938
21939
21940
21941
21942
21943
21944
21945
21946
21947
21948
21949
21950
21951
21952
21953
21954
21955
21956
21957
21958
21959
21960
21961
21962
21963
21964
21965
21966
21967
21968
21969
21970
21971
21972
21973
21974
21975
21976
21977
21978
21979
21980
21981
21982
21983
21984
21985
21986
21987
21988
21989
21990
21991
21992
21993
21994
21995
21996
21997
21998
21999
22000
22001
22002
22003
22004
22005
22006
22007
22008
22009
22010
22011
22012
22013
22014
22015
22016
22017
22018
22019
22020
22021
22022
22023
22024
22025
22026
22027
22028
22029
22030
22031
22032
22033
22034
22035
22036
22037
22038
22039
22040
22041
22042
22043
22044
22045
22046
22047
22048
22049
22050
22051
22052
22053
22054
22055
22056
22057
22058
22059
22060
22061
22062
22063
22064
22065
22066
22067
22068
22069
22070
22071
22072
22073
22074
22075
22076
22077
22078
22080
22081
22082
22083
22084
22085
22086
22087
22088
22089
22090
22091
22092
22093
22094
22095
22096
22097
22098
22099
22100
22101
22166
22168
22169
22174
22176
22179
22180
22182
22185
22189
22190
22192
22193
22194
22196
22197
22198
22199
22200
22209
22210
22216
22220
22221
22236
22237
22244
22245
22246
22249
22250
22251
22252
22253
22256
22257
22260
22261
22262
22275
22291
22292
22295
22298
22302
22303
22304
22314
22315
22316
22317
22318
22319
22320
22322
22323
22324
22326
22327
22329
22330
22332
22333
22337
22338
22339
22340
22344
22346
22349
22350
22353
22355
22356
22357
22365
22373
22375
22378
22379
22380
22381
22382
22383
22384
22386
22389
22390
22392
22394
22395
22398
22404
22405
22406
22408
22410
22411
22413
22430
22451
22453
22456
22457
22459
22460
22461
22466
22478
22479
22481
22490
22496
22499
22508
22509
22511
22512
22516
22517
22529
22532
22533
22538
22541
22542
22543
22546
22547
22548
22549
22558
22560
22561
22567
22575
22576
22582
22585
22587
22589
22598
22599
22604
22618
22635
22640
22641
22642
22643
22672
22676
22684
22698
22702
22703
22704
22707
22708
22712
22713
22714
22716
22718
22719
22722
22724
22725
22726
22734
22737
22739
22740
22741
22742
22744
22747
22748
22750
22751
22752
22753
22754
22755
22759
22761
22762
22763
22764
22765
22767
22769
22770
22773
22775
22776
22777
22780
22783
22784
22785
22786
22787
22789
22790
22793
22801
22806
22808
22828
22832
22843
22845
22854
22878
22880
22887
22891
22892
22894
22897
22901
22904
22905
22909
22917
22943
22988
22989
22990
22991
22992
22993
22994
22995
22996
22997
22998
22999
23000
23001
23002
23003
23004
23005
23006
23007
23008
23009
23010
23011
23012
23013
23014
23015
23016
23017
23018
23019
23020
23021
23022
23023
23024
23025
23026
23027
23028
23029
23030
23031
23032
23033
23034
23035
23036
23037
23038
23039
23040
23041
23042
23043
23044
23045
23046
23047
23048
23049
23050
23051
23052
23053
23054
23055
23056
23057
23058
23059
23060
23061
23062
23063
23064
23065
23066
23067
23068
23069
23070
23071
23072
23073
23074
23075
23076
23077
23078
23079
23080
23081
23082
23083
23084
23085
23086
23087
23088
23089
23090
23091
23092
23093
23094
23095
23096
23097
23098
23099
23100
23101
23102
23103
23104
23105
23106
23107
23108
23109
23110
23111
23112
23113
23114
23115
23116
23117
23118
23119
23120
23121
23122
23123
23124
23125
23126
23127
23128
23129
23130
23131
23132
23133
23134
23135
23136
23137
23138
23139
23140
23141
23142
23143
23144
23145
23146
23147
23148
23149
23150
23151
23152
23153
23154
23155
23156
23157
23158
23159
23160
23161
23162
23163
23164
23165
23166
23167
23168
23169
23170
23171
23172
23173
23174
23175
23176
23177
23178
23179
23180
23181
23182
23183
23184
23185
23186
23187
23194
23215
23228
23230
23234
23237
23257
23261
23265
23269
23270
23272
23280
23284
23285
23289
23301
23305
23306
23308
23310
23324
23325
23326
23346
23348
23350
23351
23352
23365
23366
23367
23368
23373
23379
23386
23416
23420
23431
23448
23449
23451
23452
23455
23459
23460
23464
23470
23472
23482
23485
23490
23501
23505
23514
23520
23522
23523
23531
23532
23534
23535
23536
23537
23538
23539
23549
23560
23561
23566
23568
23573
23591
23599
23600
23603
23604
23609
23614
23615
23617
23627
23632
23649
23651
23656
23663
23664
23667
23673
23676
23686
23687
23689
23692
23694
23699
23702
23704
23706
23719
23756
23758
23763
23780
23802
23807
23808
23809
23823
23825
23840
23853
23854
23855
23857
23858
23860
23861
23862
23867
23869
23870
23873
23894
23901
23902
23909
23910
23926
23933
23939
23945
23948
23956
23959
23960
23961
23966
23967
23975
23992
24064
24067
24069
24071
24072
24074
24076
24079
24082
24085
24089
24090
24091
24094
24102
24109
24131
24134
24140
24145
24146
24148
24155
24162
24178
24183
24186
24187
24196
24209
24220
24237
24239
24251
24257
24263
24265
24269
24271
24272
24274
24276
24278
24279
24335
24355
24356
24357
24358
24370
24371
24372
24373
24374
24375
24376
24377
24378
24379
24380
24381
24382
24383
24384
24385
24386
24387
24388
24389
24390
24391
24392
24393
24394
24395
24396
24397
24398
24399
24400
24401
24402
24403
24404
24405
24406
24407
24408
24409
24410
24411
24412
24413
24414
24415
24416
24417
24418
24419
24420
24421
24422
24423
24424
24425
24426
24427
24428
24429
24430
24431
24432
24433
24434
24435
24436
24437
24438
24439
24440
24441
24442
24443
24444
24445
24446
24447
24448
24449
24450
24451
24452
24453
24454
24455
24456
24457
24458
24459
24460
24461
24462
24463
24464
24465
24466
24467
24468
24469
24470
24471
24472
24473
24486
24499
24506
24519
24524
24528
24529
24533
24537
24538
24548
24557
24561
24570
24599
24602
24603
24604
24609
24611
24612
24615
24617
24618
24621
24622
24623
24624
24625
24628
24630
24632
24634
24636
24637
24639
24642
24644
24645
24646
24648
24650
24654
24655
24656
24658
24660
24663
24664
24667
24670
24671
24672
24708
24719
24735
24744
24746
24760
24769
24770
24773
24779
24780
24783
24789
24796
24803
24804
24808
24809
24812
24813
24814
24828
24832
24833
24835
24840
24841
24842
24844
24857
24912
24913
24942
24970
24972
24973
25000
25007
25014
25015
25023
25024
25027
25028
25030
25031
25038
25042
25045
25047
25050
25052
25058
25059
25060
25132
25133
25135
25141
25142
25143
25144
25145
25146
25147
25148
25149
25150
25151
25152
25153
25154
25155
25156
25157
25158
25159
25160
25161
25162
25163
25164
25165
25166
25167
25168
25169
25170
25171
25172
25173
25174
25175
25176
25177
25178
25179
25180
25181
25182
25185
25230
25241
25246
25247
25248
25270
25286
25307
25378
25380
25410
25428
25432
25433
25434
25435
25436
25438
25439
25440
25441
25444
25449
25454
25455
25456
25457
25459
25464
25465
25470
25473
25474
25475
25476
25480
25487
25523
25526
25531
25546
25556
25560
25566
25567
25571
25572
25573
25574
25578
25579
25585
25597
25610
25612
25618
25619
25622
25623
25625
25627
25628
25631
25633
25639
25641
25643
25648
25655
25690
25706
25707
25708
25710
25721
25757
25761
25767
25768
25769
25770
25771
25787
25788
25790
25792
25793
25795
25796
25803
25808
25823
25829
25847
25856
25857
25858
25859
25872
25875
25877
25901
25902
25903
25904
25905
25906
25907
25908
25909
25910
25911
25912
25913
25914
25915
25916
25917
25918
25919
25920
25921
25922
25923
25924
25925
25926
25927
25928
25929
25930
25931
25932
25933
25934
25935
25936
25937
25938
25939
25940
25941
25942
25943
25944
25945
25946
25947
25948
25949
25950
25951
25952
25953
25954
25955
25957
25980
25985
25995
26001
26002
26003
26004
26014
26017
26018
26022
26023
26025
26027
26029
26030
26031
26032
26034
26036
26038
26040
26041
26044
26045
26046
26047
26048
26050
26051
26052
26053
26055
26059
26070
26077
26078
26079
26080
26081
26083
26084
26086
26088
26090
26093
26103
26107
26110
26112
26113
26117
26118
26124
26125
26127
26128
26129
26130
26131
26132
26134
26135
26136
26138
26141
26142
26144
26146
26150
26151
26152
26153
26154
26155
26156
26157
26158
26159
26162
26163
26170
26171
26172
26175
26176
26177
26180
26182
26183
26184
26185
26186
26188
26191
26195
26197
26200
26209
26212
26221
26230
26240
26262
26264
26266
26267
26268
26272
26273
26274
26275
26276
26277
26278
26280
26284
26285
26286
26287
26293
26297
26300
26306
26309
26310
26311
26329
26355
26356
26357
26358
26359
26367
26375
26376
26377
26389
26390
26391
26392
26394
26396
26397
26399
26400
26402
26408
26409
26410
26411
26413
26414
26415
26419
26427
26430
26437
26438
26442
26446
26448
26454
26455
26456
26460
26461
26467
26468
26469
26470
26471
26476
26477
26479
26481
26482
26483
26485
26493
26494
26495
26496
26504
26520
26522
26524
26529
26530
26533
26535
26549
26550
26601
26604
26623
26640
26684
26685
26686
26687
26793
26794
26795
26796
26797
26798
26799
26800
26801
26802
26803
26804
26805
26806
26807
26808
26809
26810
26811
26812
26813
26814
26815
26816
26817
26818
26819
26820
26821
26822
26823
26824
26825
26826
26832
26842
26844
26852
26854
26855
26858
26861
26863
26869
26870
26885
26889
26931
27137
27143
27167
27173
27181
27187
27194
27199
27201
27203
27204
27206
27207
27212
27213
27215
27219
27221
27222
27223
27224
27225
27229
27230
27231
27232
27234
27235
27243
27249
27252
27255
27258
27259
27262
27263
27264
27265
27269
27272
27273
27274
27282
27284
27289
27291
27292
27295
27297
27298
27301
27302
27308
27311
27315
27327
27329
27331
27332
27333
27337
27339
27342
27343
27356
27359
27362
27370
27381
27383
27385
27386
27393
27401
27402
27403
27404
27405
27406
27407
27408
27409
27410
27411
27412
27413
27414
27415
27416
27417
27418
27419
27420
27421
27422
27424
27425
27426
27427
27429
27437
27438
27439
27447
27448
27449
27473
27502
27515
27516
27528
27529
27532
27533
27536
27540
27541
27542
27543
27547
27556
27559
27560
27561
27562
27563
27565
27566
27600
27615
27623
27625
27632
27650
27654
27660
27661
27665
27681
27683
27684
27685
27687
27689
27690
27691
27696
27698
27699
27706
27707
27708
27730
27735
27739
27740
27744
27747
27749
27753
27754
27756
27782
27783
27784
27785
27786
27787
27788
27789
27790
27791
27792
27793
27794
27795
27796
27797
27798
27799
27800
27801
27802
27803
27804
27805
27806
27807
27808
27809
27810
27811
27812
27813
27814
27815
27816
27817
27818
27819
27820
27821
27822
27823
27824
27825
27826
27827
27828
27829
27830
27831
27832
27836
27839
27841
27855
27858
27862
27863
27868
27874
27875
27877
27885
27890
27891
27892
27893
27894
27895
27896
27897
27898
27899
27900
27901
27902
27903
27904
27905
27906
27907
27908
27909
27910
27911
27915
27938
27941
27946
27949
27952
27953
27954
27956
27964
27966
27970
27977
27982
27983
27984
27990
27993
27994
27996
27997
28001
28006
28009
28010
28012
28018
28019
28025
28027
28028
28029
28030
28037
28043
28045
28048
28049
28050
28053
28055
28058
28061
28065
28067
28069
28081
28082
28092
28095
28102
28104
28120
28121
28132
28133
28135
28136
28139
28142
28157
28161
28167
28169
28182
28184
28187
28192
28195
28215
28250
28251
28252
28253
28254
28255
28256
28257
28258
28259
28260
28261
28262
28263
28264
28265
28266
28267
28268
28269
28270
28271
28272
28273
28274
28275
28276
28277
28278
28279
28280
28281
28282
28283
28284
28285
28286
28287
28288
28289
28290
28291
28292
28293
28294
28295
28296
28297
28298
28299
28300
28301
28302
28303
28304
28305
28306
28307
28308
28309
28310
28311
28312
28313
28314
28315
28316
28317
28318
28319
28320
28321
28322
28323
28324
28325
28326
28327
28328
28329
28330
28331
28332
28333
28334
28335
28336
28337
28338
28339
28340
28341
28342
28343
28344
28345
28346
28347
28348
28349
28350
28351
28352
28353
28354
28355
28356
28357
28359
28364
28366
28367
28368
28370
28371
28372
28373
28374
28375
28376
28378
28379
28380
28381
28382
28383
28384
28385
28386
28387
28388
28389
28390
28391
28392
28393
28394
28395
28396
28397
28398
28399
28400
28401
28402
28411
28413
28433
28494
28518
28532
28536
28559
28580
28583
28586
28587
28589
28593
28594
28595
28599
28600
28617
28628
28647
28653
28680
28684
28687
28691
28719
28721
28726
28728
28729
28737
28740
28759
28760
28761
28767
28768
28778
28779
28780
28781
28785
28794
28800
28801
28802
28803
28804
28805
28807
28808
28809
28810
28812
28815
28817
28819
28821
28822
28827
28828
28830
28832
28833
28835
28836
28837
28840
28842
28843
28846
28853
28855
28856
28863
28866
28867
28869
28870
28874
28875
28879
28882
28884
28891
28894
28898
28901
28903
28904
28906
28907
28910
28920
28922
28923
28931
28936
28940
28947
28950
28951
28952
28956
28957
28958
28962
28965
28966
28968
28969
28970
28975
28983
28987
28988
28992
28994
28995
29002
29008
29009
29012
29013
29014
29017
29019
29020
29028
29029
29033
29036
29037
29040
29041
29042
29043
29047
29048
29050
29051
29052
29054
29056
29057
29058
29059
29061
29064
29067
29069
29071
29072
29075
29076
29077
29078
29079
29080
29083
29084
29088
29089
29091
29092
29093
29095
29096
29098
29099
29100
29104
29108
29111
29112
29113
29114
29121
29124
29125
29128
29131
29149
29151
29155
29161
29171
29178
29183
29184
29185
29186
29188
29189
29193
29195
29198
29209
29210
29212
29214
29221
29223
29254
29257
29264
29267
29268
29272
29275
29282
29296
29313
29318
29320
29321
29323
29324
29334
29338
29340
29341
29342
29343
29344
29345
29346
29347
29348
29349
29350
29351
29352
29353
29354
29355
29356
29357
29358
29359
29360
29361
29362
29363
29364
29365
29366
29367
29368
29369
29370
29371
29372
29373
29374
29375
29376
29377
29378
29379
29380
29381
29382
29383
29384
29385
29386
29389
29391
29394
29395
29398
29399
29405
29408
29410
29416
29422
29427
29428
29429
29430
29431
29432
29434
29436
29438
29442
29449
29450
29452
29453
29457
29458
29467
29484
29496
29508
29509
29514
29516
29525
29527
29528
29531
29532
29536
29540
29543
29544
29548
29552
29554
29555
29556
29557
29558
29559
29561
29564
29575
29577
29578
29579
29581
29582
29583
29586
29587
29590
29591
29592
29593
29594
29596
29599
29601
29605
29606
29608
29613
29614
29615
29616
29617
29622
29625
29626
29629
29630
29632
29633
29636
29639
29642
29644
29645
29646
29650
29651
29652
29655
29656
29657
29658
29663
29664
29666
29667
29668
29669
29670
29671
29672
29676
29678
29680
29682
29683
29688
29689
29691
29694
29698
29699
29702
29704
29705
29708
29709
29711
29712
29713
29718
29722
29725
29731
29732
29735
29736
29737
29740
29741
29745
29746
29747
29748
29749
29750
29751
29752
29753
29754
29755
29759
29760
29763
29764
29767
29791
29803
29804
29807
29809
29810
29811
29813
29815
29817
29819
29822
29827
29842
29845
29849
29851
29852
29854
29859
29867
29868
29870
29873
29880
29881
29882
29885
29890
29892
29894
29897
29901
29902
29904
29913
29922
29923
29925
29930
29931
29932
29934
29935
29936
29937
29940
29971
29974
29975
29976
29977
29979
29981
29983
29986
29987
29989
29990
29992
29993
29994
30000
30004
30005
30007
30008
30009
30010
30011
30014
30015
30016
30017
30018
30019
30022
30023
30026
30029
30030
30031
30032
30034
30035
30038
30039
30042
30045
30046
30049
30051
30052
30053
30067
30068
30084
30087
30088
30094
30100
30131
30132
30137
30138
30139
30140
30141
30142
30149
30150
30151
30152
30156
30161
30168
30174
30177
30180
30185
30186
30187
30188
30189
30199
30200
30201
30202
30204
30205
30206
30207
30209
30213
30214
30215
30221
30222
30223
30227
30230
30233
30236
30237
30242
30243
30246
30247
30249
30251
30252
30253
30260
30264
30278
30315
30317
30321
30322
30328
30329
30339
30340
30341
30342
30346
30352
30354
30355
30360
30363
30364
30365
30366
30367
30368
30372
30375
30380
30381
30387
30391
30396
30398
30409
30424
30425
30426
30427
30428
30429
30430
30433
30436
30437
30439
30442
30448
30454
30455
30456
30457
30459
30462
30464
30465
30469
30471
30472
30473
30475
30477
30478
30479
30480
30481
30485
30487
30488
30489
30490
30491
30493
30494
30512
30519
30522
30523
30527
30538
30588
30589
30590
30591
30592
30593
30594
30595
30596
30597
30598
30599
30600
30601
30602
30603
30604
30605
30606
30607
30608
30609
30610
30611
30612
30613
30614
30615
30616
30617
30618
30619
30620
30621
30622
30623
30624
30625
30626
30627
30628
30629
30630
30631
30632
30633
30634
30635
30636
30637
30638
30639
30640
30641
30642
30643
30644
30645
30646
30647
30648
30649
30650
30651
30652
30653
30654
30655
30656
30657
30658
30659
30660
30661
30662
30663
30664
30665
30666
30667
30668
30669
30670
30671
30672
30673
30674
30675
30676
30677
30678
30679
30680
30681
30682
30683
30684
30685
30686
30687
30688
30689
30690
30691
30692
30693
30694
30695
30696
30697
30698
30699
30700
30701
30702
30703
30704
30705
30706
30707
30708
30709
30710
30711
30712
30713
30714
30715
30716
30717
30718
30719
30720
30721
30722
30723
30724
30725
30726
30727
30728
30729
30730
30731
30732
30733
30734
30735
30736
30737
30738
30739
30740
30741
30742
30743
30744
30745
30746
30747
30748
30749
30750
30751
30752
30753
30754
30755
30756
30757
30758
30759
30760
30761
30762
30763
30764
30765
30766
30767
30768
30769
30770
30771
30772
30773
30774
30775
30776
30777
30778
30779
30780
30781
30782
30783
30784
30785
30786
30787
30788
30789
30790
30791
30792
30793
30794
30795
30796
30797
30798
30799
30800
30801
30802
30803
30804
30805
30806
30807
30808
30809
30810
30811
30812
30813
30814
30815
30816
30817
30818
30819
30820
30821
30822
30823
30824
30825
30826
30827
30828
30829
30830
30831
30832
30833
30834
30835
30836
30837
30838
30839
30840
30841
30842
30843
30844
30845
30846
30847
30848
30849
30850
30851
30852
30853
30854
30855
30856
30857
30858
30859
30860
30861
30862
30863
30864
30865
30866
30867
30868
30869
30870
30871
30872
30873
30874
30875
30876
30877
30878
30879
30880
30881
30882
30883
30884
30885
30886
30887
30888
30890
