0.0004203824999242938
0.0006009801269133999
0.0005358585955234302
0.0005511772409395641
0.0005549931556842906
0.0006231829835151513
0.000534443981140528
0.0005181248474875
0.0004900902789883626
0.0004424606258910175
0.0005176248472378158
0.0005564255571647714
0.0006261427732001766
0.0005333042142336734
0.0006344558317562891
0.0005137060809130656
0.0005097542926772833
0.0006352691416247626
0.0006399576376288589
0.00056423162378464
0.0005389351716335869
0.0006279014622336722
0.0003372195182086379
0.000513030030694451
0.0005997354069520769
0.00045653796290272
0.0005885388932641576
0.0004129694880657341
0.0006190024470304977
0.0006904289415274733
0.0006600863712764837
0.0004590841533791385
0.0006357018551684034
0.0005084560682009362
0.0005481007820110097
0.0005363647874523512
0.0004413804263689435
0.0004530177352047204
0.00041827039346526215
0.00044359456085958833
0.0006423131505463415
0.0004444731072178231
0.0005429178968529653
0.0006193844470280061
0.0003682625162948332
0.0006357144536332018
0.0005384407170380372
0.0006811384102132795
0.0004632642913767596
0.0006275593933991602
0.0006356097618316152
0.000635101444689105
0.000515409132145555
0.0006350848475599319
0.0003970984295542629
0.0005702886387431845
0.0005736762643560151
0.0006778293756329783
0.0004445398379374882
0.0005100469750832731
0.0007287569087106334
0.0005720210752333605
0.0005877140594408434
0.00041220692793482444
0.0007285432447319182
0.0005646684477822501
0.0006339340851286517
0.0003666061804661849
0.0006254746908509192
0.0004658871117785647
0.0003401961861633478
0.0005551991517829386
0.0005652621365937117
0.0003421135378519456
0.0005779823251663888
0.00044469273525084095
0.0006394426269781135
0.0006310018686782539
0.0006218801461116457
0.0006347964423801942
0.0006342167078211627
0.000451986192765709
0.0006250393771071776
0.0005343767891115457
0.0004300726349266214
0.0005467837536711948
0.0004723984268900666
0.00040333491536264157
0.000569239763317722
0.0005233286116283962
0.0005222040022145197
0.0005313764343727148
0.0006352691416247626
0.0003904509895542938
0.0005551192910478629
0.0005548757193903296
0.0006357144536332018
0.0005656258044962495
0.0006220874714515754
0.0006744680924156474
0.00034206299520625423
0.0006397407667633245
0.0006463311050449085
0.0007014171317312832
0.0006348425615003348
0.000515545378472778
0.0005651672638993413
0.000521718513509999
0.0006095979580246815
0.0005226287311238006
0.0005667585377706831
0.0006328802252506856
0.0006158447539140688
0.0005902461096376694
0.000521718513509999
0.0005182394803658876
0.0005941763501612555
0.0005508715372578466
0.0006826719190633213
0.000331093261530575
0.0006746997387443538
0.0005325860594096342
0.0006825147088183324
0.000521718513509999
0.0004846862474028299
0.0005547878378308504
0.0006291593539570627
0.0006025486365357773
0.0006135761812015243
0.0005595576312936979
0.0005431027235016131
0.000604317942476884
0.0006452290919625189
0.0005408237295784289
0.000521718513509999
0.000521718513509999
0.0006346109001503773
0.0005683852465179347
0.00033464470151612594
0.0006193916651751808
0.00036564431206367713
0.0005980332122711337
0.000561182107841948
0.0005721663228512577
0.0005748707340514473
0.000541414483901622
0.0006273734733394712
0.0004268144679157935
0.00038057035674782816
0.0005900094242771123
0.00033125682101856405
0.00040940396932483754
0.0006287868664772254
0.0006157190049722297
0.0005917531406163377
0.0005412263880870899
0.0006752338076222838
0.0004085947674648891
0.0005409709016299098
0.000521718513509999
0.00043468385135876864
0.0006324424742216508
0.0006341296326428756
0.0006192272247789542
0.0005697948406587145
0.000675192250363619
0.0006228015244277919
0.0005458775219862873
0.0006947416905396189
0.0003278996081671577
0.0004097844734184731
0.0005555918967644239
0.00039462419019646523
0.0005693900723358037
0.0003421773577612898
0.00048732458753439817
0.0005032259106739333
0.0005898846208103825
0.00048616075908198463
0.0007293574106062178
0.0005769604268836628
0.0005924261254412489
0.00033464470151612594
0.0005104856394280445
0.0005429950058829968
0.0006156361764592224
0.0005593472138947528
0.0005431027235016131
0.0004443081511898943
0.0003990281951595089
0.00046303936811307187
0.000621580373879481
0.0003945613826552934
0.0005731934101317223
0.000521718513509999
0.00040689465718182945
0.0004192416746135058
0.0004722667170496782
0.000685677688154999
0.0005756015356903734
0.0005985545194452151
0.0005869547353192958
0.0006344917695213563
0.000521718513509999
0.0005388348145008746
0.0005219083645323977
0.0006192743830299761
0.0006169637682960885
0.00039768768312863057
0.0006344778841999776
0.0005394577143933342
0.0005228311853885976
0.00035713439239482226
0.0003658583396163981
0.0005207862087969061
0.00043605064485787364
0.0004132869038198884
0.0006377051562730235
0.0005466134637795648
0.000678844921610282
0.000278222417976479
0.00030759991989521223
0.0006849175015457287
0.0006700525598016796
0.0006220001883288643
0.000521718513509999
0.0006356995219108203
0.0003948856656120044
0.0005645762684254016
0.0004833211498260138
0.00041833710703119
0.0005393757806894774
0.0005299431590336567
0.0006293045994072388
0.0006073062515196972
0.0005671115337176169
0.0006830136261451714
0.0005378908562704333
0.000605007499625458
0.000521718513509999
0.0003767161593781749
0.000444405576252838
0.00047888228694455116
0.000522548561532903
0.0002777240983484267
0.0005219083645323977
0.0006387366397496465
0.0006120917958739625
0.000539238011891473
0.0006361256029630805
0.0005244780211338956
0.0005788235228056682
0.000521718513509999
0.00044088087551962603
0.0004476323464579008
0.0005736624240730547
0.0005902063906623339
0.0005701318452326171
0.0005673681804400136
0.0005642875281874939
0.00044909836538345975
0.0006296419088383839
0.0005755604452970612
0.0006400074174308849
0.0003386881965525515
0.0006954773338248805
0.000434667486613082
0.0006443957132458296
0.0007433280150105232
0.0005393942029235895
0.0005657701063807359
0.0006349947267417015
0.000521718513509999
0.00047701102272217896
0.0004974247538603394
0.0006384878461813653
0.000516473584733239
0.0006224287659582293
0.0005850537560492051
0.0006292216003568058
0.0005717523705424658
0.0006954459444244298
0.0004519006735530736
0.0004337099768685784
0.0006491809811284471
0.0005128208102061699
0.0009681559599160918
0.00027781200882994264
0.0005187018082240415
0.00034023174926609185
0.0006192078787678458
0.00047842344258185616
0.00046707074997294425
0.00047901166390360836
0.0006397046532714694
0.0007290615483423368
0.00035117818792465013
0.0005780712103001705
0.0005186794287628441
0.0003682625162948333
0.000615580123375822
0.00039011447747405834
0.0005646188592203225
0.00032233043590422354
0.00043588051755868176
0.0005935246901010314
0.0005692507575822865
0.0002681597287068956
0.0004691315943277609
0.0005847472305391487
0.0006801082281728667
0.0007222793210914983
0.0005878384903860005
0.0004146640793805514
0.0003380733333380645
0.0005412795085196407
0.0006517211025223621
0.0005392744910531153
0.0005428577278617136
0.0006519681960266217
0.00039204303050856894
0.000462861777665858
0.00040333491536264195
0.0006221511537512331
0.0003307232741371957
0.00042117651470099785
0.0005330017612809226
0.0005927337745009886
0.0003848556847246166
0.000521718513509999
0.0006279683879854087
0.000384734382831429
0.0004598466471608139
0.0006223040790472327
0.00048567827999609973
0.000387948124876661
0.0004723334327062958
0.0005649453624140341
0.0003801784957980787
0.0006800555353664451
0.00040781548191059336
0.0006945258574475497
0.000625741487314787
0.00038691501849552064
0.0006325767066832036
0.000575719804169282
0.0003784974472614804
0.0005243158995294408
0.0005096337204391236
0.0003650668872038891
0.000521718513509999
0.0006783993754499272
0.0005572503799732067
0.0005828031694833948
0.0004785091049437021
0.0005711296929303257
0.0007780861352500457
0.0005979688124582531
0.0005654263416511602
0.0005508509960892369
0.0006166668793596823
0.00038782286372877434
0.0006014532123676168
0.0003350215559040666
0.0004276609979523221
0.00045404834427245215
0.0006289873792341819
0.0009684368812206016
0.0009584854626074784
0.0005505864698332292
0.00051281803379827
0.0006168315280180222
0.0004677752051319699
0.00044233284408043465
0.0005632637785392187
0.0006405824491820104
0.0006514533223106686
0.0006224303361704696
0.00043297452833879614
0.0003935038580388481
0.0005665562381241948
0.0008073327027692884
0.0004281927162914107
0.0006331871667878467
0.0005399682146693302
0.0006855981186479323
0.0006798456367698267
0.0004482929047091498
0.000521718513509999
0.0004151900910787266
0.0005773780963194315
0.0003403394548647484
0.0006345715936613451
0.0006401939690473388
0.0005551296719291582
0.0006213611243425939
0.0006373358789817509
0.0004349885323850342
0.00042715311336523896
0.0006531082275500439
0.00034492819010222854
0.0006637778403029858
0.0006901467665011594
0.00042501990852492446
0.0004696170771432451
0.0005389971618900735
0.00047842344258185616
0.000521718513509999
0.0003849522797958505
0.0006618087533116117
0.0004658661641003785
0.00048485070871727177
0.00040751321011578087
0.0005199427753513384
0.0005917531406163377
0.0006037666258919596
0.0003636850307020276
0.0005692501479262383
0.0005519795768450179
0.0006210486786691868
0.00045253557328748357
0.0006358939874177859
0.0005725014236462077
0.0006802266826331401
0.0005130217884433001
0.0006435928819551063
0.0006387485159383057
0.0004753220355763965
0.0005485515349698305
0.00040726052148684443
0.0005348996254486603
0.0006279696692877563
0.00044840710062740415
0.0006902583830193163
0.0005392307329837573
0.0006785912079932594
0.0003406664430503455
0.0006793685958469371
0.0005233215206357321
0.0006751382770174146
0.00047029624803415245
0.0003260051015050444
0.0005083977331972889
0.000610150296555695
0.000553221836179048
0.0005347438959771599
0.0003845522090319209
0.00040253874168886237
0.0006899766976677838
0.0006406739381045445
0.000625475533812388
0.000521718513509999
0.0006816521039550107
0.00030647954486184137
0.00042017603526344654
0.00040273883595592935
0.0003938965159872652
0.000635153506063031
0.0005184230561442379
0.0004489472408280048
0.0006406781086461962
0.0006123186032932321
0.0003594913520692329
0.0005900836493519092
0.0006395869749519331
0.0004234730480872755
0.0006899766976677838
0.0005097707507524515
0.0005395800989397055
0.0004236977434339136
0.0006345716466701521
0.0004137566976259633
0.0005516582027242106
0.0006904165006635835
0.000521718513509999
0.0006250393771071776
0.0006398155506165235
0.0004342921653381758
0.000462978006463445
0.0006345952406036886
0.0007310639909578831
0.00033792329877404805
0.0006396888436937528
0.0006520179778936677
0.0005551991517829386
0.0003995694374940837
0.0004392152733497031
0.0006400806004790351
0.0006152314925582106
0.0004213527837584949
0.0003386881965525515
0.0006363068924565352
0.0006364954535627129
0.0005459741322111359
0.0004660998267716155
0.0006146555524762171
0.00047868424114700514
0.00033670117906457986
0.0006218253181759457
0.0006245828941999843
0.000615234726036748
0.0005103045368890296
0.0005395278122891109
0.0005693151510736054
0.0005753586154594415
0.0005150647706158082
0.0005714921605413758
0.0006349943827734878
0.0006398757194658599
0.0004178976966163281
0.0005297818329893906
0.0005412888273039036
0.0006236894204595076
0.0006406113796573868
0.0008072401379953303
0.0004618670201847861
0.0004634330520799258
0.0004428540002809863
0.0006349039703749424
0.0006807544330250198
0.0005428577278617135
0.0006107601369367889
0.0004597896102610426
0.0006383490222272364
0.000521718513509999
0.0005394060814071232
0.00041833710703119
0.0005143180678101936
0.0005117556272823322
0.0003349422656781907
0.00046319533750469727
0.0005399972779280292
0.0005354724903610091
0.0006396885427917273
0.000521718513509999
0.0004672708748260127
0.0005929166813636103
0.0005390284306386578
0.0005322068246693964
0.000524909296472613
0.0005749861795177164
0.0006005929704973533
0.0006506761686515927
0.0006400806004790351
0.000521718513509999
0.0006859396428702504
0.000521718513509999
0.0006510660630638769
0.0005715798783909611
0.0005951208510349027
0.0006348722278686764
0.0005554471149436562
0.00067697066626312
0.000400183218978223
0.0005609034079784635
0.0004560276755697274
0.0005363004200216155
0.0003989918032261524
0.0003661603749790698
0.0005528269663802695
0.0006825312315075745
0.0006231522987856054
0.0006251194843970451
0.0004626483987963345
0.0005669877776820003
0.0003452669474509618
0.000678768601546789
0.00041816252858701105
0.0004462303220882481
0.0006220736258528979
0.0006790853323857265
0.0006957887717807844
0.00037283314052017274
0.0006219791345820346
0.0005900731886475469
0.0006952136754007902
0.0006116153981501339
0.0004294768306434659
0.000610014475518648
0.0006317086806681069
0.0003906904962251995
0.0005408634371868535
0.00045022696569366877
0.0006352532786021105
0.0006292490740728138
0.0009684215311041126
0.00043613230513786077
0.00046447451998976656
0.0004138919669622626
0.0006334057099234529
0.0006126265060766735
0.000625027174111601
0.000521718513509999
0.0006519981395557705
0.0006520619872782958
0.0005363221855032404
0.0005701386274157994
0.0006407933123261068
0.0006215015633644767
0.000521718513509999
0.0006286863211149859
0.0006746252403290379
0.0005392433807081062
0.0006275377072658388
0.0005693043267865149
0.0003603533971744081
0.0006121358808940409
0.0004673179568950537
0.00039025960371403585
0.0007292975027102098
0.0006128370840500453
0.00045188204547772567
0.0005396455398350759
0.000515872561739999
0.0006919319170883214
0.0006354118926586083
0.0005410726459396538
0.0003408839005424492
0.0006234508872906113
0.0005313669287115953
0.0005668295530487218
0.00047011211112150947
0.0005654014212727376
0.0004966386783445087
0.0006001246071945779
0.0005201938095514925
0.00038895413255601847
0.0005372019119049728
0.000521718513509999
0.0006458165082754784
0.0006954678618250389
0.00033117764047675414
0.0005814094739539007
0.0005109873369416605
0.00037283314052017274
0.0006839857622977976
0.0005173790644333478
0.0004437278606044327
0.0006899748666348294
0.0006453413733434607
0.0006410226930541681
0.0006149148311858429
0.0007213392769100092
0.000637176437602833
0.0005193956821302162
0.0006792964174255368
0.000517705425663879
0.0005757209296283989
0.0008082326593883156
0.00035714663955012084
0.0006688065480415164
0.000521718513509999
0.0008085157182631072
0.0005394480361733019
0.0005389361702229969
0.0005842496297078272
0.0006147348019158584
0.0005399895482013634
0.0004337662604380343
0.00036695576228415027
0.0006366649393265373
0.0004576993749355093
0.0006380301893592304
0.0006065671450729678
0.0007266134559001144
0.0005657680608313483
0.0004622765762722575
0.0004057749068904746
0.0004478182082571744
0.0004627677508261396
0.0005171637134043026
0.0006783080820340094
0.00044471366664409486
0.0006093906601611187
0.0005505663767223463
0.0004313943599481517
0.0005231773878017946
0.00037341664612016855
0.0005571060388199567
0.00045142561345585424
0.0006328702590520023
0.00041392939941539805
0.000521718513509999
0.0006147348019158584
0.0006775725725137193
0.0005546098813299111
0.0006943541775502392
0.0005388892986621994
0.0006156333062483715
0.000690230597300686
0.0005148711484249012
0.0005500097111660468
0.0005479686106495513
0.00041864066916649925
0.000575620102306675
0.0006107533656515538
0.0006785912079932594
0.00042686809922619834
0.0006386423766478242
0.0005826450755510464
0.0006218062890787911
0.0006630127775899693
0.0006018608882818195
0.0006229163882804846
0.0005936655410390209
0.0006251794590643874
0.0005392925464857632
0.0006231256057081622
0.00045078202786410647
0.0004203824999242938
0.0005422243215703208
0.0005410023727017694
0.0005937072774908757
0.0006304699868204727
0.0006121532223145285
0.0004537342177966899
0.0005392263576027381
0.0004392950837250982
0.0005533109779548422
0.0006127404548231111
0.0003005875952924588
0.0006110183997955884
0.0004850149288782323
0.0005841791791910799
0.0005766920708361369
0.00046795167938185186
0.0006238629271663798
0.0005201167273541749
0.0006506761686515927
0.00033868819655255165
0.00047774564609947277
0.00040308417866279295
0.0005400617141850982
0.0006429288292937045
0.0004931190879789554
0.0008075110003738237
0.0005567424040819283
0.0005387866258896129
0.0006388393181928378
0.000637401414306261
0.0006516928769884456
0.000683373294548964
0.0006374719705491931
0.000521718513509999
0.000521718513509999
0.0004216269606983529
0.0006273611257526433
0.0005356373167464125
0.0006725076308852669
0.0005975503915067231
0.000643563757164002
0.0006524775212141037
0.0006547107639902305
0.0006515796930763549
0.00037304019597586406
0.00038715659741961523
0.000508599540084688
0.0005818826466176182
0.0006026328467428334
0.0006103511866701099
0.0006826195433343623
0.0004184595594234144
0.0005652683663970398
0.0005669177849589836
0.0005105999950735101
0.0005918991646396591
0.0005662684878357154
0.0006899522869811392
0.0005712688829122264
0.0006926018859046379
0.0005541124075465931
0.0006357109579685843
0.0005666659032165411
0.000521718513509999
0.0008078290885902579
0.0004636162906853114
0.0006113524900306916
0.0006959712042019087
0.0005766900262727438
0.0004963576463156836
0.0006335154395041545
0.0004530882470098346
0.000615516782103757
0.0003287680857694086
0.0005757464125647548
0.0006210486786691868
0.0005169798720836599
0.00044870947559031045
0.0005163798188233424
0.00033059832968332294
0.0006897922653719876
0.0005732446923920732
0.00039299717735074983
0.0007220953482718755
0.0003995694374940837
0.0006446815956087165
0.0006781772694099484
0.0005847905783169794
0.0005983461028094056
0.0005567677844764353
0.0006793548799130949
0.00036528674438797155
0.0007003066724638508
0.00038715659741961523
0.0004616766175015373
0.0005196027706247155
0.00040080275375685025
0.0003386881965525516
0.0004763936705867633
0.0004318567172578458
0.000521718513509999
0.0004070742665761236
0.0005311203543716925
0.000521718513509999
0.0003769487665962764
0.0006406242376939008
0.0004718680923754388
0.0003962054304944284
0.000591804123214846
0.00048634011456666007
0.0005520025858269898
0.0006346007918307957
0.0005243573504350369
0.0006522925906360125
0.0004585158289752035
0.0003809536894029988
0.0006012776894320723
0.00033598858859418745
0.00038016021212309165
0.0006326571852069406
0.000638246740103794
0.000609310389784428
0.0006398966551111708
0.0004639391240800777
0.0006442175968409767
0.0006761716985240614
0.00039800870165630927
0.0003270021645450056
0.0005654015497258742
0.0006177844971339035
0.00045142561345585424
0.0005453954002258268
0.0005389644077378157
0.0006208561489261318
0.00041086446772097386
0.00042656626829804526
0.000653298964494501
0.0005258546139946833
0.0005207247324968076
0.000465535316027856
0.00038244117840597594
0.0005511332822972229
0.0005727323599705625
0.0003977170702503621
0.0005882461579354956
0.0005398591986948696
0.000395764580342261
0.0006558361962895155
0.0005394060814071232
0.0004541481306565838
0.0005136281937042517
0.0005513094879503855
0.0006824362672094298
0.0005392443686859816
0.0005635330344791596
0.0005513102326507265
0.0005555384390500453
0.0004350583541426788
0.0005834955707764993
0.0006704747660705722
0.00046447451998976656
0.0006424966115817552
0.0004992075878724715
0.0004522634537592798
0.0006026328467428334
0.000521718513509999
0.0004741143968094279
0.0005169038148006665
0.0003925339930766985
0.0006545271429148406
0.000373189740730935
0.0006100411155802913
0.0006982456142117124
0.000647871583456397
0.0005407179104937279
0.0004141879092311815
0.000618576445954434
0.000521718513509999
0.0005356003486703256
0.00040398533601550924
0.0004622940201210627
0.0005844474159192158
0.0004180345647336472
0.0006668767507533803
0.0006406834234497858
0.0006405384984233875
0.0006779738401765906
0.0004072615071893043
0.0005620499002088509
0.0005312952170705271
0.0005882461579354956
0.00045253639583919423
0.0005516605733704512
0.0006515338068674005
0.000521718513509999
0.00040925679402317494
0.0006758782235400697
0.0006626988618392957
0.0006547556825292386
0.0004666922715039916
0.0005944062004041371
0.0006160979612323028
0.00039768768312863057
0.0004484160228449539
0.0004598466471608138
0.0006896375499497417
0.0004512894912327967
0.0005553753324155395
0.0005655253998918167
0.00032728093871768317
0.0005640824427295936
0.0004439447571245992
0.0006270156169705463
0.0003240494434784757
0.0006901562098019537
0.0006220135834826795
0.00047661431562621943
0.0003651464811384644
0.0006281836556273188
0.0005494942119644755
0.00045180685115881624
0.0004301750939768526
0.0005660250682201074
0.0005358792614981505
0.0006339925207768385
0.0006537702873832145
0.000521718513509999
0.000555366512932924
0.0004664510847919474
0.0007284267076096077
0.0004447447545976419
0.0004514050863925677
0.000521718513509999
0.0006637577776356443
0.0005222040022145197
0.000506894453590632
0.0006944581490933524
0.0005654590049324311
0.0003969152731238445
0.0002743107392683202
0.0006162722390678024
0.0006755935656861226
0.000555019405869125
0.00053502106246846
0.0006281333344768322
0.0006869555360686162
0.0006519808009067373
0.0006860892429551451
0.0007783543381738289
0.0006654476278908439
0.0002778594536054897
0.0006384793698448386
0.0003148366303363926
0.0005020121182399824
0.0006450592615297639
0.0006105770948339322
0.0005388485526576274
0.0003941563060334773
0.0006778477194317623
0.0003596526530541192
0.0005392864111703086
0.0006295444917574421
0.0006229137834487009
0.000513185377170264
0.00039447157643290713
0.0005361912352546747
0.0006517438258666057
0.00044905721633607714
0.00046942599642508604
0.0003382198161733329
0.000578195400260605
0.0004206535185198884
0.0003435191676163409
0.0006560815848323289
0.00042815900050358817
0.0005115432097025764
0.000541440962353294
0.0006436271723655399
0.0004419252234496001
0.0005700578675344624
0.0004300274567183107
0.0005752575642081621
0.00041414902023664574
0.0005929024190221205
0.0005232567749229504
0.0005638829929315848
0.0006806516749643532
0.0006410303941120297
0.00041494373709037314
0.0005901633385036386
