0.002045126511137056
0.0008762565585681359
0.002442311882218774
0.0011457761753617826
0.0011457761753617826
0.0013431339460867984
0.0016982411273506082
0.0009969959120364755
0.002369487429370763
0.003542765074995903
0.0029450720834650695
0.0012771197445107434
0.0011457761753617826
0.0033334146668437606
0.003527707206620661
0.0011457761753617826
0.0032506609486742124
0.003915455253163941
0.0006069777884470197
0.0013193770183125516
0.002420418113569891
0.0019463218551955394
0.002077543755985912
0.007705550726843988
0.00214476535293043
0.004248359916203779
0.0023210418960656403
0.00168954356809846
0.001942296178937767
0.0017520643362578046
0.003136065303957382
0.0021411830223282604
0.001935892790082054
0.003853102435059468
0.000977755438198404
0.0011457761753617826
0.0036561905774797916
0.0012417271779815882
0.0019436733264718749
0.001258655087972756
0.005353615611710778
0.001457225391424937
0.0012154075519217164
0.0011457761753617826
0.0018526672999723778
0.001300996034729938
0.0020719515268208004
0.002157099971142487
0.004045309030398762
0.0016517320781865542
0.0013215915563209966
0.0007936182124173547
0.002106899559462693
0.0017044310264656528
0.0007179851994161933
0.002931471114755106
0.003954126552094054
0.002807801295444766
0.0011457761753617826
0.0011457761753617826
0.0014218808612034698
0.0027258982033106184
0.0033479422642393344
0.0013946081740068795
0.003717852150093369
0.0021096675643402047
0.0018091186617592233
0.0024572613116227286
0.0011457761753617826
0.003649457443167544
0.001582764924900161
0.0006754519713198045
0.00391004491193062
0.0023866342716791084
0.001281424027310944
0.0022703555797452864
0.002368511172654305
0.0010887687327569805
0.0018051392796992192
0.0017328232552888414
0.0013872434811653088
0.002456305671270779
0.0015501624382071525
0.002261354475168014
0.0017123754128773841
0.0029821867535417042
0.0024011617598302436
0.0014912261603509266
0.0014261003604848965
0.0016143170039267637
0.0013509335351267013
0.0021732351558535075
0.004513627781882697
0.0014743793157004318
0.0011457761753617826
0.0009021968957808476
0.0011457761753617826
0.0029215285857006525
0.0017189158855479584
0.0035303467956092254
0.0009864901102075905
0.004048107375865916
0.0021181135368613354
0.0018098329265483907
0.003236800317359749
0.001520868024014021
0.0010328540287914037
0.0035215027302114943
0.003481387731597453
0.0011457761753617826
0.0015159148826210857
0.0011457761753617826
0.0017657067512242219
0.0009319204354700994
0.0016805315654905772
0.0011325194766042762
0.001505525504378836
0.003210338044811421
0.0017995295111838674
0.0023745697845458124
0.0020759221984948326
0.0011457761753617826
0.0021628917620158446
0.003123043636427138
0.002158735190204487
0.003952169675956211
0.002948449481733214
0.0020852192958141003
0.0018189326812274478
0.001301298372425103
0.002409910431607957
0.0011457761753617826
0.0011457761753617826
0.001708982552127476
0.00317999989664044
0.0006371383478917051
0.001703107057138454
0.0021460176547672917
0.0030962720183829043
0.0009228011135269578
0.0013236629327779957
0.0011570131939217375
0.0016330885025907852
0.001992534972318388
0.0020961701272527466
0.0023203469456811554
0.0016709170417754052
0.001408494206267089
0.002090917201744189
0.0019528220247988818
0.00047658747940278315
0.0011457761753617826
0.0018933571931965282
0.0023455380522287824
0.00424278163447803
0.00133493502595461
0.0011457761753617826
0.0031166457750848825
0.003212806632762242
0.001533140299479091
0.003523981379355083
0.002105815134506363
0.0017104166652856525
0.0007299342565706508
0.0017101706470076423
0.003112459522340307
0.0005133724204520275
0.002367153851074714
0.0015160807281081774
0.0013346635295933957
0.0007163667640634643
0.0024011617598302436
0.0011457761753617826
0.003020523085721704
0.001729346970671843
0.00046715009866781686
0.0027050158276264173
0.002951605731871481
0.0022656169731797723
0.0015079025526372471
0.0011457761753617826
0.0011457761753617826
0.0011457761753617826
0.002323602430936035
0.0025090618627568173
0.0011457761753617826
0.0013911560199715005
0.0016663285334511653
0.0013095183103528697
0.0011431146699773225
0.0035178203854226917
0.001252844215700786
0.002070765952079488
0.0011457761753617826
0.0013441102353657392
0.0009237790692489522
0.002742351166624524
0.00320292203331279
0.0011457761753617826
0.0030117731428626238
0.001321446088170707
0.0019366508232884318
0.003215671574002943
0.003911424902666767
0.003093282858026763
0.0023719633421760197
0.0007475522495418589
0.0015155057170694994
0.0013155939736738953
0.00103580065813937
0.0007279563523837387
0.0020898727612744224
0.0013021547104312733
0.0015188643535240104
0.0007726497032891
0.004563668080901292
0.0030167686579033372
0.00046815390763341934
0.0005061368376007229
0.0020822902671937056
0.0038536523277647172
0.0029306670459415657
0.0012952320678083122
0.001023992210102931
0.0008155813637003201
0.002086813522608943
0.001986530235201997
0.00761017866485892
0.0017297050428043196
0.0011457761753617826
0.002029512966532713
0.0017142729152794772
0.002417694380867324
0.0009979341582437475
0.0013180319336301039
0.0013782754502187447
0.0012503461227551032
0.0029306454252500816
0.0006021150767269052
0.0017149744550675964
0.002143393782550262
0.0012373860800821933
0.001559415729914475
0.0014112516737395913
0.0030185280652972536
0.0009856441618451778
0.0016702507542663868
0.0011457761753617826
0.000667532229944473
0.002192979725329738
0.002076045650388638
0.0022902872960397086
0.0020869103968984156
0.0017054418844112626
0.0021165465863633476
0.0007104053105509373
0.0006970365644069925
0.0013398240805949338
0.0009775937183346094
0.0016572598472043621
0.0024057913217843236
0.001677207113872528
0.002671362614992286
0.0013953426339479874
0.004453371007030629
0.0023680777572750162
0.002322877115765263
0.0011457761753617826
0.002093798534430256
0.0023696484321293863
0.0006689096779392297
0.0039042122880880922
0.0013175898927667421
0.0020951808898410926
0.000754518599731698
0.0013361201968249631
0.0008904163617688891
0.0007325024459077054
0.0011457761753617826
0.002261807326082934
0.002602154111838786
0.0013950321309854356
0.003523062770041966
0.0011216984655060768
0.0010701617443015967
0.001756826802590377
0.001954782403224396
0.0014472803174295098
0.003527983665194116
0.0021242661831548924
0.002981817894410022
0.003535577171641782
0.0012564469022901005
0.001726935734871452
0.0012952320678083122
0.0013135964944296042
0.004051015308259482
0.0020616104502421896
0.0014117250956137228
0.00150736277105097
0.0023255135488382504
0.0010270487687240168
0.0029012114160313837
0.003095272177788634
0.0010744120746726885
0.001822298770488067
0.0013497365331144068
0.0017115600778521752
0.001602917205039612
0.00226774942397134
0.0007763798194826545
0.001935459801911817
0.0013995533082402842
0.0006992287808172404
0.0015991333816648989
0.002625537789224124
0.0012861037123508493
0.00146393322372477
0.0013497365331144068
0.0013915966471615344
0.0014709984610485373
0.0015572957495396816
0.0020702427354983444
0.0020242978885053266
0.0018072690587709645
0.0035210768744290666
0.0017688317304608298
0.0029119281806970175
0.0011457761753617826
0.0022696727298410872
0.0019500859479907801
0.0006397742578915168
0.0023218637727640194
0.0029482536770679725
0.0017140706129232127
0.0018034361739094873
0.0014336314308669258
0.0007702619482871281
0.0034709739138023767
0.0014058464963222638
0.0010304745175006757
0.001970590221901958
0.0010701617443015967
0.0032204882477785434
0.001952145772699218
0.0011457761753617826
0.0036484177862387696
0.002372795906518162
0.0011457761753617826
0.0013141500071637208
0.0028750660328516974
0.004049694806599327
0.002264250384872402
0.0030924219940871413
0.002929225417444612
0.0013837017423814232
0.0011457761753617826
0.001307631769372045
0.0024513640087366717
0.0007199209003948756
0.0023720412080817576
0.003854396601236258
0.0022269874820007303
0.0011457761753617826
0.0020299239285115843
0.001001117415684718
0.0033308413261817714
0.0031683427784519086
0.0039021561066054115
0.0017960001402692284
0.0026441496047345694
0.0011457761753617826
0.0017385975137222736
0.0017151417869413895
0.0018088337411619716
0.002294211037289683
0.0005240961609784862
0.0011457761753617826
0.0026896813769768666
0.002186014973756352
0.0009874220205960418
0.0009800285789972978
0.0021103864709230884
0.003474345354405315
0.0033400003259357845
0.0015498055571590197
0.0011732272033252076
0.0010723850421667565
0.0011457761753617826
0.0007882010194585132
0.002147894199702236
0.0007266041906612337
0.0011243370630878494
0.003122563385114202
0.0006459942133371153
0.0017998459718958097
0.0010209550913835863
0.0012533456869063672
0.0017976159217734573
0.001126130112998745
0.002369435965611115
0.00366340357106469
0.0013869861560563104
0.002649207894563597
0.002258717314267074
0.0010046549048545262
0.0019670006754413092
0.002006208380837232
0.0007310527432548431
0.0015300465006524335
0.0012184537522157597
0.0015321267236047425
0.00211456972943772
0.0014683791487703755
0.001711321207821519
0.0011540597911247805
0.0019993135636717915
0.0011457761753617826
0.001719806716584166
0.0015758178805713758
0.0011457761753617826
0.001582210882631471
0.0008396301439868219
0.00293184236798939
0.0029369835742075233
0.0018027128014339857
0.002403583464600666
0.0017152049284791895
0.0013874345150518635
0.0031298922029211053
0.001269862897254752
0.0028356510745106817
0.0019985853980446213
0.0008440452570985729
0.002676923846143602
0.001297405041111456
0.002263288381544221
0.0012839170053863507
0.0014745573076096492
0.0010974151198559423
0.0014568388376587262
0.00208327122978255
0.004585103956839508
0.001808435896085544
0.002931105939531791
0.0019964658789738887
0.0019540485868068053
0.0019503351986497367
0.0053531356859749775
0.0014526262921418444
0.0031251790694477866
0.0023720412080817576
0.003525730654065245
0.001637053591371755
0.003497986794814894
0.0011618410769501724
0.0021144204736181353
0.0013252050475947676
0.0009418734938109647
0.001544189166653365
0.001440523033954019
0.002073754513247789
0.0011839628513884623
0.0011457761753617826
0.0006787061325161502
0.0020282766223526675
0.0013366212456814783
0.00045818568720962954
0.0013029621360218888
0.0017035344867957088
0.002018913810782909
0.0006826292080540997
0.0016494896302738048
0.0026844139354064017
0.004247101867123644
0.0024330939622999436
0.00151711064557224
0.0013018797192799394
0.0016831949959490126
0.001088535630718495
0.0007789996307511799
0.0011457761753617826
0.0014232774057552704
0.0038259977791259584
0.0006309712137485845
0.0012107388828007848
0.0018652569688171606
0.002262412855183908
0.0009897193929484021
0.0007322876122412714
0.0019485649648776256
0.0036903632559257262
0.0021165074219070138
0.0010230642891672595
0.0013923261942219458
0.0011457761753617826
0.002097028301725519
0.0037042864825918994
0.0021046985210842126
0.0018162103246311845
0.0011457761753617826
0.0016702507542663868
0.0011457761753617826
0.0019568642946118206
0.0011457761753617826
0.003104220828818373
0.0016808315231689006
0.001393537819039556
0.0037339899947709085
0.004244716517130098
0.0017550730364622373
0.0018215833940646105
0.0007090710278732423
0.001068066565096236
0.003333362673839396
0.001301059598807313
0.0011457761753617826
0.0020973944928444482
0.003930380876052572
0.00046938181203908875
0.0013864318308596075
0.003864369266709648
0.000968118455213383
0.0024185037078820696
0.0007807768590747459
0.0012501484384954936
0.0028005956047435013
0.0006046680249711263
0.0013449613489076827
0.0019571355731252
0.0014435113882659994
0.0011457761753617826
0.0019513340053743586
0.0013592254845449273
0.0023714378100664953
0.0005117114523384181
0.002659893609122908
0.0012195529446464453
0.0035257715367327746
0.0028964031070628357
0.001768583278290265
0.002261807326082934
0.0024757579494647697
0.0009741310848690927
0.0011457761753617826
0.0019419468629955706
0.0023713401053809674
0.0017618871292684087
0.002338802618003361
0.0015611414360644663
0.001701267799405203
0.0028016298468933136
0.001309096185580571
0.004350875600065685
0.0007559793590468512
0.001485294272560129
0.0014702784654834534
0.0014243125933107378
0.003213707783737383
0.002077374618181552
0.0029470980032901134
0.0034636960556294694
0.0023684989874903657
0.001024848212466353
0.0013870537096971663
0.0036576213286368224
0.0015124084329755547
0.0026828896825651914
0.0014299604105583621
0.003094420661393639
0.0023060868900658055
0.0030913788961723578
0.003091021584636675
0.002006977040332334
0.0009734926499267034
0.0035219658421250088
0.0016576301690206371
0.0011457761753617826
0.003093053484247945
0.0026183850506362365
0.0017054491860365084
0.0029318519469520845
0.0011457761753617826
0.0011457761753617826
0.0011457761753617826
0.0011457761753617826
0.0019766188506536585
0.0020852191544536414
0.002931105939531791
0.0031922692884554316
0.001984283102914927
0.001664048852742376
0.0011457761753617826
0.0011457761753617826
0.000671295812661191
0.0013343385449800897
0.0044651801163733225
0.0011457761753617826
0.001407772919232375
0.0007397477016994792
0.0013086795779547913
0.0016142118079426745
0.0009808005911260671
0.003648631498653052
0.0009201025435535048
0.001716165038562835
0.001306796007035577
0.007707995854833571
0.0011457761753617826
0.0019872081168534114
0.00202673851279787
0.002177851536029821
0.003527362435901324
0.0035302547342551363
0.0023271022421344203
0.0010006872800268096
0.0011457761753617826
0.001161192043174314
0.001695403592846158
0.0016742688199393658
0.0015006463874806249
0.0014450071083284175
0.002073894982336932
0.001706061763352659
0.0010111464664759302
0.001386948534885105
0.0011457761753617826
0.001230752960047144
0.0033305340608921438
0.00243487896914462
0.002653968427556042
0.003223654230451153
0.002089395349727415
0.0017098938063039918
0.0020335792028496127
0.003240087028656067
0.0007733944523430817
0.00138441254360179
0.0038646231088920566
0.0008535565708413849
0.000992032807373004
0.001030911033079918
0.0016395309904338403
0.002725609457954078
0.0017969278262133903
0.0011457761753617826
0.0016768516640454224
0.0011457761753617826
0.0007796868844377654
0.0011457761753617826
0.0014390844804825487
0.0009633816674600417
0.003095570918432881
0.0009334105275150578
0.0020516590281775206
0.0023232556733757395
0.0019665187391446526
0.001949643619623718
0.003907908231492862
0.0007276533263357723
0.0013918223592022775
0.0013261801656056435
0.0035291660020417798
0.0011243370630878494
0.002149032006663547
0.0014214520322475062
0.0021180453004492595
0.0017366537826766185
0.0006913931930867487
0.004464802486085617
0.001338728357564342
0.0007840017398152959
0.003037439758881817
0.002873036239996193
0.0009777329164674833
0.0015197865923799632
0.0016928671678812957
0.002417836519538385
0.0017274812235636853
0.0007909039659345957
0.0022666929740821104
0.0018525394094669823
0.0021175252206023275
0.00104980485516226
0.003337421566746827
0.0029448995059696476
0.002178423586119727
0.002019672212065398
0.001088535630718495
0.001339276694090639
0.002065456950261924
0.0016724571322658116
0.0038510889455049967
0.0016928671678812957
0.0021160409107555717
0.0029804005840578618
0.001313541103811711
0.0009736392233090553
0.002417796834978084
0.0009511694583419823
0.002885552994836588
0.0013833349188878197
0.003092000246777934
0.0010557408753095116
0.0013341870186532876
0.003705162970645849
0.001812324798507962
0.001396148619601887
0.000994404816433205
0.001346969406134204
0.0013374678318088349
0.0011457761753617826
0.0009853523198338225
0.002099161074255398
0.0009865451300933407
0.0006627151287046045
0.002653968427556042
0.001708115158330648
0.002648255916311142
0.0008312747661747037
0.0028275676869274876
0.0011457761753617826
0.0028263701094220126
0.0006901047152801539
0.0031040566426781572
0.0038540690924151063
0.0024032623682494186
0.002580899799554496
0.002172821791751095
0.0011457761753617826
0.0035222748257601644
0.002977292955883705
0.0013790434089503353
0.0015574522298434546
0.0010663957241781978
0.003648883410007688
0.001312238625662878
0.0020327201080288545
0.0024216625784310095
0.0011457761753617826
0.0027288652223873286
0.0014084344930728908
0.0020859400243085375
0.0013328303086526875
0.0023694195058568397
0.0013331544151499908
0.002209860852383822
0.0009830898864990666
0.0015559065080213662
0.0018076401986682582
0.003522278375451702
0.001361912941845564
0.0020706409742372303
0.0023915567304344494
0.003501798778976757
0.002419081351814117
0.0017637916483030243
0.001028366258522507
0.0007875482692382963
0.0009272289163066714
0.0011457761753617826
0.0011457761753617826
0.001800201450439549
0.0014950044884773483
0.0023192570490263853
0.0011457761753617826
0.0021925204348875044
0.0011457761753617826
0.0021172326711036264
0.002706694125784283
0.0011457761753617826
0.00106153388448439
0.0009550600718615411
0.0012487383717960114
0.0010755855209109398
0.001951533735799038
0.002945654475197122
0.0013096956813527787
0.0011457761753617826
0.0011457761753617826
0.0015002091024542616
0.0009569327894997484
0.0013865020219391707
0.0015571242478534958
0.0010873539297722064
0.0030475344129786974
0.0016653705157939822
0.0009745915291204844
0.002031968642526411
0.0007838428510737951
0.00046299050078925055
0.0021733191366341493
0.0006215863846340697
0.0029491475025738008
0.0033328516462782
0.001859599707758457
0.0018491572009388952
0.0011457761753617826
0.0007945735556012398
0.0011457761753617826
0.0015095890524288618
0.0029094490068977117
0.002996203038788782
0.002175878166281739
0.0011457761753617826
0.002033163699472713
0.002622053216744549
0.0018162103246311845
0.0014306638786579819
0.0006360782224367125
0.003828876035505509
0.0012779711887005902
0.0017231195969499519
0.0009357740411333413
0.0035276953810034766
0.0033314146254886517
0.0016722519068317885
0.0012396773831779835
0.003683213172564121
0.0030920873934739282
0.002869505783776561
0.00144780671840263
0.003653612492287967
0.002018481729640779
0.0015703510048554663
0.0025829687938695466
0.0021536983941674755
0.0011457761753617826
0.003122624793083436
0.002175766294320966
0.0017480827381912934
0.002431792712946316
0.0013699367657025335
0.001953687937182521
0.0053508871120146176
0.000983251828958935
0.0009428222481636655
0.002240070338384391
0.001320397992761703
0.001258231699464839
0.0020357268880106722
0.0020475854592276674
0.0015802630212924363
0.0011457761753617826
0.002329654765300318
0.001243104637693335
0.0011457761753617826
0.0014916878806587911
0.0027464173302407598
0.00202316481076357
0.0031872286242709234
0.0036484177862387696
0.0009724229356996767
0.002948008351261153
0.0019355586608845992
0.0007295260890351357
0.0014464818617841947
0.001577831604518685
0.001424696396238671
0.0016175333332838415
0.0011457761753617826
0.0039050112124615318
0.0023219283993020636
0.0016762755756853508
0.0018353266627989507
0.002285658599841349
0.0011457761753617826
0.004608910350016799
0.0011457761753617826
0.002080572482098894
0.0018034178702492779
0.0025807014626771482
0.002542390092698678
0.002405442711829577
0.0040464065671744435
0.0009812099173761198
0.0020118283824666493
0.004253050545071054
0.0015932842222771536
0.0011457761753617826
0.0022631577012685923
0.003687287416552561
0.004457615259567265
0.0021459046957497045
0.0015274184659413426
0.0021434428908552595
0.0012681271975889855
0.002028089106452791
0.003555493869541808
0.0036817707020906526
0.0020860830013027464
0.003848770634998694
0.0020816174125019436
0.0014112299724126805
0.0019235071084578628
0.0028454121397852193
0.0027255864173792287
0.0011457761753617826
0.0009765018496238071
0.0014078342948242442
0.0016835895140873325
0.0014678295349294026
0.001624535771058224
0.0038588726282819488
0.0025955554557798182
0.0028270506698306838
0.003333778105122238
0.0018682039404231182
0.0022574265856230976
0.004467533575784303
0.001537177257766963
0.0015814769125795558
0.0017268725272198398
0.0013941933233027374
0.0006569546673742531
0.001391548565411142
0.003094711376246351
0.0004615593401585607
0.0018153606388770635
0.002103519470778458
0.000992792697569197
0.001266262389928697
0.002396987447078078
0.0025855427032324893
0.00210290923754602
0.003529393301963025
0.0009864524903305453
0.0021059285515641884
0.0010283419607452684
0.002784467121278775
0.0024757579494647697
0.004436545786593233
0.0016134451425249754
0.0016348711090936538
0.0031215723861546117
0.001309406458612619
0.0025800425930399586
0.002189091249095671
0.0013297307049162839
0.0017749747163952416
0.0011572205428535228
0.0011457761753617826
0.0011457761753617826
0.0013972148409064503
0.0024273308708500337
0.000778676885747299
0.0013831906806834292
0.001226639334140523
0.0034830749204285945
0.007616892014423137
0.003477680139572416
0.003234385951805239
0.0016805315654905772
0.0021732861574344205
0.0007253202263052957
0.002984648714574688
0.002917069617985997
0.0022714102595136213
0.0011457761753617826
0.0028423526441068497
0.002930246800210758
0.0033424365979884854
0.0019351501010353585
0.0011457761753617826
0.0023202404045413703
0.0009998993248233026
0.002182383801655033
0.001383977970892349
0.0017373204683175504
0.001429712212481831
0.0009570119862561151
0.0021381952256225504
0.0028356565691210695
0.002078524774889653
0.0011457761753617826
0.003093619428115668
0.001018295356162654
0.004248359916203779
0.001856469574328154
0.0035254797793556987
0.00426583386099988
0.0006129660391963681
0.0009409411587870871
0.00110649022152257
0.002259517756998552
0.004249607865920921
0.0017591055593525451
0.0007838428510737951
0.0012659513155100538
0.0028689561275984307
0.0023233603235320453
0.0021052591065336018
0.0005876586214932861
0.002886461166274499
0.0021006075625637473
0.001272407179665036
0.000896554026091962
0.0015162663356017903
0.003828876035505509
0.0010845730204052833
