0.0011361040558928864
0.003132731079540461
0.0019951057196782715
0.0017369098544677557
0.003939670102208145
0.007157449830246514
0.0007609591757235062
0.0012707338065398711
0.008053905001791968
0.0009196387160784232
0.0080134046763813
0.0024736798120628995
0.002805292300733369
0.001815216997318279
0.001658125298810358
0.005675529544633894
0.0019934246931826646
0.0017369098544677557
0.0015188440160872313
0.0014046073422511213
0.0053493595592199955
0.0033618034750374877
0.0010415883938149169
0.0012955445567318195
0.002879856114823894
0.0015816507944718288
0.004421431972548567
0.003584038723760904
0.002235703466902091
0.005658583671564482
0.0020451967142925166
0.003954259085643195
0.0020595592762722406
0.007256434409310178
0.001542546902156472
0.005333019053688451
0.004414130295535455
0.002658103455714115
0.0017369098544677557
0.004408880966002073
0.002403331777080042
0.0014318468253736827
0.003666698970484675
0.004396494207499204
0.0014012611241116316
0.0033998847877433846
0.006368349551351878
0.004594416881212088
0.0022996032682181056
0.0035454819647922375
0.0024301656032966793
0.0017369098544677557
0.003384733219138749
0.0014429415321849106
0.005147576506713192
0.001344361208527987
0.006043528464149157
0.0014316425453618042
0.0017252558775532935
0.002486008115532083
0.0017369098544677557
0.0019929679468277802
0.0020823856385415603
0.0009873325400201378
0.00418633253428063
0.0012045041113866073
0.0012237709860722795
0.0033885799023943195
0.0017859580476688255
0.0014380281492460257
0.0029350100968113272
0.003953431673697482
0.0024760596563170767
0.0024958467304822215
0.008236043452044916
0.0024196251464110967
0.002736408893473556
0.001676061723867748
0.0020037241952695108
0.0010240891457216096
0.0035955694683661274
0.0012196956367684383
0.002441699652753103
0.0009629841514183864
0.0017369098544677557
0.002570751383904815
0.0014339918947200699
0.005064305492645244
0.0011136702339210804
0.003577107264817165
0.004903022745607174
0.001534078358383804
0.0015429212880171592
0.003580563881595935
0.0014094081802865559
0.002033166393135835
0.0033744064279134594
0.0017369098544677557
0.002086736682474646
0.002632448450923021
0.0005886112448304304
0.0014644547964393069
0.002302942702262392
0.0006703263559354733
0.0010406043423536828
0.0011375202102285192
0.0017369098544677557
0.002074549316705124
0.002357058421947237
0.0023445175188915204
0.0012701607882162614
0.002407361159233646
0.004502654539859358
0.001045722984584365
0.0032246271337275745
0.0014025808912644679
0.0008795171177041802
0.005676493654792675
0.0008297073104978115
0.0017251522474905623
0.002744153624817113
0.0019745107277503457
0.0017369098544677557
0.0024351464180083987
0.003946543814885797
0.008261093276228298
0.0018915087741595798
0.0031027325853962067
0.0015119776541996715
0.001525982297903341
0.001344625188108605
0.005881254930639323
0.005350547380363899
0.0017369098544677557
0.0031303772037165776
0.003408022738654597
0.0015699553385798667
0.00338130444936433
0.0060414288395965274
0.0013437942533653783
0.0023568922434156073
0.008226159226339685
0.0032120750425119423
0.002732370245852127
0.0035844398504700065
0.0024272785830577494
0.0010377189853423621
0.007187658377759608
0.0013915536425067206
0.0015276934059855452
0.001658121649784423
0.002964812719362197
0.0020245336276802253
0.002736541764046505
0.0009931707191983598
0.004877346392905663
0.003337107854985228
0.0020117751197188346
0.0017157212479214747
0.0024273264020661166
0.0007996201227496559
0.0023878369284506895
0.002363198657815007
0.0017369098544677557
0.0026301316573253664
0.002370185296197491
0.005156319970828262
0.002357975864902912
0.009272377578137642
0.00265770325361066
0.002005081858414517
0.0009560183196908973
0.003373864116891802
0.001608020593714007
0.0035746892443740833
0.0007448987580626213
0.0018072926691741387
0.001009067416683307
0.0008419470202866141
0.005765130782600996
0.0012565212744582806
0.0024788035752943568
0.0026378390681257484
0.003201179182356171
0.0057776847901243175
0.0022153284158865157
0.006104294777946739
0.0025749924149614098
0.0016559479832062697
0.001293527492386958
0.0034450097477119472
0.0020236794606350353
0.0010496954295691036
0.0008023039461420581
0.0038993075586555826
0.004328529020547737
0.0012881235884723355
0.0007601218103701535
0.001991293863032703
0.0048138271237923
0.0014457364159309355
0.0019724115364195337
0.0027401520766671917
0.0069533355383235036
0.0017369098544677557
0.0025452164092741162
0.0009329524327205972
0.006098236442634236
0.004462768937874382
0.004806077658328479
0.003031300719694089
0.002212029261754878
0.002488925166712331
0.00481518539042545
0.005328441725080584
0.0006742208976828241
0.0023812611536241997
0.0010821942453562434
0.0033707459379284693
0.002705361278678181
0.0024577677718258368
0.0034139536920601006
0.006420282766920844
0.003109439902404983
0.0011427176975789648
0.0017369098544677557
0.002351892934311581
0.003414464492570058
0.003900804657957576
0.0012386215405794684
0.006898950110955109
0.00242831496547381
0.0021474541703189686
0.004589018279941146
0.0019748870696127377
0.0007641411295357664
0.00351905152426558
0.002627892044640895
0.0036775511320304506
0.0017216675181703832
0.0020229377996206347
0.006312252787872809
0.0027484486222458878
0.0015150837132707586
0.0028252072073066503
0.002150861439604
0.0060016879910952765
0.00780022720684966
0.000886294338387054
0.01123216365302006
0.00240474926701128
0.0035271455266633537
0.0031058152009503207
0.006368309433056274
0.003900804657957576
0.0016607314779567503
0.002448148846226702
0.0010721431893189594
0.0012687524564372176
0.0039922540525791994
0.0012815365972708714
0.005675218867524996
0.0027904336444852947
0.002655443940139883
0.007165264088777812
0.0029160088409775327
0.0025520202555553606
0.0011027354425345167
0.0017369098544677557
0.005159105576678072
0.0018726400027652813
0.003953243324304888
0.0016003047238092954
0.0014415890674056137
0.0014432577498954663
0.0024799638263105607
0.005987562779437043
0.0016643335596881065
0.0020661753952666796
0.001715913008945784
0.001776922374820178
0.0009256137208584078
0.003938704526837314
0.0017369098544677557
0.0019943495582607123
0.0050858323103091015
0.0029909961417395694
0.002216807256715043
0.0020400585218291164
0.002308129512539989
0.0026254249066556623
0.001331118283355737
0.002157901986310153
0.0009138472907412155
0.002620083329235828
0.0024451973060032376
0.002763354816417405
0.002241257943590834
0.0020623202114274956
0.0036691117286938497
0.004967980544274165
0.006077722675889664
0.0014380229731865825
0.0023306040772306546
0.002431287087008973
0.0022167068380278773
0.0010355218981652535
0.0019715098900044683
0.0033623791862764014
0.0025664979070362274
0.0021977515544294997
0.0022204036760338918
0.005987466152153208
0.0015026797473743144
0.0029911111717149143
0.006367542252754986
0.002878391052069101
0.0016287201915111836
0.0011523439193995883
0.001244310409709301
0.006107606783459063
0.0023534948262146542
0.001502504164568788
0.0035885374557294977
0.005165773930371885
0.001368596886165098
0.0016794697758014646
0.0017832955159960335
0.0017118049896350798
0.0011710584443095954
0.0022348256793666083
0.002427054579324061
0.0013756769129653124
0.0016375058840929879
0.0018009863396110774
0.001165631109750817
0.0017369098544677557
0.0015482495048723714
0.009260740586237267
0.002307471643688107
0.0012621514502366685
0.005063701583660553
0.0024367464971594885
0.008831567247056386
0.0005571728725040227
0.009271750314450536
0.005994091257944774
0.0016663489238322852
0.002457001107553278
0.00493958050407227
0.0014100020295400972
0.005068803123831988
0.0023040283769680987
0.0007258115888280529
0.002044248706131277
0.002740856176376278
0.0025273641028332153
0.0015212977827688788
0.0017369098544677557
0.002623402835856159
0.007153284911309723
0.0032079390260336374
0.00321584347293115
0.003097573913199487
0.0034544702158174853
0.002409274995148057
0.00165600213808684
0.002878737728159451
0.002554495307129328
0.0008899699279036565
0.0020400585218291164
0.0039011363304824833
0.0024086848838974543
0.0033766741728288446
0.0022145739529378337
0.0012596789114085215
0.0022881966201426167
0.0017369098544677557
0.0020042270201149222
0.002026727901654302
0.001465847677751451
0.0014365962211769741
0.0026610125824934367
0.008723135641721284
0.003436724410137848
0.0009194587822973889
0.0007078892053270218
0.003097142561064595
0.006808396115219106
0.0022139880823746063
0.0026317246384375795
0.0035455250935466434
0.0024052799233549925
0.0034024282726895323
0.004466987158201557
0.0039435728795805935
0.0017369098544677557
0.0033674837131409782
0.0019832720641027807
0.0020703016425361186
0.0013703813028467687
0.0010086392832867445
0.0023007774417883376
0.0033601926898403226
0.0008456603487562496
0.0035898225417805496
0.0016559479832062697
0.0023978143742886576
0.0018980475743541894
0.0015943957144766235
0.0034045227806484596
0.0017369098544677557
0.0017613362860567825
0.002508752788806677
0.003523732712898283
0.002312348798683115
0.002487238564299058
0.006115912652856932
0.001779130897259483
0.0038983408049874766
0.0016791355955505182
0.006837474252573429
0.0010344399556498787
0.005064441058770125
0.0063681871704864895
0.0017369098544677557
0.0033748611176322614
0.002070253834959121
0.0009813869259641171
0.0011474202957450737
0.001455758025031089
0.0019139379030351964
0.0033951473202675285
0.0008793771951593439
0.001676061723867748
0.005677111529444273
0.0010431936295084022
0.003929376273807779
0.0017078990716439793
0.0013080947880734085
0.008013561968883903
0.001999228307978949
0.0053338877905105405
0.0018393022715047383
0.0019727255316688186
0.001012429522356402
0.003663788423833783
0.003946369083907419
0.00221215499578688
0.002799726787022081
0.0025673465203313486
0.0015493133873383145
0.007150801285675502
0.006120815401437121
0.001596604983989895
0.003942540059851032
0.001992664630656386
0.0022920185124272775
0.006983773026216474
0.0009243500572806183
0.0032138752799033207
0.003124278512940508
0.0026300268702467667
0.003210383889542425
0.004335484701799799
0.001928426062613884
0.0020423469613283602
0.0029253571640396477
0.00532473773337567
0.007159548308799004
0.0016260817329082217
0.0024351464180083987
0.0023930064850563237
0.003390501395761736
0.001868924462458635
0.003138608434787711
0.0016366753228947114
0.007224721337624231
0.002203988994297936
0.005279205027684323
0.0017369098544677557
0.005609259397541609
0.00457615499051848
0.006015134628040363
0.0011581586408724888
0.003050552698196345
0.002426351356720102
0.0014058434867195845
0.007155207166384326
0.004660935939625564
0.005423825614307911
0.0029293897255619184
0.002636342768766527
0.0020358829067725517
0.0024370063709065895
0.002353893309083955
0.0022230854775654885
0.0024805883238325746
0.0014493859974807008
0.0017274768687295414
0.002296233839118824
0.0018393022715047383
0.0015195807716736106
0.005668746947641193
0.002664833389650204
0.0063044832241639995
0.0023809878773453945
0.0023918160138025947
0.0020089992963389625
0.005162136254793394
0.002915005558157792
0.001341209036760103
0.0015188440160872313
0.005147576506713192
0.0010414355369797212
0.0017369098544677557
0.000879076513169547
0.003349142869375012
0.006328981597246912
0.001654458684831975
0.0031101561524299478
0.0033719766100027996
0.001375222388805016
0.0017369098544677557
0.0022147873272684816
0.0027437446024618727
0.0027590059795428294
0.0017959903476443557
0.007218570426869902
0.0027957790887758746
0.002798340938334548
0.0019137955838735602
0.0020633195410625664
0.0016570151882970678
0.0022260498476594118
0.0031144657338912462
0.001340803279108038
0.0034291489938283333
0.0010371230101586988
0.00630271754739622
0.00716403101411238
0.00964999259480026
0.0020245731084316643
0.0016220037141352016
0.004576409474310315
0.0014364637526487337
0.0027957790887758746
0.0016440456379723037
0.005065198019982976
0.005066634110743248
0.0035110366696308837
0.0011420196506681589
0.003370906346250445
0.002292251207410342
0.0024971847812574515
0.0037180211817861466
0.006008838228243054
0.0015150726988065397
0.0031127097681780255
0.009270664813758175
0.0013533096734596128
0.0033936308273137196
0.002097248872753651
0.001796560899202871
0.0039054239669259164
0.001038739937915418
0.0017369098544677557
0.005667815477342903
0.001151125263258828
0.0030084189739786505
0.0039073724542747715
0.0033711063654476023
0.0012976217692281498
0.0026042763235729766
0.001271064169246545
0.002073086655969302
0.002654908929657448
0.002490335507550967
0.0012431869917974723
0.003349142869375012
0.006305045949581796
0.0035493696338731143
0.0024200220249342573
0.0007906751904510274
0.002292251207410342
0.0024691093437978783
0.0020631847276078004
0.0014498526737259268
0.0024207349892468697
0.005343363998885602
0.0009149173081810713
0.0014631997728745698
0.00338632083502202
0.0011908547681530087
0.0027236347109597715
0.002265933362338103
0.00507111445659218
0.0022654481947086843
0.0031944916496060545
0.001565915180826643
0.0015483740068511051
0.005982912733397761
0.005768575362301435
0.004798004680063775
0.0023992657127301247
0.0023049234449125486
0.004584425203408039
0.0027316097644238995
0.0018411370097033363
0.0033230124496245557
0.002690523188320404
0.003954398989005184
0.0019748870696127377
0.002069612244122522
0.004602676600880525
0.00229889889874453
0.002173734997946852
0.0017672183307987986
0.0031033757101352234
0.0013126265919861154
0.002453825020654156
0.0011225845057515856
0.003105177444583992
0.0032231671410891008
0.0024333015468978613
0.0023054350102450867
0.002071102449622359
0.0024152237431140197
0.0025531450270702004
0.0017369098544677557
0.0012658787566063416
0.0033616344741404375
0.0012432475672623739
0.0011524725633371882
0.003561671745800764
0.0028578666077242296
0.0016746607696956884
0.002197611518011344
0.005780301646545981
0.0008863240666168606
0.002732292068577808
0.0017369098544677557
0.004427827730110321
0.0014183994405883606
0.0008280113513515992
0.0038867460860444974
0.0029485566347242378
0.002149425537837157
0.003050593976098293
0.0016607113993299789
0.0024058065267172613
0.00017685213055470558
0.0034074627955091447
0.0035981806895743693
0.002802731026872497
0.002141044554546859
0.0017369098544677557
0.005075933297382055
0.004811419823530996
0.003581435337208367
0.0014240596475395227
0.0026732687389219743
0.0032182268050758495
0.0038971787552189966
0.0032540150173969587
0.0029923782891421355
0.003529688605366569
0.005063429715286264
0.0024309688073690812
0.002625350657319163
0.005097942519897938
0.006343449915285243
0.00481518539042545
0.004466987158201557
0.00480407619545805
0.003195376479077743
0.002625141637930712
0.0046638881855627975
0.002800966464917637
0.0032293575043211976
0.0031835910930357657
0.0061017475995175175
0.002404993716439802
0.0012694720373217364
0.0014420974517363322
0.0010369844467189348
0.0071807579237087955
0.0010380769860472453
0.0018393022715047383
0.0038895933008926457
0.0032065333108083284
0.0013526014420970481
0.0022261500696672777
0.005986516450286303
0.005147576506713192
0.0033667999078355166
0.0027743706162972966
0.0008400640009862305
0.011238663423936843
0.0024487596677983986
0.0014295617325528385
0.0022895368933093406
0.0034304641984271443
0.0031867859889572274
0.0005659220759679793
0.0034682432751364256
0.005256490257617441
0.004803899240534827
0.0015345617820984995
0.0022974455142199123
0.002644182909244944
0.006368355993492051
0.003338968816411416
0.005067165021312758
0.0008277362540872207
0.004926772011730743
0.0024503946138651925
0.0010267822874142644
0.0015233933387951688
0.0033714456947893886
0.0012621461633796707
0.0033781313426157734
0.0022892635304829594
0.003906656895508474
0.0032198128137848952
0.0023002935557514493
0.0015945028447005027
0.0017369098544677557
0.003224036201083344
0.006366502211664208
0.0023868172386095703
0.0027339834674449436
0.0012862539394925417
0.00261470747323177
0.003945154533225778
0.0011377836975554477
0.003349142869375012
0.0023110767256777896
0.001983784521989328
0.005986245146022075
0.0009078938638180142
0.003748559643544163
0.0018563942071446475
0.0027405766976324746
0.0010462278227661196
0.00322277878382798
0.0024285619241771333
0.0034124693335708697
0.0033743441087286806
0.005065160464694414
0.002428751760429139
0.0022806954234959207
0.0013589141596693887
0.008225787487859711
0.0031874155918822297
0.0021780463180445346
0.0015270219562204914
0.002795177724217568
0.006363626771068445
0.0025760481006630413
0.00771911643124025
0.0019175821746296674
0.0009023231040842977
0.0027993955913024784
0.001393894084419296
0.0033609185973871004
0.00352502462305002
0.0009606138654343378
0.0022230854775654885
0.004600813941027021
0.0033654022089326338
0.0019794694545750813
0.0025600722908505577
0.0024905986661657967
0.003368872606874372
0.0026246265741117587
0.0022937741589695673
0.0018353120236409125
0.006905900946595316
0.00703627045716978
0.001612036250138701
0.0023889246071007557
0.0024228608591139096
0.0020106344631610905
0.0032933670078527243
0.002879432733687753
0.0013418230369335738
0.003598849958654069
0.0016214335623239355
0.0012545944330839222
0.0063239663849200605
0.0026317134310841687
0.0012729864000633284
0.001605517715318318
0.003101770446075089
0.0037432745020913208
0.0023853847340445243
0.0009610913607275695
0.0034201385452010706
0.0017369098544677557
0.0016051213393081622
0.0021947203431397404
0.0010395187529489939
0.002376794975792113
0.0013053865547477009
0.001053222854141147
0.007153561020401156
0.0035339821683737596
0.0008305861825188092
0.0015390884126390031
0.006006729766841888
0.003224656097901554
0.002396213293928687
0.0022943446213097803
0.003685955152152875
0.0017369098544677557
0.001595691160141714
0.0009451387880778635
0.001458856450935093
0.0020581856441475453
0.002536154163992469
0.006374152812337032
0.00886059025864533
0.006104272471914747
0.0022115983558604725
0.001702190945045205
0.002350286859221941
0.002226490208928014
0.0029665578854472206
0.0016250957787512855
0.0044362603807623965
0.0025059431959653274
0.003408776964468785
0.0029366042242862695
0.0015969266408117201
0.0022200586769712317
0.0020909980121258985
0.003125438976537134
0.003397447454169097
0.0032349544741837157
0.002173448948928327
0.002344122779760233
0.005072931153913197
0.0014162722384282159
0.0025580878955493197
0.0012377383669624888
0.002827764852049808
0.0009792673044725143
0.0026348847257996457
0.0024589890249311643
0.002217105096770751
0.0024326880392509173
0.0020625333971269594
0.0035884307464349383
0.00496441139072691
0.0005016197479591877
0.0033792666998518073
0.005225636208416272
0.0010933083762024308
0.003949413030587404
0.0033654220905514143
0.002383562353866208
0.0033872959300801954
0.0032086520320113907
0.003950811749345665
0.005878749103245366
0.0007477446721055031
0.003097573913199487
0.00458532598101143
0.0012537047381328752
0.0022564862225849624
0.0009815202827296954
0.0024350560966990243
0.0050606812255920555
0.0028487394523635467
0.0031034937067385662
0.003542450205990714
0.0033615933655682
0.006311950843219824
0.002536154163992469
0.002700123554300601
0.0025679016605435145
0.0035376036772534693
0.002219059626088828
0.0011902325520190687
0.0022218708609952603
0.0017332288479714544
0.0011522766935530007
0.0032295189638554397
0.0029826202770734697
0.0015102680100186876
0.0017369098544677557
0.0025557745344947135
0.0017744069398575805
0.0018362373913727774
0.006112432812885103
0.0063118776233461096
0.00255011266715467
0.0035271455266633537
0.0019139379030351964
0.003941353436635062
0.0013340194048944828
0.0038955426122753256
0.003944202177157354
0.01090404796047316
0.003136063058559943
0.010630389862341567
0.0028001274569544672
0.005062553079489921
0.0017369098544677557
0.0028232207784771356
0.0017267071568659636
0.000992469330626846
0.0023110767256777896
0.001215048312245633
0.005882433562798069
0.00140978331527603
0.0010383045798247911
0.002414206390357659
0.0017342177836181763
0.0009142069517776279
0.002988649485550451
0.005135810644076149
0.003897557651710707
0.002216195148426768
0.002054914322123273
0.001110391197116921
0.0006573918657982451
0.0010384648508525262
0.002553729580946993
0.001688792850110662
0.00169558669781524
0.005848158795677324
0.0012531858972773461
0.0017020572270813382
0.005474457444629409
0.003369916564178748
0.003377341347703832
0.001272498673010817
0.0027651695962820607
0.00523260901182559
0.003902785434531281
0.0017369098544677557
0.0020703388361924964
0.003374145292735788
0.002414534379622384
0.002439207418389583
0.005066922289817631
0.0023097201487435872
0.002623405320398863
0.0011925351656073295
0.0014246254863734104
0.0063146571143676625
0.003205783733318202
0.002839116045930505
0.00153243530208764
0.003690277475526743
0.0033989413714322846
0.002027325684270891
0.0026781560176105767
0.0028401072451780364
0.0012774614162072036
0.0020745519230790576
0.006303565536768839
0.0034184835683413973
0.0012237709860722795
0.0012454362476303292
0.003690277475526743
0.0018971125689730087
0.001448245217446328
0.0011501400965165148
0.0024774617332761727
0.00340142718084414
0.0016685538728029622
0.0012351857967514532
0.0023368387814260427
0.0037571747230917105
0.0015427822390287494
0.0016829681313555694
0.0021691458651848703
0.0034436868506358474
0.0012405778559276364
0.0009510700871293573
0.005328987841984407
0.0017369098544677557
0.005065631927601244
0.0010379886769455464
0.002007673471091806
0.008037271707041887
0.0033213867407534243
0.0034199653268066088
0.006369745931287613
0.005065217476718363
0.001507688233432894
0.003383940903899513
0.002058295813556284
0.002686363061943173
0.0017369098544677557
0.0035627432756309856
0.0027621725780178625
