0.0017832762984441944
0.0017905465857185104
0.005086038694339217
0.001043553023797796
0.004829192604339336
0.0005786136787833871
0.0024757839155299505
0.0014245881006774248
0.001781386592707376
0.0024775873884724737
0.003573925913348154
0.0014245881006774248
0.001721047975876706
0.0012035933864996873
0.00418806537131287
0.003954940888891774
0.010952271410211219
0.0028971965787585948
0.0005828139316709507
0.002036404090584372
0.0014245881006774248
0.0063672835214256185
0.0023935279258577168
0.0008699941986816716
0.003999599639429244
0.001514596688604242
0.0011365295857754987
0.001839410484556014
0.0016249019661058854
0.0023718967995819745
0.0014196488558993103
0.0021201919838580723
0.0014245881006774248
0.0016282289091640889
0.0017763721373792866
0.003593443149480903
0.0018350378532882836
0.0014245881006774248
0.0007967307559170148
0.0014245881006774248
0.001735262222503693
0.0017840210000811853
0.00217319893161218
0.0014245881006774248
0.0014245881006774248
0.0005885113150067109
0.002814721566315738
0.0014245881006774248
0.0019761672885587906
0.0012135162925321907
0.002406984489433997
0.004441774071144118
0.002402103610345664
0.005214055289366831
0.001769599452087573
0.0016691666140854575
0.003317859562627996
0.0015893906730555549
0.0009710400115392985
0.001963390999384067
0.0021222041849640115
0.0018677735775735438
0.002426500091080685
0.0025516979719404946
0.001184656012493194
0.0030456643050423703
0.0021196877591460996
0.0014245881006774248
0.002198012969703691
0.001981413146503851
0.0019239688397406243
0.0011668283442762511
0.0056385669412637035
0.002492635090803864
0.0014245881006774248
0.002489494367268812
0.000942053136585977
0.004131545592746217
0.002914925396223911
0.002742964514222287
0.0012826710440210682
0.0012711687304941043
0.004120146479631223
0.00303362763616837
0.0017374549379086223
0.0014245881006774248
0.0028256569790352285
0.002151004335307982
0.001904585084270214
0.0014245881006774248
0.003004148879436947
0.003424716468520211
0.001894058302200391
0.001162198428943709
0.0033090674024271404
0.0029929169271656255
0.0022416693215713316
0.005490898790106556
0.0022433719775474615
0.0012096160393738399
