0.000684288586404397
0.0007801115784033335
0.00017513888272211033
0.0056341691780640805
0.002259569463739786
0.0005497120730605505
0.00027885920388749294
0.0007331797351064329
0.0006518871986388873
0.0018326610364085723
0.00022218871483044053
0.0002934077973391998
0.004776140285332529
0.001930967144906679
0.004495006646642078
0.0
0.00017315130708600492
0.0005317381406623857
0.001992393022940928
0.0002076487029562572
0.00021849734553690264
0.00034133414282761843
0.002395006369439765
0.00018768760846451263
0.0019747092305700538
0.0010911464327177328
0.0011479444129515073
0.000900977388327838
0.0009724160480605924
0.002695484668527173
0.00020104499841054843
0.0026506172043854045
0.0002990848965307276
0.0009771381859865192
0.004750978218823772
0.0009783556756618027
0.003225218153006431
0.0002306253436978741
0.001545908321633005
0.00018857045438236777
0.0017545823711840594
0.000520722743161492
0.00019446117461052376
0.0028189533771426707
0.00036939052038521765
0.0003840515379371365
0.0012810269048687535
0.002877734289847632
0.0015683450361041963
0.0
0.0004406621496845182
0.0001730386484312606
0.0001765385463946499
0.00034371375221917046
0.0004897297420231645
0.0028763989106539013
0.0013765181262719087
0.00024613959772654115
0.0012043564552522037
0.0007514046504698733
0.00034489356227393887
0.00016998424327695913
0.00029099336503489985
0.0033995196510495707
0.0
0.0001817841460379575
0.0015910012863066957
0.0002008251909342881
0.0015352816725529958
0.001116241019182882
0.0002456576855884524
0.0019626785715304135
0.002111013935875255
0.0006886659278731823
0.0012379499080810478
0.0014224886649150826
0.0
0.003853348357282444
0.0003738114759004285
0.0012156753596064577
0.00028783424453074575
0.002168481771999843
0.00020678431825661635
0.00036506014638731715
0.0015358815555749404
0.0002717940180303322
0.0015401982984759532
0.0004958028028686416
0.0011375210630514198
0.00018462339745027037
0.0008176504233850159
0.0
0.0003643013815477055
0.0
0.002990813808750338
0.0031720359376270777
0.005589845721132902
0.005788017255757364
0.0024297216600999995
0.0012398804383542915
0.0034350804384778505
0.002749779739161002
0.00012582012882791872
0.005729689979679095
0.00093225437946313
0.002974155702185002
0.0003269057006896949
0.0
0.0015105382146062753
0.0004166539036313533
0.0008952022095884494
0.001040421346224109
0.00019703957388529045
0.0016720922290048275
0.0051725316678232665
0.000205899928534535
0.00033899986649954804
0.002469698920662549
0.0024579025045140855
0.0011913447368098486
0.0001419458003884174
0.000465769326613831
0.00027112575469393163
0.010515651825489539
0.00044614215842983296
0.0001862400551199868
0.00033905269590208585
0.0009218279070815431
0.0009483122154801085
0.0002581010840147313
0.003214761158433055
0.0
0.00034193661804738854
0.001227916790595581
0.001743459463907189
0.0031529719139580335
0.003304432538032733
0.0003916851200287772
0.0003256117745616051
0.00014446989767671946
0.00486733920519293
0.00020132961010148464
0.0019684816180213513
0.0008363637897609417
0.00042774936513810465
0.0003255021912013174
0.0012096481762779118
0.0009863357850010955
0.0001859573562098052
0.00027880017643006706
0.001543452622782944
0.0019107631435771116
0.0008702025849359645
0.00280697491708042
0.0005131843536531406
0.001419145047865947
0.001890130094060227
0.001838041727864646
0.0002308076792646377
0.0001799579955884215
0.0016151098124741032
0.00046031122040716206
0.0007173923013700244
0.0007564237619095013
0.0
0.0009309091874409029
0.0002483574046119034
0.00037112441707283213
0.0017764209622284956
0.001637993639037849
0.0002262995829679447
0.00040110109178247003
0.003424028190329101
0.002168708553203993
0.0008011079265889349
0.0033988810701880093
0.00031911471383293114
0.002284436701118026
0.0020013600248840876
0.00016527259081492942
0.00037680956962229094
0.002165053767397511
0.00019167949671212748
0.0003413352029239958
0.001479859603709208
0.0009270040758481539
0.00039001047803667886
0.00023186500517105468
0.00022107055465900245
0.0007323036653659964
0.0016100951770405838
0.0019186017795883039
0.0001756953528845341
0.00039001047803667886
0.0038707107560567943
0.0008102342482768807
0.0004023232398956199
0.0002184221330494403
0.004003245047877268
0.001325144703006785
0.0007943547661303361
0.0011538720161595817
0.0019245166906350886
0.000283742897101907
0.0017819273892801094
0.0
0.003543387720635718
0.0001876537189318578
0.0015758769038899847
0.0004118746454233959
0.0004585451821891699
0.0020205315608261658
0.0002726424235305329
0.001963637024723843
0.00023320860510298323
0.0032724678002278517
0.0
0.0015730527433204396
0.0010116535740574732
0.001886278997970653
0.000154487399349802
0.000755098388902078
0.0015022776664009568
0.00101208099812358
0.00019650626857920975
0.0
0.001705101489554075
0.00020034400634890608
0.0019253107989137218
0.0006418122095331289
0.0001786619688028906
0.0016266865109349357
0.0003810291911290561
0.002413162992863478
0.0010620380908478771
0.0012758724726676803
0.0002708264095966369
0.0026032853126586202
0.0012398804383542915
0.005293898496031307
0.0045945306780316025
0.00031426892964788735
0.0006626235583362544
0.002162392583397122
0.002625497489073469
0.0010517542880109651
0.0006621118523273978
0.002693428374058035
0.0
0.002256702880152052
0.004316667820817331
0.0013807098540740562
0.00018872782601276234
0.004343249487939679
0.004638098617634511
0.0017819273892801094
0.0039994428571872576
0.00016883005003340265
0.0003257150550680936
0.0017387630075581578
0.00023403450185920295
0.0011407572277671117
0.00030943215667656056
0.0
0.00040644764302575097
0.0003761279547831411
0.00021929304446286917
0.002091540673356616
0.0019503453900683236
0.0012749616886310294
0.003002955593310243
0.0017478465235478836
0.002084509959891164
0.0
0.00033866724361730256
0.0003084491819117759
0.0
0.00022317603246057186
0.0010048803819383365
0.000827608906011193
0.0030965568726600006
0.001700654037725254
0.00016010669993142806
0.003215548144008119
0.00025747574946872445
0.0017854769379526672
0.0010900286873085294
0.011553598086418895
0.0015896788105937592
0.00163950249694966
0.002815681054595388
0.002405171033569837
0.00013242872167088595
0.00021498884598252188
0.0018903877440112078
0.005399630915950862
0.00048090780548510975
0.0032532666613348986
0.0018632077562266665
0.00018645289543028595
0.00026904337256338987
0.0006797631117178926
0.00042723153242226386
0.002076170368063226
0.0021531581790897886
0.0002979955212029905
0.0015495640233416687
0.0007857912413311799
0.002165053767397511
0.0011847280399515355
0.0037548907712004684
0.0
0.0028678519413556326
0.0004399992512502093
0.0007522449209333815
0.000300638607727547
0.0025368082191695594
0.003342599688891867
0.00025761287291161457
0.0022246072359584533
0.0012341616966755513
0.0003563069350476241
0.0
0.0005334925095572051
0.004772963495647024
0.00044712922468242186
0.004316667820817331
0.0035766369163976563
0.0024598686302756832
0.001961021866290287
0.0005965721164486557
0.0010891969776878692
0.0
0.00027106348356288786
0.0019729836102347405
0.00018666315535009363
0.003250740696868053
0.004137683624361188
0.0019213473600851628
0.0
0.001547920080473759
0.001051234033386494
0.0
0.0039052927445763063
0.0015647071473017832
0.0003714290861780153
0.001589528514896832
0.0002593991426296374
0.003592289866060664
0.0014442653399079186
0.0005670221684540423
0.0003369914736147662
0.00020814708215119082
0.0011116438092171937
0.0012771759907694179
0.00018666315535009363
0.00033749792216763693
0.0014126693191744478
0.003487873831029591
0.0021882627342102684
0.0012717689070435374
0.0018700996799023203
0.00519930956506616
0.0012635213062468001
0.007057932564586242
0.0001721394694640087
0.0009081853850434675
0.001067774636738113
0.00025344487833232513
0.000739806411034667
0.0004928611744486925
0.0012435309955403577
0.0013685069094477652
0.0013540332006264494
0.0010836286462465555
0.0008881116436335309
0.002497949287185406
0.00015211555640527483
0.0018100724550284414
0.00018291288543567815
0.0003700681332396959
0.00018291288543567815
0.00016570524768872515
0.0012189938851059339
0.0026382747155005836
0.0027836283961948658
0.0004585451821891699
0.0018921647908751217
0.0010779876922303172
0.00029840866212215567
0.0006411975922275696
0.0025293285764688613
0.001342846713331049
0.00021690539816550744
0.004637159721728002
0.00019541041200449568
0.00197917457374943
0.0021126151532139138
0.00023322831065576596
0.0006259594858707767
0.0015194890473459077
0.0029847732013585024
0.0017220156395667213
0.000755098388902078
0.002713947195610432
0.002148569871554824
0.00037088690010040427
0.00015199102094438794
0.001208920772167341
0.00019483216265220294
0.00308842576348127
0.0014227841429181286
0.0
0.008224202987616731
0.002815681054595388
0.0021421643020946165
0.002540258087415207
0.0003442414385932077
0.001415295643644305
0.001336103325134277
0.00027804254332695856
0.0004159105360209729
0.0028368436572431843
0.005899235619564138
0.000480320501170248
0.0002349520430019859
0.0
0.0028009786053147935
0.0013478325624192262
0.0
0.002178047182182163
0.00018672167246501747
0.001568884749726801
0.0014060463174150497
0.002425277461099843
0.00021240522926284692
0.0021690293282172137
0.0033927365097375173
0.0067458398974776105
0.00027066446520959686
0.0006401980213298721
0.0010917241443170462
0.0002708264095966369
0.0295452991435826
0.0004151489949174674
0.001400515776500327
0.0008896993803674485
0.0015968101197638578
0.0018105102865083379
0.002396952359480937
0.0002025265093831424
0.0020045451881550223
0.0030253122964372823
0.0002197651849375269
0.0
0.0034139627620744487
0.0002556453230684133
0.00022119044787622085
0.00023023870959455717
0.0017796829301430193
0.002633554632256419
0.0002582490304146959
0.0006687689363053062
0.001254059260019402
0.0007509696664961783
0.0001653371552016089
0.00041132507999477137
0.0022266138099920336
0.0005514518056844034
0.0025631809394470904
0.0002366343868291103
0.0011624378664475033
0.00025245449449875503
0.001289311640013043
0.0003968636471169811
0.0011868355901323477
0.0006437837339773863
0.0
0.0012213354921153281
0.0012311914370242184
0.000590227544052929
0.0027022815680462172
0.0018143844363380038
0.0032643943148494043
0.0
0.0012868866425501397
0.0016266865109349357
0.002233190584696555
0.00355917094116746
0.000783977801904795
0.0001844584972802889
0.00043804850061964927
0.00034133414282761843
0.002416764767427947
0.0019862512588603616
0.00018882746231955634
0.001534104201061477
0.001760264964043898
0.0004168140325860713
0.004694123623888881
0.0009071806335084484
0.001491880166371191
0.0018218606515385673
0.00016692547032362716
0.07071961966484698
0.0002561714208812701
0.0014480081072063306
0.00018527169149428954
0.0028564801182495853
0.0001460878784133183
0.00028021275110854803
0.0019140696684936574
0.010914317972060288
0.004451594338841144
0.0021340514829402825
0.0008437707049427708
0.000783977801904795
0.00034906502725081664
0.0018568367219909826
0.0003714290861780153
0.00030943215667656056
0.0002343988200930122
0.003475042404492986
0.0002554686513098456
0.0006089632602883521
0.0
0.0020259769885208802
0.0042946918442962265
0.00024098013745476633
0.0003299306806043621
0.007196368552127364
0.0027664575730129305
0.00020105406146169092
0.0015297764772436297
0.0
0.0002030238656034434
0.0015030150458999428
0.0
0.002592473976045735
0.0013396201474809022
0.00021833158357388054
0.0004149301085428891
0.0030128504142687466
0.0019661241223188257
0.0007494641151084303
0.00030595511540567813
0.00014985331001105202
0.0001827234376950551
0.0001900184781721892
0.00355917094116746
0.00019730458862674162
0.000867558770967996
0.004814681305456937
0.001132008774308207
0.0014084218082333726
0.0011734435227864343
0.0032275366480156603
0.00331963154128602
0.00042362623160588874
0.0010832178888361696
0.0025617907083117057
0.00015462690401827272
0.0008760187274269666
0.0006797631117178926
0.0
0.0033549232643083197
0.0004156109304813658
0.0
0.0013547069664854791
0.0003263657463731575
0.001402002671636552
0.002374622558194157
0.002062072596560027
0.0007736403611523794
0.0049662538495078385
0.0016544266866813239
0.0015738007074482556
0.002509964328832191
0.0012184206962138513
0.0004088935343334789
0.0003119952543828131
0.0005270545214091728
0.00021636374338206577
0.0005295955378058577
0.0016042007266278131
0.0003239449484557623
0.0004964040254730757
0.000980188079704242
0.0020177160828648262
0.00030328264066252335
0.0008369230366853494
0.0028373403991287702
0.00016809728421515415
0.0018767816050634424
0.0008845384416349046
0.0018295349007075375
0.00026479068409878786
0.0025395607355883387
0.00033702196633740144
0.0008640477006670243
0.00024344342599468116
0.0006678812067709637
0.0032403050751118223
0.00026776973782665584
0.006300872826675994
0.002084509959891164
0.0011845095906341484
0.0005487702153179483
0.001120148199381249
0.0005422646822174649
0.00150477024941786
0.0031944081708755083
0.0015910012863066957
0.00019906701090775732
0.00021660179435271422
0.002459598739379936
0.0022571616363949824
0.00028392388500090746
0.0
0.001681547326117588
0.00040803075149065674
0.0005272151448676905
0.0005296914244488601
0.0009455411323365434
0.00023687480877165147
0.00017538770853772404
0.003999343333451171
0.0010880129021726469
0.00015209344436932756
0.0002019786478161343
0.00025033723508418557
0.003189560574989719
0.0
0.0002448681369677734
0.001008914551452175
0.0015630649977345617
0.0027964455989896754
0.002914434836879279
0.00018171707701551972
0.00039513494405931504
0.00041198813374015964
0.002766645028058004
0.001475431926244109
0.0006490687915811273
0.0012961670319307323
0.005095743751987145
0.002038549961768677
0.002324993879088266
0.0012393084515677486
0.00017074558253304874
0.0
0.0009400452479465657
0.0021564154995931
0.00023760735034412058
0.0024089948126303443
0.0035341296108071314
0.001386575017068394
0.0015567985475675157
0.0012044107365523236
0.0005410040070904039
0.0005951398765472311
0.0004487187554338865
0.0002890331214636234
0.004316667820817331
0.005292354844897027
0.0005047301118133151
0.001209610964010636
0.00017863541543070434
0.0009742829865919631
0.0004154487307645746
0.0003043879505605162
0.00022317603246057186
0.0015454591713124023
0.001657507998621141
0.0015789030356435259
0.00020729742381554644
0.00020583013848458353
0.00041552641075009533
0.007991717558106787
0.00037518795763898143
0.004933572198880271
0.0011876806540970083
0.004651652155785289
0.0042550989588014225
0.0017332210422748933
0.006388813346929764
0.005692084019411919
0.0017294479193476502
0.003691635859820966
0.003551372898468233
0.003120574118780725
0.00016575236685646176
0.0012860395798395363
0.0021562907195293705
0.0021113379330401556
0.004019979222179131
0.0020664758129816316
0.0016803678565768584
0.0022232895145483014
0.0003603092992598558
0.0006900456512735918
0.000349610381451289
0.002362461146675461
0.0025228312388247236
0.0029388163508209716
0.00016847291005716436
0.0008033171437743045
0.0022448966895481618
0.0008011079265889349
0.001044008458229999
0.004842249140970622
0.0022074546373544507
0.0
0.00018882746231955634
0.00134881281275528
0.00022667315564290058
0.0014084218082333726
0.001013979496321624
0.0025475924035353354
0.00019133187924261425
0.0004498769534596806
0.0003886784841228504
0.00541213271935294
0.0047962574359508
0.002136822735599651
0.0008316059288592957
0.0012859020099918485
0.00015023048189060284
0.00014465689329697605
0.0012285268498143998
0.00018980908169005163
0.001662545932935067
0.005792971207650133
0.0009720226166389587
0.0015320402020352105
0.0011344852178195167
0.000972338055693942
0.00016913543178677607
0.00017863541543070434
0.003840664677992895
0.001294190324066663
0.003440820794253454
0.00019939737531033037
0.0023693194326089343
0.0006555397563429271
0.0
0.0018029866133657446
0.0
0.0002926163328669914
0.0021676586995957145
0.00014141449330660626
0.00017482645408473717
0.0016841353880165794
0.0012327599820699893
0.00018395191505466658
0.00018957780151842944
0.001047047362220175
0.0014227841429181286
0.00032258764998084713
0.0
0.00015022323689902422
0.0004877134645811807
0.0013930554431958767
0.00040754419096565537
0.00047108410020376746
0.00016293664119713852
0.00021397732751551283
0.0051584665387709875
0.00017759951230208974
0.0003119952543828131
0.0018180150617124519
0.0012859020099918485
0.0001733249155054766
0.0008644370897822519
0.003845751390657268
0.00045285739757328975
0.0018615852916444985
0.0010800677590680286
0.0014104998455690292
0.004097236562145173
0.0
0.00024982949850796605
0.00047696390954996183
0.0003841253729584825
0.0008404134580646866
0.002471970861793575
0.0017355692598139908
0.00015513538378882736
0.002155961131577544
0.0014935038839071762
0.0015832374313191086
0.0003334239259068203
0.0006676333485201301
0.0032170497207311115
0.001413136933288499
0.00040329914103921907
0.0012722403933065622
0.0018075910156563394
0.003668379948346392
0.002284876473560411
0.001010036425436922
0.0035051871041856964
0.0016756424756865058
0.0007527974077429043
0.0010702679316468347
0.00021565858398989206
0.0019503879584978421
0.0015416712836509132
0.00037368583106120543
0.00017267502044483147
0.0026351641555611843
0.0003170987212437446
0.001699381379317686
0.0007331755908234095
0.004750978218823772
0.0002427074002223654
0.0016654121817827857
0.004100062066722449
0.0007528848087061617
0.003017127807634278
0.0016446008187962742
0.0013205323673424838
0.0003632908235958307
0.0027259044617478872
0.004540548490218888
0.001823749376227911
0.0012398914658434533
0.0016423843827865305
0.0015568318112915808
0.0015877000959174414
0.00016225701378553807
0.0011538720161595817
0.0008577681397983301
0.00030595511540567813
0.00029737639908925667
0.0013037972701621613
0.00022107055465900245
0.008726131686844434
0.003250740696868053
0.001070079328480315
0.0037873885702912487
0.0010815410841118218
0.0015073192484907562
0.0020571131896810414
0.00015211555640527483
0.0
0.00021306790506127186
0.0002686811840967423
0.0006729614670789825
0.00018303436504384424
0.0002867406916934256
0.0
0.0016630820026541661
0.0002464569455562632
0.00702492487737773
0.000818233223084026
0.0008040161317917729
0.0
0.003910745260726534
0.0
0.0015649453756848358
0.0005843316674613272
0.001347878025061166
0.0019112966051628385
0.001129603422019782
0.0001585434957390454
0.0019060895657663985
0.004070106563816853
0.00020410313502797033
0.0016654121817827857
0.00024917311727588984
0.0016964704710284919
0.001350691323246389
0.0016710805412898197
0.0011318595493855137
0.001453616682511528
0.002108112695617287
0.00021325210470796895
0.0
0.0012530906878205018
0.00034211193536318283
0.0005355594682500583
0.0025387864880097814
0.001969767500778444
0.0034544565311849444
0.0016475044493719517
0.00036016926795164
0.0026701079416116334
0.0011727919859797688
0.001307510601269712
0.00023072221408171572
0.0013205323673424838
0.000198359448163568
0.0014014910407471586
0.0002839168593962298
0.0014603019685270329
0.00016809728421515415
0.0001277136772491232
0.0003968636471169811
0.0023583824874043513
0.0008445379576028618
0.004067351653837628
0.00023708744876124293
0.0020631601008354646
0.0021896931401349713
0.0015730527433204396
0.00019032237657626622
0.0003715344015972292
0.0023213336035940065
0.00016659106693097552
0.00014465689329697605
0.0036701021414543614
0.0010999607995089737
0.0010427283188833643
0.0001818215988602807
0.00018809797865760488
0.000435196644698242
0.0
0.0020431919729388317
0.0024815245394433447
0.0016232537344329236
0.0009411239647931532
0.0016030200500137127
0.003914424629352939
0.003989542689877212
0.00019091142907117525
0.0
0.00018785527323947953
0.004456455552960578
0.0038707107560567943
0.000267210562547382
0.00023761717236453567
0.0
0.00015720924888343993
0.00017598338550249218
0.001256558890671313
0.00020729742381554644
0.0024056527893780567
0.00020037972413217812
0.0004304349988586912
0.004165438836232339
0.0001680200058148704
0.00199009706686203
0.002092202359363949
0.00685520524498143
0.0009832177865571623
0.0029161896570270886
0.0008641688165576039
0.0026581375153085555
0.0
0.0029974257787340696
0.0
0.0001754426212856977
0.0014695918206625311
0.0016017230846958907
0.0033101369104383636
0.0010242168675128932
0.000371651849541298
0.0006594857286096303
0.000580758514681284
0.005690932328388199
0.0012703634900451178
0.0020045451881550223
0.0002414151311512809
0.0010789598888961219
0.001937353946779485
0.002574344026410158
0.0034090163907461875
0.00019477143181088495
0.0006907640302169617
0.0
0.0010392118167672582
0.00040754419096565537
0.004235758516386861
0.00016184398252677872
0.00021707797511158892
0.0007114710039673941
0.0020442831443541133
0.00022861324085119642
0.00022354080734947386
0.0001744557527171449
0.0030293631712779157
0.0005818409790515559
0.00019196493007274504
0.004335538158479492
0.0001901544208077684
0.0022168762281478344
0.002037452012783199
0.0006709799504941687
0.0016032786417467756
0.00017023914613975772
0.0005871348650820252
0.0025119341868440294
0.0
0.0003738114759004285
0.0014048586825060958
0.002629073776009792
0.002788375048842714
0.0007446874868632311
0.0014824983661274299
