0.016490221595410495
0.0018927040468312867
0.0019580706644330534
0.0030944035595512347
0.00015697073920166395
0.006769465105902081
0.0054832828060403455
0.0018798952644909295
0.00010721363057044797
0.00010721363057044797
0.00010721363057044797
0.00010721363057044797
0.0066621273302407726
0.003988218533632214
0.0038623079900360208
0.003458408769131779
0.0057031914070272615
0.0022645395453154576
0.005033556889167747
0.002745853568629929
0.0014138368912089258
0.00010721363057044797
0.0023404967446476236
0.0020369731578553534
0.029151050289686047
0.005489684732479368
0.0015962820029373577
0.004475611283839686
0.018835468194587746
0.012225334989831353
0.0035621238800968066
0.011047028912045528
0.006505445222524174
0.006451683224194246
0.00010721363057044797
0.00010721363057044797
0.002915296812533354
0.003803848850012887
0.004798734196372467
0.002923855159278959
0.004023806433321778
0.0057204800605616495
0.002794012367411534
0.003617096684477254
0.00547000792484522
0.0016777694740271335
0.00010721363057044797
0.000648531456565468
0.006642215465492744
0.006764135334874493
0.0017509694180894945
0.00010721363057044797
0.004867250790300196
0.0008864011104066558
0.0032350175894452827
0.008017521965029988
0.0006582166037399144
0.00216597284939841
0.0006563399731360238
0.003713302160712867
0.004683225002184255
0.004431674484823958
0.0015823313024163823
0.0002867614958581269
0.0038230865500672785
0.0006592009343151213
0.005779769526291016
0.00010721363057044797
0.00365304342460988
0.002276725364156693
0.00010721363057044797
0.0038760060151291514
0.0032265553314831806
0.0014750183320730032
0.001984095330835964
0.009577756553006704
0.0023864676994168337
0.0006589079376528089
0.008439338285213637
0.006983642989351069
0.0015091225948196502
0.01930606109588331
0.014527111059496238
0.004821012298535202
0.0048578524146915825
0.013798497330111693
0.005313541453500358
0.00623283012232563
0.0059182162128282095
0.003485049507113654
0.003823031671272179
0.014534130183681195
0.0029152057608187224
0.0016695752008198499
0.01084589319623909
0.0002937588872033059
0.006893414665409236
0.006808739368676905
0.008356239588560733
0.006266393833868654
0.0006438195350980234
0.001490438014914773
0.005647361816991977
0.004706858010679749
0.01453100411441592
0.0009631340783453173
0.003646753751099604
0.005493195915652353
0.00024965829382604193
0.002985334921328233
0.0003016417787413944
0.00021845326208204621
0.001544303357950962
0.029531943274102728
0.01091372368927433
0.0038701340585429716
0.010960985451329406
0.00789818014518502
0.006550083326454895
0.0007440940363973861
0.0054897129633979585
0.008441571387736524
0.0002451198592750451
0.019297358752275725
0.00010721363057044797
0.0018515512736370203
0.0038575557091460933
0.0014461851758963238
0.002877933987431088
0.0023452026769066095
0.013919966992171509
0.006810686774309943
0.00010721363057044797
0.0038610768855790677
0.003210012084672998
0.0022524518868323206
0.005448924670976051
0.006631556040811348
0.005482337547545677
0.02915042182923161
0.0006438195350980234
0.005075379603451338
0.0009659772247555832
0.008414081916759677
0.001319156121057283
0.001125179825571462
0.0051566183446799035
0.02106219141585661
0.00010721363057044797
0.000657292967924274
0.0024427727780734734
0.00036241302978089234
0.00010721363057044797
0.004941323705502436
0.0022462695359614913
0.0020418805309392186
0.003283103250991145
0.00015525584710143292
0.00034677779197407176
0.00829925904459798
0.003242571541223892
0.008926223911648032
0.012213884187861993
0.029358284429367717
0.0016096113302353488
0.0032741927708224918
0.0016637374230467326
0.014528073200940725
0.001672949638786058
0.006631556040811348
0.0023991264163794866
0.0015170482110519596
0.002829991513543998
0.0034833055333654147
0.005078247109791331
0.00010721363057044797
0.008338440684887346
0.004172352541121325
0.0027743192787105433
0.0028356068101231904
0.005469220555665767
0.011699167201937657
0.00363492176748911
0.00388047627855906
0.01089913884767338
0.0036523970869721963
0.0016896782110775593
0.0005532668008437412
0.003139128632053434
0.00010721363057044797
0.005475249843931366
0.00010721363057044797
0.0017625314745001626
0.0024437173621736537
0.006888283715307958
0.0038058566815611025
0.002967628192325623
0.0034520794691374813
0.0024100147191607273
0.006534895076823782
0.0038778550365955815
0.0033418337971230804
0.0023109143848325975
0.0019006086997770582
0.006956711721153609
0.01878295906028867
0.00010721363057044797
0.00010721363057044797
0.0008425235802521896
0.005891883563770978
0.0038592930570088856
0.0024890012748835923
0.006232625072595522
0.0024594798151627243
0.003154765986292796
0.0012022063327624267
0.008136370665321904
0.0023065438237049713
0.004017739357482209
0.0038186402225762806
0.005652636113289703
0.013457777492587643
0.011696162461837816
0.002214564801400577
0.003563517756009139
0.004070553489685317
0.010852687612175801
0.00387173016269463
0.0022396823951030924
0.002411274468833382
0.0006759498517261058
0.014656757010635312
0.00010721363057044797
0.0010535511274507396
0.00803794829226718
0.002848977013990514
0.003538210283514123
0.006521718611677929
0.0083996071823517
0.003651298068385126
0.02977417199746371
0.001234670313721736
0.0022829384904890075
0.002554750943031748
0.001324738068525752
0.005844630009689541
0.0027732599605144216
0.003737896119305937
0.00010721363057044797
0.00037620841646083283
0.0015277241078744377
0.02943997165937284
0.0005233287243049356
0.007782621193242374
0.0164531770267009
0.000400748797790543
0.004554821332591749
0.00341403645852338
0.00387633248102761
0.00017595543977272647
0.0049382727308393175
0.005230042449307719
0.0006559020119359735
0.0010290109144956208
0.005175552826017254
0.00010721363057044797
0.001285261646129436
0.01680805257637783
0.0024797773835828745
0.003920096621630737
0.006798792894472182
0.014567577423482811
0.0016426338090790723
0.0009500842546289559
0.0023866264880199176
0.02955731202388341
0.00400318784368828
0.0036745426893684146
0.0040551187639115025
0.004834462997412181
0.004395743691962946
0.001158324519193525
0.01326613749759504
0.006929109629986008
0.0025956153829760427
0.004396645391620628
0.005157599747007544
0.003853854780543861
0.0009305237601124547
0.019875673351286288
0.0020729550365216165
0.0014208221411980157
0.0030986574161300704
0.009125640641070718
0.007660369758844744
0.006611370072596383
0.002239865459192334
0.0003534604837063223
0.003367298877466526
0.0018906076153449346
0.003549944435276538
0.0066447912122509665
0.0059499657453164
0.0030845257278412906
0.019781875571528832
0.010934159711431225
0.0021792024623220126
0.011001216111113194
0.003716157015929938
0.003727142089555461
0.003862315272219066
0.005523436460242293
0.0021635222128707264
0.003704455161820984
0.0023898718726461077
0.0013697300387492141
0.00010721363057044797
0.005055174243227391
0.02223982864237201
0.005512469866537177
0.007946345568383981
0.004502272080870016
0.01068583190512074
0.00010721363057044797
0.0070250161509635735
0.0038830524276565696
0.0017447866923294847
0.0037431696074454283
0.00010721363057044797
0.007968389746158744
0.02908547906457094
0.004662706576854101
0.0064309777741204804
0.006480239121569738
0.01342067314030943
0.0006445865142969479
0.00010721363057044797
0.004098001088316694
0.018542205108391583
0.014495252570946198
0.001091929711570575
0.02935898800967382
0.00010721363057044797
0.006475841323862725
0.004000075342309346
0.0037083803592820896
0.005417831429267817
0.006516500117349556
0.017971497950512467
0.004901551282126469
0.00010721363057044797
0.0011377319299442697
0.002239736163369862
0.0012319830266519604
0.005253935329211462
0.007668575485858282
0.005790588511164672
0.005642946622723547
0.0028848109655896727
0.006718804499540641
0.005996956084307575
0.0070250161509635735
0.002411098632386739
0.005120616680110463
0.0024784473169774256
0.0035846152720680154
0.0046952748331703055
0.003658393492035384
0.0032983939138762426
0.010061329278353726
0.003468438862349975
0.0032983939138762426
0.0011371215254799775
0.0058666412311090795
0.01793653138834345
0.002468406658784951
0.013803618673942067
0.015578156150708589
0.008914846932085132
0.005031952486914294
0.010885982920233517
0.001507621961817325
0.00010721363057044797
0.0045516737458714185
0.00010721363057044797
0.005073265850256097
0.004274406558725744
0.001947867780988901
0.0009880885310296459
0.002380500947807049
0.001955540589456436
0.02132588829447674
0.00192204501515342
0.010156764629208214
0.0031100043176278385
0.010921013173318525
0.006246069524379724
0.0044002903547585145
0.0006673294971910616
0.003542538405435735
0.005293567657521563
0.006696139308670118
0.013473744017186297
0.0036575923383445432
0.0015828714183729019
0.00010721363057044797
0.0021878259054823332
0.0008955045351406446
0.002605801552349461
0.00509568048737146
0.000688691427875159
0.0044427877381121835
0.006245951153760181
0.0021102875940150513
0.0006708877800476083
0.00010721363057044797
0.0015330692937259155
0.002710791078714986
0.006968366684899131
0.008348314468531142
0.00010721363057044797
0.0016697159772047453
0.002551698147795036
0.0028202903750894847
0.005876672104012711
0.021071026240752962
0.0037468319548531353
0.003710262093823706
0.0003892845855916806
0.005251390444506011
0.013785507435673012
0.00010721363057044797
0.0045536765053409475
0.0015348341763391738
0.005469822112471774
0.00010721363057044797
0.008106406664436787
0.008281584705993479
0.010002065744151517
0.001480654121933753
0.005793355520403679
0.00034042904324012275
0.008487363188472747
0.0038782045396691714
0.0014247807714588788
0.0013593624944055911
0.007047724066617716
0.01087223099361404
0.006699129529063097
0.017977639609476015
0.0012472192966525824
0.0026818935412079095
0.002024147429288843
0.0010614987066160698
0.00010721363057044797
0.01796405138039705
0.00010721363057044797
0.002833540268824944
0.007668517443594648
0.0028583834335305642
0.016509475006373227
0.00010721363057044797
0.005168894934695824
0.008060978528968402
0.0038435284639604995
0.0009101739343244895
0.0027931895007424854
0.00222714866241002
0.00392978193164439
0.0032378738115685537
0.0040963134682929225
0.0006863428577364837
0.0012324606516322634
0.005464948812515475
0.0013522582243790807
0.00431830550533329
0.028558673688248257
0.0023304140347723263
0.005867067896779456
0.015459163573502833
0.00010721363057044797
0.003706056865042523
0.011897953128803063
0.0029033510984567503
0.004932833489533886
0.004392946339468899
0.013487318744627748
0.00475324648408727
0.0018544089050155181
0.0022986492203484845
0.003059102458550333
0.004143241728134885
0.006628337294969748
0.0029734972162204416
0.005465580166189036
0.00010721363057044797
0.00010721363057044797
0.0015626853588761008
0.003074450339338949
0.0006613764548537094
0.006483302078543374
0.003173268863804795
0.0012487669681772453
0.0034699719631193296
0.0015410047256432084
0.00026277245033166447
0.022203315557124983
0.01801137780161653
0.005873276926976458
0.003502046831244493
0.013575971366575498
0.004933734395344078
0.00010721363057044797
0.00301717745203176
0.02973404652143559
0.001344170291003236
0.009359386860398217
0.0014028348397489888
0.001895137376079942
0.00033702688971245414
0.00010721363057044797
0.001440945635710379
0.011677684717924242
0.003431685746388509
0.017926666645615284
0.0020481154668837544
0.003747948293659068
0.0031839886600626096
0.0035939589130141044
0.002373646236496269
0.00010721363057044797
0.0032632650698487136
0.010932926972116614
0.006459214313275857
0.003738140001288874
0.0006671405484455758
0.0035959067252367993
0.005719472067245696
0.011634747945217442
0.0006713916814272657
0.029189412740122433
0.0035102697709131843
0.008458455915866954
0.01887933013640287
0.004006678418887623
0.006863263257317929
0.011875666271412991
0.0016934617269174764
0.003867615713584819
0.003866838025470505
0.003263761365386878
0.0019301734360039197
0.019852242352381727
0.0022889951296830476
0.0008466498459807598
0.003547098496686002
0.0033542827920212243
0.0023312382856213025
0.002799277839022918
0.00010721363057044797
0.011834632594278699
0.006059335704599211
0.0026952904445186813
0.0030159903988628625
0.007801131002512739
0.003673723863087353
0.021061475457302383
0.013919081130413008
0.004903879530174603
0.0013062123457062262
0.0001596087602232174
0.014557262435101683
0.004757624145039195
0.0067097876265188984
0.0022859712884591744
0.002266440405846109
0.00010721363057044797
0.0036596493976060497
0.0054502023439929395
0.0026967496862209113
0.005625135637656646
0.005287263711603506
0.003725342708358585
0.029191598779311823
0.0022688985663371704
0.0065339450803045445
0.0044518174693255605
0.0038675553645371465
0.0031612982699687313
0.009591964394036801
0.002872451857180894
0.0038610768855790677
0.003713984314548538
0.0060847650134643145
0.006844160773918577
0.004010546894929082
0.00010721363057044797
0.00010721363057044797
0.006519670879557943
0.004598149083274051
0.0022537063470675
0.006755983976936313
0.007501246972199644
0.0019324116851393975
0.006839902990366526
0.0039407687067776675
0.0018605758282803685
0.006156481124486579
0.0036831046830200025
0.004657859694295654
0.005989371348328931
0.008457030102966584
0.00010721363057044797
0.005047481922110909
0.0026960309397188035
0.002009183198633047
0.017626109034084386
0.0008586778718907684
0.00010721363057044797
0.00271918149360113
0.00039139315055028396
0.008034907675108083
0.005504724685521981
0.0024865348238047084
0.018139099472081817
0.00807747465656883
0.003506315775372724
0.003295379044037797
0.005869236571456652
0.0011950272463420238
0.005471731098913291
0.001601794364848386
0.002646339151304456
0.011822585503053568
0.00010721363057044797
0.0003517638658770726
0.0029692917659602633
0.006310180795866187
0.001983162682785791
0.001130983861190283
0.0022689267686812134
0.0052006716642159995
0.02974969145776965
0.004248382327165654
0.00010721363057044797
0.004441018652930937
0.0037505455542651976
0.00010721363057044797
0.012549430861118227
0.010948496753097217
0.02211628014255859
0.003626458327046146
0.002233981512177703
0.0038587841087093827
0.002478261618314702
0.002115963779053029
0.01655635602501796
0.00010721363057044797
0.005766590944033933
0.00937672234509837
0.009289589528429102
0.007007089830358097
0.011019792197987904
0.0038382054663881463
0.00021932340779727468
0.0037124575486080533
0.00931468665362867
0.001816957622149138
0.008049674715453497
0.001277679370163056
0.0013962894673530386
0.003931289002179682
0.004444227800579839
0.00010721363057044797
0.004573483248626858
0.00010721363057044797
0.0023777208781585782
0.00449247840208132
0.0068973400537216305
0.02175657003885678
0.001440793861608613
0.005820262543895573
0.0036441169467706035
0.00010721363057044797
0.0030088844452453977
0.005856052908841055
0.0037420640659009442
0.003539104401118169
0.005464738347234939
0.00010721363057044797
0.00769745054550123
0.003818642860131067
0.014651273494159836
0.00010721363057044797
0.015467033052881373
0.003866352724719349
0.0014688722916509345
0.022181895889730227
0.0006532840204281588
0.006488064446966902
0.0048710993306801155
0.00010721363057044797
0.0027806241033844826
0.0035824356156923605
0.0024782510974246477
0.0028880698648901366
0.000654864726561772
0.005641749838901037
0.006320811149462833
0.0019328813725740922
0.010898715862193431
0.00010721363057044797
0.00018628704640264175
0.013813027441269754
0.01192324036500722
0.0006485945546559069
0.00010721363057044797
0.003598196060713209
0.005480423076944391
0.002048050784503217
0.0024483041376546
0.0020370913627165755
0.0026496576544594985
0.0047244738714035195
0.00362121689977531
0.0020754365575096204
0.0010554940069114735
0.002338196543875262
0.00213037867813618
0.0037233821234378696
0.029266410719689426
0.0017500569027853244
0.0030433179638998686
0.0008981634911478714
0.0035846152720680154
0.0006604453486681373
0.0037111056914601414
0.00829335047549472
0.0037308137376733524
0.0003051480536645097
0.00010721363057044797
0.0036497456427016465
0.012553213604178319
0.0036051815357035625
0.0038471013639962567
0.0034249942329597667
0.0012410301391542298
0.009307072231117331
0.0006592041666808661
0.009566774164569273
0.00958592828481988
0.0027006481782375236
0.013235845078158599
0.005158783892020651
0.006462470016621096
0.008934211333304166
0.0059966847790720096
0.0038429116474915474
0.0016251488590601612
0.013813027441269754
0.013477573335931971
0.029141323740247655
0.00010721363057044797
0.0012467286159228061
0.012792149018813849
0.00577785607787535
0.002445400031702187
0.0021101470707273035
0.002816000885509783
0.003857309080783921
0.004119599035908296
0.0017135361048004009
0.00010721363057044797
0.0028126059061550773
0.003232999629999739
0.004096905365784011
0.003417085987591648
0.005475643533356494
0.0014256584645653703
0.01534514716947353
0.00010721363057044797
0.0015632337289179672
0.003360935527452672
0.0033355751554709073
0.0003670222917344453
0.005230042449307719
0.0003734240548551457
0.0015668354418130357
0.019323513692557217
0.007981918806957295
0.0047541275231708065
0.0015235566323366038
0.0028406758924156214
0.01787715523845416
0.0029616143290567606
0.003875965594500269
0.00827493863056837
0.003310993727726509
0.0009622251997284851
0.0027613346244149354
0.008735308285617189
0.004869290381279859
0.0024588552244972904
0.002265582695500923
0.0029114517388416847
0.00295034319792104
0.004659269453763765
0.003671373346446613
0.005462305402434968
0.009998396534275677
0.005463676023781874
0.00592726943400754
0.00106010729230787
0.001739520786811721
0.008422650136230309
0.0037371881034359926
0.004312469805397981
0.0021884623580593035
0.02935101698836071
0.0008939607606032575
0.007921048381814079
0.006265869077528285
0.0024067046727044013
0.0036995259857584366
0.0012450638580248704
0.009591964394036801
0.00010721363057044797
0.0038698816331967922
0.009033913592826964
0.005645997698487458
0.00018526183669898087
0.002642055231338579
0.007955696563913416
0.01793653138834345
0.000398898769022415
0.00010721363057044797
0.004097420125890383
0.003451907894323668
0.0020750126121694286
0.0023937385373090096
0.016813139094468695
0.006840962913530543
0.001127472447829666
0.020997583594226973
0.01978669881369302
0.002172302328314082
0.008908046210711291
0.0052478925780302275
0.013469183096572223
0.0015377196438755205
0.008400565955528056
0.007013163227891199
0.003748904405631208
0.0019530248007294177
0.0017312044124238226
0.002682585855146373
0.00683028966885401
0.0029023977212572966
0.018258121943597584
0.014510212673852671
0.0037446565157522368
0.0035220570974829773
0.0023318236178352277
0.011648511340562363
0.018545550093989394
0.0011097691072761832
0.004127132379704351
0.0037171871263271157
0.00010721363057044797
0.0012911806571471718
0.004519287197177433
0.002330905102854467
0.0023777627702616256
0.0028128395486972783
0.005187739544822962
0.0016352181862032647
0.013462393891467412
0.005366857942993388
0.0116829065286885
0.00010721363057044797
0.002611175581771666
0.0036249261061165063
0.0017839630672153931
0.0025380357698251495
0.00256593029047361
0.0002750025967039681
0.0008651529995346846
0.01799063600879436
0.002609227874931249
0.004725201860652614
0.004725711615516007
0.002332047129916528
0.006036618962436585
0.00010721363057044797
0.008228998213238985
0.0036527227309207156
0.0038413127968994474
0.008059102240608672
0.0026064171947054074
0.005111193398112045
0.0006840139491330596
0.00010721363057044797
0.003462844527366162
0.0035028721511569318
0.008670599416932793
0.004380325434091431
0.011663726164209555
0.002378036413853529
0.004951104237501687
0.00891715055455488
0.00555618396671933
0.011728332627124851
0.00018464336497300867
0.0020356827179732304
0.0015074456813940317
0.0040671239714358464
0.011785462619891371
0.002466334968236407
0.00010721363057044797
0.004681385059492001
0.008140847714973304
0.0010050772875647039
0.0036169220935942104
0.006259779214783515
0.002323243510000438
0.00022282235584132937
0.004591660850958038
0.00010721363057044797
0.008228998213238985
0.003612859497962555
0.005465137612518112
0.00010721363057044797
0.004103528575414753
0.0033843837603774636
0.0022310847038384918
0.002456498186136509
0.001695511948358067
0.0036410243476942077
0.014512837618287871
0.002100766972441836
0.005230184334886395
0.0006609289305005256
0.003303753846441295
0.00842032511664039
0.00022047927351332678
0.0023360181985815367
0.01454397236107148
0.006583564479813866
0.00010721363057044797
0.00010721363057044797
0.0009188792684224852
0.0007109644297372428
0.016550081932335738
0.003189692039466341
0.0051601732154946305
0.01274860427033922
0.00010721363057044797
0.0017543119767103156
0.0011200188256774032
0.00010721363057044797
0.004329871045872476
0.00318649839248775
0.0003555568215279827
0.029161265692374528
0.003516154534951126
0.0061181262402646855
0.0011637232873965486
0.0021986238964718753
0.008933658571575638
0.002398179523718468
0.007641129645261205
0.0015915113434642443
0.014518440303153348
0.0066532058573503155
0.003896870478064905
0.011746765853632839
0.005715512936614968
0.011712392428160585
0.002001375625217077
0.02106219141585661
0.003602996364385855
0.00400973336064691
0.0028002188196030037
0.0012824125552403575
0.005158802979686988
0.0020289692366264023
0.0023332846282682236
0.005218499479649867
0.003360935527452672
0.0014657229937147514
0.02931400112485062
0.00624906313922554
0.0021895764716802876
0.0008773407757917693
0.0014300726939607614
0.00010721363057044797
0.0031977650277089497
0.002940511508265711
0.0002475030473707297
0.006250266570049144
