0.012555376246453153
0.001162536967800584
0.0024844986984030593
0.004135378890712665
0.002062175248323852
0.001162536967800584
0.001162536967800584
0.0015661310909635185
0.010245617956406262
0.0015307505124965766
0.001162536967800584
0.012579628789478067
0.001162536967800584
0.005181900632685965
0.002268150646373938
0.003248992591311352
0.0018060075609423094
0.007885313201790842
0.002890999772193202
0.0023107099051358653
0.003917873781643358
0.008124931084706504
0.002627055964350682
0.0027770491096900463
0.002050307248451829
0.0011907653663374488
0.008784394078605925
0.005804676174745436
0.0009961748239145102
0.001162536967800584
0.001162536967800584
0.007576224166977366
0.007123257978079486
0.0019389337829979207
0.001162536967800584
0.002788504816200021
0.003611839999597502
0.001162536967800584
0.004164730169625486
0.010227589385734332
0.001162536967800584
0.0044528831112229175
0.007978998020656485
0.010225022749715065
0.001162536967800584
0.001162536967800584
0.008503359503039931
0.006168410446488616
0.001162536967800584
0.007108970492646556
0.003335729492507873
0.001162536967800584
0.0015897381133897243
0.01972461859523445
0.003517402403357467
0.001162536967800584
0.001894083439938873
0.0013665028578897698
0.01022630003944908
0.012966945174952333
0.0023107099051358653
0.002740040357502347
0.01295304125326829
0.006601062567635196
0.001162536967800584
0.0012418395517079146
0.004011991370342082
0.0036167025237983834
0.004285776087984228
0.007398387108910574
0.003767773027291207
0.0025919159856097507
0.01023112299184463
0.004000137981465028
0.010945649558063148
0.0022483100794717463
0.0043155699907243715
0.0029946398008876213
0.00010669075778479013
0.003612198866069577
0.001162536967800584
0.0009585402736035289
0.0025403683598801503
0.0035008128308871263
0.002836948413116562
0.004017563546179638
0.002203633581268194
0.005388761346243774
0.007177399692951511
0.0010026442319218583
0.004976959049473569
0.001162536967800584
0.0038694131375729885
0.0017656223106699246
0.0064075370790997645
0.001162536967800584
0.001788638339555356
0.007566080947622575
0.001162536967800584
0.021091434089980488
