0.003367812389489539
0.0011316857725196256
0.011859242617964911
0.0011460813069446298
0.0009884672089237156
0.0011424615239775122
0.00047841855667656946
0.0005361858038593063
0.003320580603745657
0.00026833151521533694
0.00027305116386647433
0.0025779697839449062
0.0003529806834363478
0.0
0.001546741120321046
0.0035103400323486097
0.002193614991814416
0.00015701540210737877
0.002126417484508496
0.0005474652484566886
0.0022946281875623367
0.0001891938027867947
0.000526108497654993
0.001380909997921781
0.00031831332466206776
0.0004938404365685946
0.0016032786417467756
0.000278524377071429
0.000621803450721171
0.0005380430084139216
0.00018692839197010654
0.0009060959146453782
0.001065235941800971
0.0010008049114982442
0.001985886972038422
0.0017989623694882565
0.00028597568555198817
0.00023729261707945755
0.015967495343814808
0.00595529419462267
0.0043465943143615356
0.00048765792117782565
0.001638034995950738
0.0006176227058655941
0.0019232846122581484
0.0002446424159012661
0.00034099416954724425
0.0011471889190703484
0.0012451029653661248
0.0
0.0002606670242750668
0.005734764850859076
0.00016455058898730003
0.001310077522253329
0.0004980747956950531
0.0024579261925209424
0.0033338796614652763
0.0004301691119410071
0.001567776556710643
0.00015054932406540327
0.0001642013678384208
0.0016914863119078703
0.003981357033671416
0.0007928614226916639
0.000566390666043365
0.00020336544213297607
0.0010177900702349485
0.002863720444784745
0.0014609066280282445
0.0011802682573070274
0.0008040161317917729
0.0002144941427100515
0.0001730386484312606
0.002550386702698145
0.0034197699698971127
0.0002637139631591728
0.002510690700679953
0.00031353715242231437
0.001578743896763138
0.00021106074151828967
0.002837085184406986
0.0009306282437744758
0.0021272516671649445
0.0
0.0002612572329820215
0.000325086854244161
0.000167608018956123
0.0007117031962449585
0.0013218121712005846
0.0024406057254337302
0.0003216220040285404
0.0001363560420225247
0.0012184206962138513
0.00015767220477513509
0.0001959237227927293
0.0011295850190626722
0.0
0.00036419766812236616
0.0016259515258347781
0.0001906645421695889
0.0009471840714957688
0.004111335082819439
0.00019445606315909045
0.0010716453105904483
0.001866176646266292
0.0
0.0009298868213963176
0.00043901504592234786
0.0
0.00035768708664240335
0.004062492548634694
0.0015411884035500905
0.0016970241461350321
0.0005546620455189334
0.0028244397587608157
0.0014167266168558033
0.0003351215034320603
0.00024011865114644657
0.0
0.001785832360349964
0.002671079061656478
0.0012516045431968004
0.0047106034196232275
0.0017447148010423076
0.0
0.0012139898287274861
0.00024949686095120967
0.0004574007860872314
0.001119904751107891
0.000743073640292387
0.0008217350088707471
0.00037871049780989306
0.0015587853027015984
0.0003026295067438839
0.0007522449209333815
0.001683641296069758
0.00044480177761452994
0.002095368239650878
0.00017144679437695962
0.0008889258377923344
0.0013700686026432347
0.0009715479722777697
0.0013024054359796564
0.0009426093655420996
0.0021925792008202836
0.0006964822425818913
0.0002766885879439034
0.0014254691062901396
0.0008309132828584723
0.00035901301394044866
0.00018081929117458036
0.002032089373398097
0.003597920606991758
0.0006029350347975914
0.0020057614036058974
0.0005578638308182747
0.0003805703462552541
0.002347491840145978
0.0012370847306326926
0.0006701063039797633
0.0009958258151529773
0.0018337257013131723
0.005813039953231928
0.004146676118666474
0.00017199997565218585
0.0006594326774281999
0.00018859239281232971
0.006121353640681967
0.0003016287149930611
0.00023194121257658648
0.0005172263764598075
0.002228632431429504
0.003256650239887917
0.0016576286871446794
0.0005479553976453365
0.001433833565880734
0.0004001743924236975
0.0012044107365523236
0.0017156169803991827
0.00045282364795289255
0.0016475044493719517
0.0001767094952759064
0.0019501546082078217
0.001475431926244109
0.001985839566300936
0.0007847974584392906
0.0010588864138546942
0.0031694756304965605
0.0032021058132300556
0.0011315181195002248
0.00040679495376769946
0.0026506172043854045
0.00213119957824179
0.0014417467903146063
0.0
0.00020326464055961952
0.0021252004943037427
0.00595529419462267
0.0015281298599701663
0.0017046149879962373
0.00017268296818209944
0.0002713457078132452
0.0010480257314775504
0.005382672009493167
0.000523780764154548
0.001662545932935067
0.00017832092753637153
0.0011603817064975775
0.0014081393115168439
0.0033356118594212087
0.0
0.00037871049780989306
0.0001765501973857664
0.0014099014206782508
0.0030216447786320503
0.003568221651007882
0.00044317847577500573
0.001416068674424911
0.0
0.0002804896553926155
0.0004025503975097794
0.0012437902932173415
0.002162392583397122
0.00022547444128387517
0.001042321416791449
0.003918737802046985
0.002293721671073538
0.0020218867335248234
0.00016037631719633275
0.0004798483520718277
0.00138932521964652
0.002449618983558596
0.0001682683014979151
0.003036897176740688
0.00038372216720820043
0.003430776295799341
0.00023770974780380855
0.00444935836264161
0.0004358563998352321
0.0005190715660582903
0.0013824711874823423
0.002618048808327141
0.0018261963505851444
0.0005542687754017825
0.0033356118594212087
0.0006113735918262038
0.00019505591209401937
0.0010231909293803808
0.0004486493501145481
0.003530146953381103
0.002992228496252096
0.0
0.0004603261575754216
0.0013117697140545665
0.00042457863125331535
0.0029837256072815254
0.00047857517134726994
0.0
0.0008243760873540585
0.0037185767745677952
0.0013054808796466462
0.0021655005008895667
0.0014825920260771277
0.0005339152003608292
0.00032334974310984136
0.0024766656838015005
0.0011687055631939085
0.0004445570995619833
0.0009553480968835125
0.0017603907840704788
0.0014783014281631042
0.00047930912898788377
0.0010568709278623634
0.0002888612586279721
0.0026945137140096985
0.00025341782763920167
0.00152601955297469
0.0
0.00020192866085221107
0.0005509303030997518
0.0003503211618982576
0.002587315907407281
0.00299903785393993
0.001892787360473504
0.0003369914736147662
0.00031831332466206776
0.00019806257969311734
0.003129269539864466
0.0022680974659387027
0.00016920573629560388
0.003980325487012544
0.00023744539730292664
0.0001729687035912379
0.00022861324085119642
0.00047234111318281857
0.000980588226718403
0.0006762901182630364
0.003635278721623209
0.0017486562533395305
0.00018492132442219413
0.00023227660907449758
0.002563733773466618
0.0001632699121103073
0.003128425755289415
0.0017019435115032857
0.0003269057006896949
0.00019632870280060123
0.0012087768549817056
0.0015444582991586257
0.0013843079396469397
0.0001797863643411621
0.0030779693408096646
0.0001618309679653506
0.0003235836353575353
0.0012333234947087812
0.0024766712091530904
0.0015706037250050621
0.0015401982984759532
0.002241329905952433
0.00025065618311849436
0.00026111010803155484
0.0002867533016590423
0.0007815943249420953
0.0014369813498639123
0.001967066795865372
0.002392116636274719
0.002985974374082872
0.0008776971879875956
0.005610728217438465
0.0013050007391062083
0.0025023293823177428
0.0017486562533395305
0.0021488343510659876
0.00017948315002371494
0.00102445749275687
0.000347014526712222
0.0009368653044694588
0.001497082029569452
0.0005461217858663127
0.00431674858219287
0.0006252848413336173
0.00019748088899039767
0.002343581622570709
0.0009053537815915048
0.0018321372571469055
0.0019153125695320521
0.0021272516671649445
0.0016423797609491175
0.0007027247614854194
0.0003312842268990021
0.0018165075994472425
0.00041512309018116645
0.0004214886905706892
0.0007902489626248058
0.0006765891072500068
0.0012438900061400968
0.0013441094941621947
0.0033060481514240567
0.0010576382115800303
0.0003049215519425755
0.0031521136830304107
0.0014405342123110685
0.00021319231013311286
0.00030703511555312305
0.0013850605333076904
0.0015485836149950246
0.0011009279319000968
0.0002904905488067975
0.002721585713634589
0.004033056539687319
0.00018872782601276234
0.0010750560212008696
0.001343583395968548
0.0018547297879240384
0.0009481748480521423
0.0011265640718007338
0.00915918961440316
0.0021885406677667222
0.0006127792729413826
0.0007234743575638571
0.0013733458828060865
0.00026697128219686284
0.002193256888340954
0.0007098397366151117
0.00019707247103349082
0.001996585987701914
0.00015624990525932102
0.0030420288925600467
0.0021432298179085243
0.0077305212789966936
0.0011565916686542713
0.0065239544798116715
0.001309781826493048
0.0013563442114697588
0.0006845660541111815
0.0015970431152703168
0.0
0.0012344140583976846
0.005555144292289213
0.0035885532105674836
0.0007928614226916639
0.004757605333177164
0.00015331804954388549
0.0006964822425818913
0.00017713802473391028
0.0009240724885841305
0.0
0.0006356191532694695
0.002377210333364809
0.00019900759855301172
0.0002534316361361799
0.000402412281987631
0.0009540209190145332
0.000214081084347863
0.0005877307260763113
0.0010556243241721436
0.007211266867003438
0.002425810956577967
0.0015411075996994475
0.0009223011861795167
0.0007903084356327261
0.0011251537212872227
0.00037964712892963514
0.00019964497957472745
0.00044383165026244936
0.00017877886360148475
0.0012864538781405274
0.0016663514430915328
0.0025709392701133657
0.002113981136138015
0.0036855412942120107
0.00034935229189689396
0.0003383339981609544
0.0
0.0012070012301357727
0.00015856320529720352
0.00035519374452351707
0.00019987126502102564
0.0002447219726418168
0.00020282012897792823
0.0003296970087638286
0.00237077605993865
0.0013483801057448373
0.0009057357069096146
0.00022221790092435544
0.001543046981456503
0.00026788568858500237
0.0003526507586387349
0.0011813127633434905
0.0011866910623350583
0.0005295955378058577
0.00033992708094556054
0.0014692530078351325
0.002222971716065472
0.0007980651831393589
0.0010423984419888701
0.002401763653930162
0.0010781653864940864
0.00028240994167815674
0.0020534949065957203
0.0003259251751523923
0.001501740475910241
0.00029737639908925667
0.002369300899182749
0.00016104166554947532
0.0017440602724219816
0.002766123968771127
0.0011272835841666569
0.0012382600116725476
0.00031225093378824305
0.0010214930678345065
0.0014929105093108232
0.00036741823904003126
0.0008830919104053902
0.0005339151158789422
0.002673470968665439
0.0060368129024766185
0.0007338054222486526
0.002015104010033572
0.0001447798428448553
0.0011741598031421534
0.0
0.01205803162771394
0.005729689979679095
0.0009202282399898287
0.0009426306420685269
0.006781619127359341
0.0006086168721457291
0.0
0.00031552187719830236
0.00019276576193751852
0.0016040309760992724
0.002102826107182204
0.001457702073415572
0.0009126083980593783
0.0008039200243016257
0.001563115120516302
0.00017857504296292187
0.003978768211640333
0.0007071580540699434
