0.0021167753506318985
0.005426511466179018
0.0031229718195302583
0.0013212694306800634
0.00024254721537998657
0.0031976795740756027
0.008592748332205937
0.004002864561645078
0.00288990367936986
0.0035718631305426247
0.0024744713501699727
0.0019144272867486077
0.0028141867956265098
0.004137057653178565
0.0011742740459502635
0.003054633389099705
0.003964478840422854
0.005420471900377774
0.01022759317957376
0.007398276430021828
0.00870938691553194
0.002969384607749362
0.010893720925435049
0.0023449925694740484
0.0123624682641202
0.0006504887610919225
0.003234113463675034
0.005566006779536973
0.0019639528558681044
0.0027338058791234027
0.00862729535375287
0.001380519061691164
0.0009243720372952849
0.003074793383907139
0.0016532701033898697
0.0075468912224500775
0.009069565538533822
0.0010533652545083962
0.003168491860837184
0.004159143373631801
0.0028939950617649425
0.0014488878668126397
0.001141221929306621
0.007574303728356676
0.0064608654248496915
0.003329243390089668
0.003959713068032542
0.004425450849159286
0.002736960444368902
0.005853769646014226
0.0024830188454603255
0.002029692909161483
0.002609337978679036
0.0031679676515161555
0.001997045039263716
0.004122688570195053
0.005351520679391003
0.004438121261132454
0.008148120807520299
0.002057473969381829
0.0042506744842950705
0.0018313503128015215
0.00549400922502786
0.003218358038441183
0.0012876037548644704
0.002266459481470507
0.013102642699654448
0.005426511466179018
0.0033736287890470257
0.008115098523252349
0.004666221043123959
0.0016060143821077788
0.004191607733013548
0.0031309996781023882
0.012742605843428748
0.014271486527582904
0.006584994486353933
0.01349099687621497
0.007614263250903278
0.004639422758959907
0.0020975498506197237
0.014261136172325741
0.002767326763347194
0.012357625400144031
0.0183362979571813
0.003290824059511209
0.007562809974293305
0.008758077723862185
0.0032398095761950406
0.00183813318497887
0.012552709157062521
0.004010896976296805
0.001242342477151703
0.0019722798808664193
0.004008802951418186
0.0020358046888026
0.003325683285300915
0.0065806251115802655
0.0007524526929306479
0.0020320527093523034
