0.002297854307758701
0.003036639192555573
0.0022652279324443104
0.0
0.0008486293934243871
0.0013303184390424585
0.00027472442447724226
0.0010543718636823443
0.0020160094989208036
0.0
0.0013356756946476026
0.0002537970532530364
0.006700081596196568
0.0
0.0013832385034539148
0.0008975594711889003
0.00041590593262438337
0.0009458454837812226
0.00028397325140671313
0.00041285087810370155
0.001330489728333875
0.0006991424888444752
0.004283562014674435
0.00070682042756789
0.003073233670579179
0.0035627648250604192
0.0007671178061580751
0.00016533688762184273
0.0016770813349211717
0.0008272511749523795
0.00023119477086705256
0.0005827737739325915
0.0
0.00020029149800092965
0.0
0.002087784219977259
0.005036880573975382
0.0
0.0029348508190119847
0.0002517618861244246
0.00028911578985719056
0.0002368531411642975
0.0
0.0
0.001830969963539147
0.0019432141025239546
0.00039787274637027853
0.002280406211463144
0.0
0.00016995511664182834
0.0
0.0002669329568305092
0.0012148801359275598
0.0015529078553223174
0.0018843032571123901
0.00028617589796153445
0.0008286234393904433
0.0008575161148908438
0.0004327760998137257
0.001263851000669556
0.0008687264137793558
0.002232529311585507
0.0
0.00223042820441181
0.004318193146444258
0.0027515668230967526
0.0
0.0003701409766277468
0.0013759859084249506
0.0005176349995534336
0.00047563208484863216
0.0
0.002326884303528865
0.001985616684837599
0.0007466154080426048
0.00016907883481664997
0.0019562759295249136
0.0002343988200930122
0.0
0.0
0.0016039492332368187
0.0011904285545188257
0.0015206928825246616
0.0021818516935745973
0.0009777868393633694
0.0002745075637874022
0.00041387080582582826
0.0036235440012457516
0.0009849249533783846
0.0
0.0009683602140077706
0.001046979249952116
0.002854854521866481
0.0
0.0003474765569982802
0.0002147072192995835
0.0015504628818471516
0.0022368198356267875
0.0020423189381530344
0.0030894273860843455
0.0016840058135280378
0.0
0.00016995511664182834
0.0
0.0
0.0003114024106342525
0.0025585625963275866
0.002023702150891729
0.000250688446158347
0.001837481125543661
0.0003013263580686577
0.0
0.0014427907583756303
0.0018660939435350768
0.0051310922657456
0.0013357149765079286
0.0010087801145790963
0.0
0.0019765402261417695
0.0037060871001757013
0.0
0.00028830932891081893
0.00029291789426960185
0.0025108871654513885
0.0
0.00723543370582767
0.00202614370790083
0.025287130070609093
0.0005344024252250253
0.00016817645265576958
0.0
0.0007092109837590095
0.0
0.0028082145357437305
0.0024255819420096287
0.0008370890366056012
0.00035094150341883224
0.00026585293673942416
0.0
0.0
0.0015206928825246616
0.0005295836074677006
0.001934600245933087
0.0038812432562468882
0.002588406678157728
0.0
0.0014230086247165536
0.0001924422005147446
0.005489139099161832
0.0022418908646646717
0.0035484618709369533
0.0
0.0
0.00033570034279450684
0.00030046341148748157
0.00026558104065129264
0.0017781731341361753
0.0031944081708755083
0.0016803483826940042
0.0007068660563371611
0.001240041082957372
0.0
0.0
0.0015904349885997712
0.00226321953838657
0.0008822899539647513
0.0013730644503626287
0.00020698498157468087
0.0012136046288176083
0.0
0.007925040448458749
0.00248546769168321
0.0
0.0005301211081050648
0.0014144220228906623
0.00025144409687237696
0.0
0.005134072375210016
0.0013604506434698673
0.001404567883271914
0.0
0.00019761964595004346
0.0
0.00041678574309381524
0.0002689957294160834
0.0
0.000730704156789382
0.0006900730744867595
0.0
0.0
0.005523045506627666
0.002348116171300797
0.0011547536636955119
0.0
0.002110216945706685
0.0
0.0
0.00023038235599383627
0.0023485035442968364
0.0021054470418692614
0.0022920325071992117
0.0
0.00021283178988403028
0.00020829127570040198
0.0
0.0002646806025478714
0.004203323397946598
0.0
0.0020305889871756588
0.0017791705744728073
0.0
0.0009920897926475626
0.00045453288067510083
0.0
0.0
0.0001976470018235476
0.0003611627804003713
0.0001917819832389403
0.00017214680988242878
0.002550278697104327
0.00020364459809912083
0.002968576943053923
0.003053440040219418
0.00018120204048094517
0.002053713860545704
0.00025465900264120964
0.00016487511057879336
0.00020597772483928504
0.0011344852178195167
0.002159197744629474
0.0006117463752093533
0.0019252282044034076
0.0029044671199629393
0.0
0.000175905575805753
0.003323454807952302
0.0
0.0
0.0009350931376209833
0.0
0.0014783506493427309
0.00024439769250291486
0.0033091066641927095
0.0016389427922045819
0.0
0.0007593573770299026
0.0
0.0
0.0008885559594184287
0.000175379889605945
0.0018875927485879134
0.0
0.0007547844888158185
0.0019579892772996514
0.00018211584537992137
0.0
0.0005024218908448574
0.0
0.00027531105851633824
0.0010220433123875566
0.0017648522376217657
0.0022344963633554272
0.0018349843400782544
0.0
0.0010196753332503495
0.002014514293104351
0.0003650102856485911
0.0022661412139811875
0.00022518837396665246
0.0012717689070435374
0.00062719631599286
0.0
0.001433211844583719
0.0
0.002915980241157133
0.003099541544492401
0.00036241674074727256
0.001174790647373097
0.0011620682792820474
0.0004111690623373183
0.0001468354107155042
0.0
0.0
0.00017019860376430552
0.0002464569455562632
0.0
0.008024881538403628
0.0031077859192258223
0.0003194211969145597
0.0
0.0015225172903026688
0.0008866855654901389
0.0009917063330664954
0.0
0.0030724707973998457
0.0
0.0033786712154498574
0.0030523637701738294
0.0030037607156151074
0.0
0.0008383431421536851
0.0004716006525491251
0.0
0.0028723255110491026
0.00018807958824842324
0.007094747763496476
0.0003506310260387008
0.0026167182408795373
0.0010447822582608692
0.0006551769385301813
0.0012355089761436127
0.005850505365084137
0.0024120897263828073
0.0
0.00023966718736379215
0.0
0.0038429037518389357
0.0024003656899324534
0.0004019535967636973
0.0011041339158857294
0.0015773856846559887
0.0001993173628698549
0.0
0.001009751502638276
0.00159348174946264
0.0007944670621158647
0.002382433861773494
0.0003922954034022008
0.0
0.003565247600252615
0.0022896287702764595
0.005016125678464841
0.0
0.0024806422603829057
0.0005269881233280407
0.0012345176857106604
0.002030024272676329
0.00040989823076753145
0.0
0.0
0.0007755797769217608
0.0001826533773512549
0.0023240677804190805
0.0007045754115652076
0.0004643805445042538
0.0027179674428357303
0.0016727718247429926
0.002854435679623969
0.0015917776954844083
0.09423835623496525
0.0
0.00306468249844591
0.004458715943591334
0.00219160911903601
0.0002793387339617255
0.0
0.0006445040859108585
0.0004202065528985764
0.0001892046875239774
0.0
0.002721390519591733
0.0010829751453820177
0.00038059145173906727
0.002255696099253828
0.0
0.0
0.0
0.00112635514947956
0.0014686300073892568
0.002257651120264651
0.0032557398883056596
0.0
0.00478839166137103
0.001476581734337165
0.00021957102893459273
0.0
0.001673601046494922
0.0009651017791646044
0.0
0.000499205166233606
0.0
0.00037765325187591984
0.0018654266317573941
0.007058422232612172
0.0
0.0036897481125522636
0.0021162317258244675
0.0005620929935506448
0.0
0.0004193071556030605
0.0
0.0
0.003945430061724145
0.0011344852178195167
0.002921484170665965
0.00029999541391900465
0.0003075771186047597
0.0004716006525491251
0.0010393634966777995
0.0002151369157764677
0.0
0.0015038489525381297
0.0040507840533045856
0.00103450650890477
0.0013022322598704493
0.0
0.0003490464866427177
0.0006237003531607198
0.001752594350198246
0.002398507383977132
0.0004856880547998719
0.00046841855758764187
0.003420150918845221
0.0035051871041856964
0.001148104052004213
0.0026253933276972276
0.0017884374934970609
0.0009463955054919814
0.00062413107142144
0.00017643872421543662
0.0001799508174073905
0.00040187292150188847
0.0
0.0003884158933602466
0.0013357149765079286
0.0007086273737680605
0.0016274583000745963
0.0002290045086227777
0.0
0.001170484403591803
0.00033561054787708855
0.0017931294838012017
0.0008066774127157494
0.0
0.0008786127013387815
0.00026558104065129264
0.0
0.0007765782842373602
0.0008369364634709393
0.0
0.0
0.00029108190992646057
0.0023940502538973845
0.0009634556030606638
0.00042346153934516074
0.0
0.00039315124684566826
0.0
0.008935951361821999
0.0001743955958997479
0.003491313779028986
0.003051905002082269
0.0
0.004948130238075791
0.001247810739308948
0.0006401744828702658
0.0013199659945799366
0.0009963585097105666
0.00478839166137103
0.0005423298415184492
0.0018660939435350768
0.00023919300598601267
0.0
0.0010283123535813866
0.0004925957098399813
0.0030228025521924547
0.0014856360234852114
0.0
0.0
0.0014369323677544128
0.00023919300598601267
0.0008227978837596127
0.0019754369987603055
0.000975332394215348
0.00019606288895072848
0.00018785322899030833
0.00041703585630700844
0.00028315961436747595
0.0001986051909845837
0.0
0.00458683167810988
0.0014504377376514815
0.003652382396276907
0.0012865094258080144
0.0014026528841476354
0.004444764229879133
0.005142896915619856
0.0
0.0005441076369406463
0.002900196864289908
0.00022754066573662705
0.10926202642970324
0.0001539989633896811
0.0003520805489312221
0.00033899986649954804
0.0019857541393251974
0.003649861718110506
0.0019791481091130216
0.004238990847107479
0.0
