0.0031686828976979524
0.0031471118146382355
0.010884446062496009
0.013793119352190835
0.006392439438682317
0.0009008405396149831
0.0032519862698120643
0.0015376487782419093
0.010230523893134827
0.001162536967800584
0.018382992442678457
0.008027503291620715
0.001162536967800584
0.00756921825817738
0.0029062188768074824
0.004878022639513661
0.003587848786284241
0.001162536967800584
0.009061014443070104
0.002802950689416265
0.0033368178882794233
0.001162536967800584
0.0019580899516258386
0.0032927266902413946
0.003612173191957828
0.006627555498417132
0.001162536967800584
0.018387378409031478
0.0018650389416501744
0.001162536967800584
0.0058726548380304815
0.0031476977238713176
0.0017043113349897259
0.008895309690849704
0.005130691947718978
0.007582525997004948
0.0014640355423395793
0.001162536967800584
0.001162536967800584
0.007684318785914112
0.0031750311602837603
0.001162536967800584
0.004213739470135766
0.001473749106240566
0.002869702114790863
0.0024844986984030593
0.009072168870737893
0.001162536967800584
0.0032349894062574857
0.001162536967800584
0.0010203612874755022
0.0023539566747109567
0.001162536967800584
0.015173673513981583
0.006235972079452159
0.004677234675879069
0.0042314081073574605
0.002791824578189891
0.0039588828019536965
0.001162536967800584
0.005109957453856636
0.004607552091726746
0.001162536967800584
0.010291639066610979
0.001162536967800584
0.001162536967800584
0.012576957901674193
0.001162536967800584
0.00022805907779338292
0.0027658005182269593
0.00228709277481708
0.0007699475136694127
0.001162536967800584
0.001162536967800584
0.01970622709819593
0.0012788985120459448
0.005128899817320625
0.001162536967800584
0.001162536967800584
0.003283434042817336
0.0026443748668533943
0.010857392410506917
0.001473749106240566
0.00503016092925015
0.0018696270417851882
0.004096937789198359
0.0033344319966248257
0.001846607072170888
0.004011625425779793
0.0035504735997324904
0.004122099437150473
0.0063758558991617465
0.003046623655164874
0.001162536967800584
0.0071584407785147755
0.004344190451595449
0.002645032496281592
0.0011868059000728181
0.001162536967800584
0.019704563298973445
0.006175627871946863
0.00662900508126151
0.004154917404908711
0.001162536967800584
0.005111034076569386
0.006973257633801837
0.001162536967800584
0.005480693122803542
0.0026694244157190027
0.005371326447283465
0.008476022462490289
0.003970557933511849
0.0006949647219668245
0.005117848759943225
0.001162536967800584
0.001162536967800584
0.005848915133530939
0.006654759262024214
0.010223576059707296
0.0037048555641387543
0.0012744772177666823
0.00551580166413488
0.012985556320494956
0.003603244003073638
0.006398085551399199
0.012573721252656897
0.001162536967800584
0.001162536967800584
0.004848274440941904
0.0014366638821252387
0.018495409278272652
0.0017148263943798166
0.001162536967800584
0.001162536967800584
0.0026733995630239303
0.007858358942665615
0.000920009342986175
0.005507161546581667
0.008503359503039931
0.001740391136395904
0.004008205961419759
0.0013411943550379903
0.006415901462025876
0.0011309713955018233
0.001162536967800584
0.00046588127560523023
0.001162536967800584
0.001162536967800584
0.004001061965381786
0.001162536967800584
0.002492207838173942
0.0031854150063678212
0.002762121397567215
0.008813755443078707
0.001162536967800584
0.004315652686293461
0.001162536967800584
0.0011420866779904189
0.005059154145989619
0.019697002140994645
0.0022807363786018593
0.004961278390941553
0.0025766192920798183
0.010230523893134827
0.0012892424923976983
0.006130575570313682
0.004028363032167907
0.003915839275486638
0.008772317822851539
0.00397593539403719
0.0030538007205790745
0.001162536967800584
0.006592397329625105
0.0020658514869521553
0.0026580367744480212
0.00380690514767953
0.01868425186572991
0.001162536967800584
0.005126481409431207
0.001162536967800584
0.00796718489255769
0.00359295368864732
0.001162536967800584
0.014663712304518536
0.002108572161915093
0.001162536967800584
0.01275495479619924
0.001162536967800584
0.001925486426300986
0.0027457057827593367
0.0019001874335745326
0.00421113388422247
0.006033937156729591
0.001162536967800584
0.0020608543953925156
0.00476508836083898
0.0063926408127449475
0.0015507443084331945
0.001162536967800584
0.001162536967800584
0.005419570231218489
0.0018261731563824278
0.008022954391068602
0.001162536967800584
0.00018786775599451843
0.001162536967800584
0.00035851442885237103
0.003047866530609697
0.0065946925782561045
0.0003610136637333275
0.004006528503172866
0.004439194198174222
0.002977253478322448
0.007596113218777384
0.001162536967800584
0.0061300072737587655
0.008678320352532092
0.002219391623152657
0.011992453497457613
0.0023846346577733185
0.001162536967800584
0.004739941545677933
0.012271940647275664
0.001162536967800584
0.001162536967800584
0.001074102947851221
0.0036188755275082017
0.0015704105227476541
0.005041599040405139
0.006597102398739789
0.003156876124038354
0.0009786697162610608
0.008775948940386651
0.0014427263109043835
0.00198638539052863
0.002783061166784442
0.0012464421011175206
0.004003601728406355
0.001162536967800584
0.001162536967800584
0.005863027959433206
0.002651426655930599
0.001673412558039601
0.001401974171539192
0.001162536967800584
0.001162536967800584
0.002280462865427219
0.001162536967800584
0.001162536967800584
0.0011549866383212125
0.00459898796262156
0.0010955134424795044
0.0058746710840045496
0.014326881344467007
0.001162536967800584
0.002636297798178834
0.013498475674861793
0.004001456881398019
0.006578600882455798
0.003120463874639009
0.001162536967800584
0.001162536967800584
0.001162536967800584
0.001162536967800584
0.0035095520150741446
0.006580359329182321
0.00818492197163104
0.001162536967800584
0.0010203805161628642
0.001162536967800584
0.0051309051731937855
0.005414955846406768
0.001162536967800584
0.001162536967800584
0.01841186874801875
0.014330108678934176
0.004182291141208584
0.004133984253408442
0.004930601625002606
0.001162536967800584
0.001162536967800584
0.01302470869966399
0.001970820234791833
0.0018696270417851882
0.007163896903083863
0.001162536967800584
0.004052074121313586
0.001162536967800584
0.0031289059665407203
0.002571290800659024
0.012758764585266747
0.0030129461141522283
0.006405891728385284
0.007325926012569872
0.005598124426121866
0.00383979754340378
0.0087846087644125
0.001704324735078456
0.0016805165263571442
0.0015298789644701191
0.002307952404831062
0.001162536967800584
0.003076177655922492
0.001162536967800584
0.013745479101611478
0.0010114011946100719
0.006758713729335319
0.008484775575294121
0.001162536967800584
0.010233288905196328
0.006620584083990041
0.001162536967800584
0.002920719487959659
0.001162536967800584
0.0075895911754794805
0.004148346643756542
0.001162536967800584
0.0023896002191784223
0.003531408907094655
0.004476659511286941
0.001162536967800584
0.0020246829315663066
0.007402668544073468
0.006589076839263371
0.007291358855197799
0.00422224073796967
0.001992014162117526
0.009308066989154914
0.004621328599504778
0.013721880153167073
0.013734203714799553
0.0053783409300202385
0.002118011626210051
0.0029783699684483495
0.0018246613058997905
0.007290859811754563
0.0025368941020507203
0.001460328926733977
0.004004620190259453
0.008109755888159893
0.001162536967800584
0.001162536967800584
0.007426658125867726
0.010233081965616325
0.001162536967800584
0.0017990144011891256
0.00274957456415519
0.0019297955408603274
0.0025965589296352157
0.004677234675879069
0.008215404166640222
0.001162536967800584
0.003970955391133812
0.005655027479848247
0.006391359923209135
0.001162536967800584
0.00414987207050353
0.005371326447283465
0.001389740244491065
0.0017446967194319936
0.008367247152571394
0.001162536967800584
0.001162536967800584
0.0011509009156479761
0.001162536967800584
0.0019961767145920215
0.006572407839075425
0.0013843447606647122
0.001162536967800584
0.0020640540318248987
0.001162536967800584
0.014282815348693103
0.012777760644501571
0.001162536967800584
0.0023501536861176117
0.004454866068119867
0.0005210129030304869
0.004358698753208352
0.001162536967800584
0.015178210465485915
0.001162536967800584
0.005507161546581667
0.001162536967800584
0.007333893532081299
0.002991484637109363
0.004495775763242693
0.0073126619748898085
0.0019156073011127757
0.001162536967800584
0.0017671135450512351
0.006646029413990005
0.005454605068260804
0.0038206607711053614
0.006620584083990041
0.0015642465815010644
0.0016738325680386852
0.001162536967800584
0.0024571289594511755
0.0026852813785159936
0.001162536967800584
0.005410174191876534
0.0009258060993639948
0.0025219147271749866
0.001162536967800584
0.001938262133346746
0.008158183628283655
0.0032855610369800572
0.006384513683817203
0.001162536967800584
0.001162536967800584
0.007408050704438571
0.0012925843955453537
0.004315897185171722
0.012546895952687662
0.015226547695769223
0.00754366436682234
0.0038357753395801613
0.007018010383352838
0.0031114268414357566
0.002733021803320344
0.008150416424984605
0.001162536967800584
0.0058580957396607665
0.006389332859605995
0.001162536967800584
0.006379720176786697
0.01278261715004204
0.001162536967800584
0.0026596187123602306
0.0043223057873180235
0.001162536967800584
0.018364458546013297
0.0007032420852491081
0.002297570078846625
0.001162536967800584
0.007122182279712246
0.012549401522179395
0.00816131843019901
0.003152748747337329
0.003615030592935854
0.0018869086753042978
0.0019230756833744117
0.0031733023655591474
0.001162536967800584
0.001435999752388945
0.001162536967800584
0.0010709000532599436
0.001943502741416111
0.001162536967800584
0.009083916966453654
0.0015642465815010644
0.002691489308617296
0.001162536967800584
0.004183117536939493
0.001162536967800584
0.009080909153765084
0.001162536967800584
0.004315897185171722
0.0056486888370171125
0.001740391136395904
0.0032630390579917227
0.00400095006751232
0.0035169257603155637
0.005820154581183129
0.001162536967800584
0.001162536967800584
0.002973703716803053
0.001162536967800584
0.001162536967800584
0.013744857706751759
0.006414625524255963
0.0036306455185495827
0.003266078084855799
0.001162536967800584
0.001162536967800584
0.0030363307250975543
0.001162536967800584
0.001162536967800584
0.001162536967800584
0.018364458546013297
0.005647110973409177
0.006138735794108528
0.003928566097286661
0.0025994218283734364
0.0014366638821252387
0.002600517008668726
0.0025919159856097507
0.001162536967800584
0.0010401222305240676
0.005655027479848247
0.001947951530192385
0.011938139437764596
0.001162536967800584
0.007119764803028644
0.001162536967800584
0.010233081965616325
0.001162536967800584
0.001162536967800584
0.00205271111488019
0.0019965975743070716
0.001162536967800584
0.004226824567149597
0.0008847029136114997
0.001162536967800584
0.002368813609049858
0.002285296038599896
0.002280375197482024
0.001511719983200556
0.004052898815282758
0.008043841805776494
0.0020092257290680897
0.0032638895007743793
0.0075410282067521536
0.004000137981465028
0.0029704311484680403
0.023591698902768302
0.001162536967800584
0.003985059573703391
0.0009460979317654921
0.003955617776507299
0.0019199537031552524
0.007537716586570396
0.00756597601683035
0.0012881583193884278
0.0031080167137693395
0.008484493680159234
0.006379795594886592
0.001162536967800584
0.001162536967800584
0.006595542483341299
0.007388014325562281
0.004307399226576751
0.005634107874578154
0.001162536967800584
0.0007982810833859046
0.001162536967800584
0.0062117947082977465
0.0032473364088437305
0.0051288633771382425
0.0021248210921679775
0.001162536967800584
0.002044358021378125
0.001162536967800584
0.006581650444251586
0.0036278797818974457
0.0013337540694145686
0.005481106840255244
0.006386208035187552
0.003200366338498376
0.01869949087974724
0.0009547531333445883
0.013733656718460288
0.008803987259121732
0.0032374273191219686
0.0021310679608387744
0.001162536967800584
0.0035763972146568962
0.00870865839929797
0.004448915101578683
0.0039039273330223833
0.001162536967800584
0.0001177001264318677
0.0021222619517484676
0.0011151565779422942
0.001162536967800584
0.001162536967800584
0.001162536967800584
0.0012362320320747613
0.0076043664923889755
0.001162536967800584
0.00551791393741268
0.004014356300076074
0.002923526864764018
0.0023107099051358653
0.0025984683275858908
0.002813273476386568
0.010744811667055161
0.001162536967800584
0.003633540176501338
0.001162536967800584
0.0029784781805546946
0.0040143197284646295
0.001162536967800584
0.001162536967800584
0.012998733639411241
0.001706287308088907
0.0010334242001312798
0.001738988417786275
0.001162536967800584
0.00186590835567145
0.0017562165346011404
0.001162536967800584
0.0035659611531852183
0.001162536967800584
0.001162536967800584
0.001162536967800584
0.001993422135390921
0.0013946029520945078
0.00663479083747356
0.001162536967800584
0.0025655979764603923
0.0022471939799418956
0.005504597250211921
0.002055251695194122
0.005008777361980961
0.001162536967800584
0.001162536967800584
0.004621411277469841
0.002782977149986045
0.005822082747865676
0.001104243889419171
0.008041345903680809
0.00400494844274191
0.0037712801785187216
0.0027875695214176037
0.0020658514869521553
0.0035673827482825696
0.004058308877761739
0.0007405741103716888
0.0057472808080594575
0.001162536967800584
0.001162536967800584
0.010268913860453553
0.001162536967800584
0.001162536967800584
0.001162536967800584
0.0033955754813190927
0.0031315440715452905
0.004012943445753747
0.004248044889735273
0.003803367029120341
0.0023427624889482837
0.002290971808464925
0.0036224870759348
0.005845706452965278
0.013744330996265292
0.001162536967800584
0.001162536967800584
0.001162536967800584
0.00503016092925015
0.004417306976144731
0.005634140664258845
0.0029297329213071495
0.001162536967800584
0.004029856773114334
0.005153782532314242
0.0071466459200751325
0.005426740667431681
0.00437755350079476
0.001162536967800584
0.0009160436515869274
0.0015075868018480704
0.001162536967800584
0.006582002192883929
0.0023063292208962065
0.0058555223122148704
0.003586166176488599
0.001162536967800584
0.002078794455990479
0.008420496558648785
0.0014412021528724475
0.002985738821246467
0.004627473586804199
0.001162536967800584
0.001162536967800584
0.0020646711840907423
0.00657110860550032
0.005593544832498524
0.005660429448818344
0.001162536967800584
0.013511782339916425
0.001162536967800584
0.001162536967800584
0.0015725226443950903
0.001162536967800584
0.001162536967800584
0.001162536967800584
0.001162536967800584
0.002650439959973622
0.0041155404342602285
0.004022778757908039
0.001162536967800584
0.001162536967800584
0.004137253377203999
0.010228534551057548
0.0019878436741063567
0.0006173502691263474
0.001162536967800584
0.015183295844346642
0.003113817584871925
0.0035960096757516034
0.001162536967800584
0.0012229513545068682
0.007074079061753892
0.0022395625779089864
0.01083640295334977
0.002538264693373723
0.001162536967800584
0.004001456881398019
0.0011470501715258273
0.001162536967800584
0.0018601096211757785
0.001162536967800584
0.001162536967800584
0.0029844559908747937
0.0013764011048002923
0.001162536967800584
0.001162536967800584
0.006398159486719311
0.0023144091362379856
0.0031671868873906278
0.003114816425789166
0.001162536967800584
0.005109957453856636
0.0042314081073574605
0.001511719983200556
0.0029987686830220653
0.0021960541850956318
0.007576224166977366
0.00878529567003455
0.001162536967800584
0.001162536967800584
0.001162536967800584
0.001162536967800584
0.004025604997449873
0.001162536967800584
0.001162536967800584
0.0046262555906813755
0.005404171376959477
0.001947077749930106
0.001162536967800584
0.0034629864466380195
0.005617858457936728
0.010227850186013132
0.01971306677586277
0.002554806041878876
0.004217063461187543
0.0018611457216403515
0.018404724381137553
0.0042491539152644305
0.004607552091726746
0.0034270446990245394
0.009050937173907979
0.00310205719190495
0.008025928146538217
0.001162536967800584
0.0024850611377832867
0.00042469328945819555
0.0031435784910784207
0.002985215020144204
0.0017226019081794774
0.004487034468706116
0.00220887903708562
0.0036028070188702972
0.0038780852268045715
0.0034271326484004903
0.0022169943349901527
0.002289070166826598
0.008420496558648785
0.001162536967800584
0.0020656625528683832
0.001162536967800584
0.005407635975616704
0.0006891806208751761
0.002636259005254687
0.007095407704057521
0.0018048455707963232
0.001940929205087647
0.001162536967800584
0.0014841189745637188
0.0014987312504425535
0.001162536967800584
0.001162536967800584
0.001162536967800584
0.001162536967800584
0.006578778707074228
0.001162536967800584
0.002044358021378125
0.001162536967800584
0.0051252998516648895
0.002088734287690643
0.001937440696143147
0.002139906977332634
0.0023764913582746245
0.001162536967800584
0.004851780584217428
0.010242314221063626
0.013508882782754772
0.002122283773790761
0.001162536967800584
0.0016693495233981014
0.001162536967800584
0.002300044149618261
0.001162536967800584
0.004238392863023577
0.001162536967800584
0.001162536967800584
0.007549202806899158
0.001162536967800584
0.00733582986049377
0.008163625420893847
0.001162536967800584
0.007722193808515944
0.001162536967800584
0.001162536967800584
0.002228501818252369
0.002817708990091258
0.013505993753705408
0.006137087127119295
0.0017463353224323748
0.008159130975593922
0.001162536967800584
0.001162536967800584
0.0035529552009372694
0.0027847515584306847
0.0015661310909635185
0.001162536967800584
0.0031197454819542184
0.001162536967800584
0.001162536967800584
0.0020330230202239416
0.006380882077006618
0.006584400292762735
0.003992785644306324
0.0034954460805383834
0.0054253102810495404
0.00421326006218316
0.003114816425789166
0.001162536967800584
0.0031051156929490496
0.012576957901674193
0.0011670533550268507
0.005133417390437812
0.008783542617023342
0.004315897185171722
0.003110392981009488
0.004636703655824593
0.0020417997367637385
0.0027665815376157546
0.012541051099730227
0.003996863540143571
0.0011575841350358108
0.003497819315895688
0.0018869086753042978
0.001162536967800584
0.006403746190850622
0.001162536967800584
0.014264266365333681
0.0039039273330223833
0.003350585599205283
0.002775109537904925
0.0034435267126738446
0.007312650627326403
0.001162536967800584
0.004163424918394167
0.0017726238013916335
0.007400987851865712
0.0006173502691263474
0.00733729202821822
0.00542202107214171
0.0029778026340194683
0.00877111980717232
0.0009597237136942701
0.004779362492337235
0.0017372499070376472
0.004220007091877261
0.003082442691006216
0.00401743777306833
0.002878499452720197
0.0029839200242233787
0.008025928146538217
0.0020547101665251482
0.003309830016811466
0.001162536967800584
0.004009059212989532
0.005431477596402968
0.0020749527851825476
0.001162536967800584
0.004687569703790341
0.0012962690862126781
0.003912506979659834
0.001162536967800584
0.0033196619585207894
0.001162536967800584
0.013793119352190835
0.0020926098037216366
0.0034545248560496496
0.001162536967800584
0.003120463874639009
0.003665895722438291
0.001162536967800584
0.010231144483791553
0.00926093246889409
0.003972709712133209
0.005848915133530939
0.007320290623289985
0.003653042230631857
0.007119764803028644
0.001162536967800584
0.010211916954044421
0.0028913017832433476
0.0014680331156259768
0.001162536967800584
0.001162536967800584
0.0014885716574362892
0.002882263578801476
0.001162536967800584
0.001760650442595691
0.001162536967800584
0.001842951228852318
0.001162536967800584
0.018369017505012374
0.0025483652428345935
0.0013749150254361699
0.004643304607439331
0.0050378146391852115
0.005667743686994684
0.0018858757974065457
0.002718797040602749
0.001162536967800584
0.014567834735699647
0.0024746575196729964
0.004007615306887116
0.00296904610982244
0.008803263007994914
0.003003502057105575
0.0034629864466380195
0.001162536967800584
0.0011936244421896151
0.010318753380243939
0.004464649153361195
0.001162536967800584
0.0010827419132825528
0.00016714107916777882
0.0024861004629608517
0.005048993941853308
0.004028990776775236
0.0026719226294606435
0.0030840140905773372
0.006175627871946863
0.0035601488204753074
0.009272081496331342
0.005504435975353236
0.008140964136973017
0.005608588365545418
0.0038255412812040978
0.006388815518827358
0.008112506363647548
0.0020430696006896814
0.002890495286456717
0.006395442604487567
0.010226214543159359
0.0028888919530811476
0.005667743686994684
0.001945977086276595
0.001883136905707457
0.001162536967800584
0.005388420857785672
0.001878122179882397
0.012966087817439697
0.001162536967800584
0.003072217616179205
0.0028947057144345627
0.01970948461781114
0.001162536967800584
0.0027212359095082116
0.0035601488204753074
0.002576250370856071
0.001162536967800584
0.002210439619018115
0.012271940647275664
0.0063875395481845666
0.012405419478536791
0.0017671135450512351
0.001162536967800584
0.0030467404306691857
0.0019109095031686375
0.004568023357884876
0.004646466420195455
0.003040021151439149
0.0019386337205705329
0.013716447501365341
0.001162536967800584
0.004381807359899369
0.0030799335254182653
0.002402709777270824
0.007528322068548229
0.004568023357884876
0.0037744640329899284
0.003906653539476116
0.006039306756752693
0.001162536967800584
0.003138447185458467
0.0019109095031686375
0.003457364622104688
0.014906081281157649
0.004854868498461548
0.001635630591752263
0.001162536967800584
0.004235506431077195
